INLINE-  2147483647 2147483647    515739.56200   6251331.50000      9440.51288 Case1_F015_NNW 1
INLINE-  2147483647 2147483647    515671.56200   6251279.50000      9740.17048 Case1_F015_NNW 1
INLINE-  2147483647 2147483647    515776.71900   6251312.50000      9443.66389 Case1_F015_NNW 2
INLINE-  2147483647 2147483647    515726.71900   6251274.50000      9678.63636 Case1_F015_NNW 2
INLINE-  2147483647 2147483647    515807.90600   6251305.00000      9446.35289 Case1_F015_NNW 3
INLINE-  2147483647 2147483647    515775.62500   6251280.50000      9645.64929 Case1_F015_NNW 3
INLINE-  2147483647 2147483647    515874.06200   6251292.50000      9449.31890 Case1_F015_NNW 4
INLINE-  2147483647 2147483647    515855.84400   6251279.00000      9581.99716 Case1_F015_NNW 4
INLINE-  2147483647 2147483647    515837.28100   6251264.50000      9714.47643 Case1_F015_NNW 4
INLINE-  2147483647 2147483647    515933.34400   6251291.00000      9451.58890 Case1_F015_NNW 5
INLINE-  2147483647 2147483647    515914.56200   6251276.50000      9634.75527 Case1_F015_NNW 5
INLINE-  2147483647 2147483647    515891.84400   6251259.00000      9816.06063 Case1_F015_NNW 5
INLINE-  2147483647 2147483647    515976.43800   6251276.50000      9452.13990 Case1_F015_NNW 6
INLINE-  2147483647 2147483647    515953.18800   6251259.00000      9726.04345 Case1_F015_NNW 6
INLINE-  2147483647 2147483647    515915.93800   6251230.50000     10015.91803 Case1_F015_NNW 6
INLINE-  2147483647 2147483647    516045.87500   6251251.00000      9476.85895 Case1_F015_NNW 7
INLINE-  2147483647 2147483647    516026.37500   6251236.00000      9694.19439 Case1_F015_NNW 7
INLINE-  2147483647 2147483647    515999.28100   6251215.50000      9908.02782 Case1_F015_NNW 7
INLINE-  2147483647 2147483647    515962.00000   6251187.00000     10115.25723 Case1_F015_NNW 7
INLINE-  2147483647 2147483647    516113.50000   6251224.00000      9510.13702 Case1_F015_NNW 8
INLINE-  2147483647 2147483647    516084.62500   6251202.00000      9799.22660 Case1_F015_NNW 8
INLINE-  2147483647 2147483647    516044.46900   6251171.50000     10060.19812 Case1_F015_NNW 8
INLINE-  2147483647 2147483647    516013.28100   6251147.50000     10190.23038 Case1_F015_NNW 8
INLINE-  2147483647 2147483647    516175.25000   6251192.50000      9563.82613 Case1_F015_NNW 9
INLINE-  2147483647 2147483647    516153.84400   6251176.50000      9785.20857 Case1_F015_NNW 9
INLINE-  2147483647 2147483647    516117.59400   6251148.50000      9998.27600 Case1_F015_NNW 9
INLINE-  2147483647 2147483647    516070.40600   6251112.50000     10202.55941 Case1_F015_NNW 9
INLINE-  2147483647 2147483647    516240.06200   6251163.50000      9611.84322 Case1_F015_NNW 10
INLINE-  2147483647 2147483647    516215.90600   6251145.00000      9841.91568 Case1_F015_NNW 10
INLINE-  2147483647 2147483647    516163.40600   6251105.00000     10083.86017 Case1_F015_NNW 10
INLINE-  2147483647 2147483647    516127.31200   6251077.50000     10228.98146 Case1_F015_NNW 10
INLINE-  2147483647 2147483647    516305.31200   6251150.50000      9638.56428 Case1_F015_NNW 11
INLINE-  2147483647 2147483647    516282.56200   6251133.00000      9885.34377 Case1_F015_NNW 11
INLINE-  2147483647 2147483647    516239.96900   6251100.50000     10108.59422 Case1_F015_NNW 11
INLINE-  2147483647 2147483647    516175.34400   6251051.00000     10414.30183 Case1_F015_NNW 11
INLINE-  2147483647 2147483647    516339.71900   6251098.50000      9599.67520 Case1_F015_NNW 12
INLINE-  2147483647 2147483647    516316.40600   6251080.50000      9888.59378 Case1_F015_NNW 12
INLINE-  2147483647 2147483647    516281.00000   6251053.50000     10160.73532 Case1_F015_NNW 12
INLINE-  2147483647 2147483647    516215.28100   6251003.00000     10434.88387 Case1_F015_NNW 12
