INLINE-  2147483647 2147483647    516994.62500   6244407.50000     10405.42081 Case1_F096_NS 1
INLINE-  2147483647 2147483647    516950.96900   6244374.00000     10957.52192 Case1_F096_NS 1
INLINE-  2147483647 2147483647    516793.46900   6244253.50000     12283.22457 Case1_F096_NS 1
INLINE-  2147483647 2147483647    516956.06200   6244504.00000     10168.81934 Case1_F096_NS 2
INLINE-  2147483647 2147483647    516859.31200   6244430.00000     11222.82245 Case1_F096_NS 2
INLINE-  2147483647 2147483647    516740.43800   6244339.00000     12268.02454 Case1_F096_NS 2
INLINE-  2147483647 2147483647    516914.28100   6244613.50000      9958.92992 Case1_F096_NS 3
INLINE-  2147483647 2147483647    516822.03100   6244543.00000     10957.52192 Case1_F096_NS 3
INLINE-  2147483647 2147483647    516678.40600   6244433.00000     12275.02455 Case1_F096_NS 3
INLINE-  2147483647 2147483647    516869.93800   6244737.00000      9912.39982 Case1_F096_NS 4
INLINE-  2147483647 2147483647    516743.15600   6244640.00000     11140.82228 Case1_F096_NS 4
INLINE-  2147483647 2147483647    516605.90600   6244535.00000     12364.72473 Case1_F096_NS 4
INLINE-  2147483647 2147483647    516834.15600   6244867.00000      9913.34983 Case1_F096_NS 5
INLINE-  2147483647 2147483647    516716.46900   6244777.00000     10935.52187 Case1_F096_NS 5
INLINE-  2147483647 2147483647    516537.53100   6244640.00000     12466.02493 Case1_F096_NS 5
INLINE-  2147483647 2147483647    516831.28100   6245006.50000      9900.87880 Case1_F096_NS 6
INLINE-  2147483647 2147483647    516686.34400   6244895.50000     10996.42199 Case1_F096_NS 6
INLINE-  2147483647 2147483647    516504.56200   6244756.50000     12489.62498 Case1_F096_NS 6
INLINE-  2147483647 2147483647    516823.81200   6245142.50000      9962.09992 Case1_F096_NS 7
INLINE-  2147483647 2147483647    516652.59400   6245011.50000     11091.52218 Case1_F096_NS 7
INLINE-  2147483647 2147483647    516452.06200   6244858.00000     12464.32493 Case1_F096_NS 7
INLINE-  2147483647 2147483647    516820.65600   6245281.50000      9982.45996 Case1_F096_NS 8
INLINE-  2147483647 2147483647    516650.06200   6245151.00000     10988.82098 Case1_F096_NS 8
INLINE-  2147483647 2147483647    516394.62500   6244955.50000     12413.42483 Case1_F096_NS 8
INLINE-  2147483647 2147483647    516819.31200   6245438.00000      9826.12965 Case1_F096_NS 9
INLINE-  2147483647 2147483647    516592.65600   6245264.50000     11077.72216 Case1_F096_NS 9
INLINE-  2147483647 2147483647    516353.59400   6245081.50000     12405.72481 Case1_F096_NS 9
INLINE-  2147483647 2147483647    516775.18800   6245561.50000      9901.71880 Case1_F096_NS 10
INLINE-  2147483647 2147483647    516563.53100   6245399.50000     11002.12200 Case1_F096_NS 10
INLINE-  2147483647 2147483647    516280.56200   6245183.00000     12375.82475 Case1_F096_NS 10
INLINE-  2147483647 2147483647    516760.43800   6245707.50000      9671.34934 Case1_F096_NS 11
INLINE-  2147483647 2147483647    516491.75000   6245502.00000     11048.52210 Case1_F096_NS 11
INLINE-  2147483647 2147483647    516231.78100   6245303.00000     12409.92482 Case1_F096_NS 11
INLINE-  2147483647 2147483647    516694.50000   6245814.50000      9508.63902 Case1_F096_NS 12
INLINE-  2147483647 2147483647    516559.09400   6245711.00000     10384.42077 Case1_F096_NS 12
INLINE-  2147483647 2147483647    516424.56200   6245608.00000     11095.62219 Case1_F096_NS 12
INLINE-  2147483647 2147483647    516177.50000   6245419.00000     12425.72485 Case1_F096_NS 12
INLINE-  2147483647 2147483647    516606.96900   6245905.00000      9492.99899 Case1_F096_NS 13
INLINE-  2147483647 2147483647    516482.96900   6245810.00000     10384.42077 Case1_F096_NS 13
INLINE-  2147483647 2147483647    516315.78100   6245682.00000     11335.52267 Case1_F096_NS 13
INLINE-  2147483647 2147483647    516116.96900   6245530.00000     12452.92491 Case1_F096_NS 13
INLINE-  2147483647 2147483647    516538.34400   6245994.00000      9492.99899 Case1_F096_NS 14
INLINE-  2147483647 2147483647    516414.78100   6245899.50000     10384.42077 Case1_F096_NS 14
INLINE-  2147483647 2147483647    516222.68800   6245752.50000     11362.72273 Case1_F096_NS 14
INLINE-  2147483647 2147483647    516160.15600   6245704.50000     11781.82356 Case1_F096_NS 14
INLINE-  2147483647 2147483647    516481.84400   6246092.50000      9332.79867 Case1_F096_NS 15
INLINE-  2147483647 2147483647    516398.96900   6246029.00000      9990.59998 Case1_F096_NS 15
INLINE-  2147483647 2147483647    516334.21900   6245979.50000     10399.72080 Case1_F096_NS 15
INLINE-  2147483647 2147483647    516191.90600   6245870.50000     11162.92233 Case1_F096_NS 15
INLINE-  2147483647 2147483647    516380.62500   6246156.50000      9336.16867 Case1_F096_NS 16
INLINE-  2147483647 2147483647    516328.18800   6246116.50000      9760.92952 Case1_F096_NS 16
INLINE-  2147483647 2147483647    516268.81200   6246071.00000     10181.62036 Case1_F096_NS 16
INLINE-  2147483647 2147483647    516099.56200   6245941.50000     10871.62174 Case1_F096_NS 16
INLINE-  2147483647 2147483647    516285.37500   6246225.50000      9323.47865 Case1_F096_NS 17
INLINE-  2147483647 2147483647    516242.34400   6246192.50000      9696.46939 Case1_F096_NS 17
INLINE-  2147483647 2147483647    516137.31200   6246112.00000     10120.62024 Case1_F096_NS 17
INLINE-  2147483647 2147483647    516034.59400   6246033.50000     10534.82107 Case1_F096_NS 17
INLINE-  2147483647 2147483647    516251.59400   6246294.00000      9204.89841 Case1_F096_NS 18
INLINE-  2147483647 2147483647    516149.03100   6246215.50000      9753.24951 Case1_F096_NS 18
INLINE-  2147483647 2147483647    516087.71900   6246168.50000     10008.02002 Case1_F096_NS 18
INLINE-  2147483647 2147483647    515997.59400   6246099.50000     10223.02045 Case1_F096_NS 18
INLINE-  2147483647 2147483647    516173.59400   6246313.00000      9183.74837 Case1_F096_NS 19
INLINE-  2147483647 2147483647    516140.53100   6246287.50000      9529.45906 Case1_F096_NS 19
INLINE-  2147483647 2147483647    516077.00000   6246239.00000      9884.72977 Case1_F096_NS 19
INLINE-  2147483647 2147483647    515960.53100   6246150.00000     10193.12039 Case1_F096_NS 19
INLINE-  2147483647 2147483647    516135.09400   6246362.00000      9085.37817 Case1_F096_NS 20
INLINE-  2147483647 2147483647    516109.59400   6246342.50000      9533.67907 Case1_F096_NS 20
INLINE-  2147483647 2147483647    516034.84400   6246285.50000      9886.94977 Case1_F096_NS 20
INLINE-  2147483647 2147483647    515922.46900   6246199.50000     10197.32039 Case1_F096_NS 20
INLINE-  2147483647 2147483647    516103.25000   6246416.50000      9132.77827 Case1_F096_NS 21
INLINE-  2147483647 2147483647    516064.25000   6246386.50000      9501.64900 Case1_F096_NS 21
INLINE-  2147483647 2147483647    515998.78100   6246336.50000      9872.22974 Case1_F096_NS 21
INLINE-  2147483647 2147483647    515884.00000   6246248.50000     10208.02042 Case1_F096_NS 21
INLINE-  2147483647 2147483647    516084.21900   6246480.50000      9088.43818 Case1_F096_NS 22
INLINE-  2147483647 2147483647    516050.93800   6246455.00000      9421.93884 Case1_F096_NS 22
INLINE-  2147483647 2147483647    515997.15600   6246414.00000      9753.24951 Case1_F096_NS 22
INLINE-  2147483647 2147483647    515914.18800   6246350.50000     10007.92002 Case1_F096_NS 22
INLINE-  2147483647 2147483647    515845.68800   6246298.00000     10223.02045 Case1_F096_NS 22
INLINE-  2147483647 2147483647    516067.96900   6246562.50000      9056.33811 Case1_F096_NS 23
INLINE-  2147483647 2147483647    516031.46900   6246534.50000      9375.43875 Case1_F096_NS 23
INLINE-  2147483647 2147483647    515982.28100   6246497.00000      9686.28937 Case1_F096_NS 23
INLINE-  2147483647 2147483647    515889.53100   6246426.00000      9952.42990 Case1_F096_NS 23
INLINE-  2147483647 2147483647    515800.06200   6246357.50000     10224.72045 Case1_F096_NS 23
INLINE-  2147483647 2147483647    516045.50000   6246624.00000      9023.63805 Case1_F096_NS 24
INLINE-  2147483647 2147483647    515957.90600   6246557.00000      9689.68938 Case1_F096_NS 24
INLINE-  2147483647 2147483647    515830.56200   6246459.50000     10007.92002 Case1_F096_NS 24
INLINE-  2147483647 2147483647    515762.12500   6246407.00000     10223.02045 Case1_F096_NS 24
INLINE-  2147483647 2147483647    515933.25000   6246695.50000      8926.84785 Case1_F096_NS 25
INLINE-  2147483647 2147483647    515910.28100   6246678.00000      9353.72871 Case1_F096_NS 25
INLINE-  2147483647 2147483647    515872.34400   6246649.00000      9679.66936 Case1_F096_NS 25
INLINE-  2147483647 2147483647    515754.68800   6246559.00000     10007.92002 Case1_F096_NS 25
INLINE-  2147483647 2147483647    515686.18800   6246506.50000     10223.02045 Case1_F096_NS 25
INLINE-  2147483647 2147483647    515823.03100   6246768.50000      8918.26784 Case1_F096_NS 26
INLINE-  2147483647 2147483647    515804.75000   6246754.50000      9343.94869 Case1_F096_NS 26
INLINE-  2147483647 2147483647    515772.09400   6246729.50000      9629.09926 Case1_F096_NS 26
INLINE-  2147483647 2147483647    515678.65600   6246658.00000     10007.92002 Case1_F096_NS 26
INLINE-  2147483647 2147483647    515610.18800   6246605.50000     10223.02045 Case1_F096_NS 26
INLINE-  2147483647 2147483647    515784.96900   6246818.00000      8918.26784 Case1_F096_NS 27
INLINE-  2147483647 2147483647    515750.93800   6246792.00000      9348.56870 Case1_F096_NS 27
INLINE-  2147483647 2147483647    515721.56200   6246769.50000      9619.77924 Case1_F096_NS 27
INLINE-  2147483647 2147483647    515572.37500   6246655.50000     10223.02045 Case1_F096_NS 27
