INLINE-  2147483647 2147483647    515874.37500   6246005.00000      9722.97245 Case1_F094_NS 1
INLINE-  2147483647 2147483647    515848.15600   6245985.00000     10204.10741 Case1_F094_NS 1
INLINE-  2147483647 2147483647    515815.78100   6245960.50000     10660.84532 Case1_F094_NS 1
INLINE-  2147483647 2147483647    515783.09400   6245935.50000     11117.49223 Case1_F094_NS 1
INLINE-  2147483647 2147483647    515748.65600   6245909.00000     11611.42322 Case1_F094_NS 1
INLINE-  2147483647 2147483647    515840.68800   6246058.00000      9745.48049 Case1_F094_NS 2
INLINE-  2147483647 2147483647    515809.03100   6246034.00000     10197.04639 Case1_F094_NS 2
INLINE-  2147483647 2147483647    515776.78100   6246009.00000     10648.44930 Case1_F094_NS 2
INLINE-  2147483647 2147483647    515742.78100   6245983.00000     11099.31320 Case1_F094_NS 2
INLINE-  2147483647 2147483647    515709.00000   6245957.50000     11625.16625 Case1_F094_NS 2
INLINE-  2147483647 2147483647    515796.56200   6246103.00000      9781.24656 Case1_F094_NS 3
INLINE-  2147483647 2147483647    515766.84400   6246080.50000     10214.23143 Case1_F094_NS 3
INLINE-  2147483647 2147483647    515735.78100   6246056.50000     10646.79529 Case1_F094_NS 3
INLINE-  2147483647 2147483647    515700.18800   6246029.50000     11077.92916 Case1_F094_NS 3
INLINE-  2147483647 2147483647    515666.96900   6246004.00000     11569.61514 Case1_F094_NS 3
INLINE-  2147483647 2147483647    515752.46900   6246148.00000      9816.98763 Case1_F094_NS 4
INLINE-  2147483647 2147483647    515724.75000   6246127.00000     10231.41646 Case1_F094_NS 4
INLINE-  2147483647 2147483647    515694.62500   6246103.50000     10645.12329 Case1_F094_NS 4
INLINE-  2147483647 2147483647    515657.62500   6246075.50000     11056.57711 Case1_F094_NS 4
INLINE-  2147483647 2147483647    515623.28100   6246049.00000     11475.78895 Case1_F094_NS 4
INLINE-  2147483647 2147483647    515701.37500   6246203.50000      9849.03270 Case1_F094_NS 5
INLINE-  2147483647 2147483647    515684.43800   6246190.50000     10103.90921 Case1_F094_NS 5
INLINE-  2147483647 2147483647    515656.81200   6246169.00000     10522.56605 Case1_F094_NS 5
INLINE-  2147483647 2147483647    515607.62500   6246131.50000     11040.88708 Case1_F094_NS 5
INLINE-  2147483647 2147483647    515574.34400   6246106.00000     11432.88887 Case1_F094_NS 5
INLINE-  2147483647 2147483647    515661.28100   6246251.50000      9861.44772 Case1_F094_NS 6
INLINE-  2147483647 2147483647    515636.03100   6246232.00000     10252.89751 Case1_F094_NS 6
INLINE-  2147483647 2147483647    515607.00000   6246210.00000     10643.15029 Case1_F094_NS 6
INLINE-  2147483647 2147483647    515568.25000   6246180.00000     11030.11406 Case1_F094_NS 6
INLINE-  2147483647 2147483647    515534.56200   6246154.50000     11418.94984 Case1_F094_NS 6
INLINE-  2147483647 2147483647    515922.50000   6245963.50000      9760.99999 Case1_F094_NS 7
INLINE-  2147483647 2147483647    515893.96875   6245941.50000     10114.82492 Case1_F094_NS 7
INLINE-  2147483647 2147483647    515865.09375   6245919.50000     10522.08061 Case1_F094_NS 7
INLINE-  2147483647 2147483647    515827.90625   6245891.00000     11057.72719 Case1_F094_NS 7
INLINE-  2147483647 2147483647    515792.71875   6245864.00000     11593.94897 Case1_F094_NS 7
INLINE-  2147483647 2147483647    515767.59375   6245845.00000     11800.02360 Case1_F094_NS 7
