INLINE-  2147483647 2147483647    516080.37500   6247091.50000      8646.77706 Case1_F098_NS 1
INLINE-  2147483647 2147483647    516088.62500   6247097.50000      8699.34748 Case1_F098_NS 1
INLINE-  2147483647 2147483647    516114.53125   6247117.50000      8811.07719 Case1_F098_NS 1
INLINE-  2147483647 2147483647    516072.75000   6247117.00000      8678.74783 Case1_F098_NS 2
INLINE-  2147483647 2147483647    516080.28125   6247123.00000      8717.06724 Case1_F098_NS 2
INLINE-  2147483647 2147483647    516121.28125   6247154.00000      8860.40737 Case1_F098_NS 2
INLINE-  2147483647 2147483647    516058.40625   6247153.00000      8714.30747 Case1_F098_NS 3
INLINE-  2147483647 2147483647    516065.75000   6247159.00000      8755.48724 Case1_F098_NS 3
INLINE-  2147483647 2147483647    516112.18750   6247194.50000      8940.49835 Case1_F098_NS 3
INLINE-  2147483647 2147483647    516037.50000   6247184.50000      8746.82706 Case1_F098_NS 4
INLINE-  2147483647 2147483647    516045.53125   6247190.50000      8786.98730 Case1_F098_NS 4
INLINE-  2147483647 2147483647    516056.46875   6247199.00000      8870.29801 Case1_F098_NS 4
INLINE-  2147483647 2147483647    516072.53125   6247211.50000      8960.98765 Case1_F098_NS 4
INLINE-  2147483647 2147483647    516025.12500   6247222.00000      8762.78706 Case1_F098_NS 5
INLINE-  2147483647 2147483647    516031.78125   6247227.50000      8800.20803 Case1_F098_NS 5
INLINE-  2147483647 2147483647    516040.40625   6247234.00000      8871.56755 Case1_F098_NS 5
INLINE-  2147483647 2147483647    516061.87500   6247250.50000      8995.47795 Case1_F098_NS 5
INLINE-  2147483647 2147483647    516016.34375   6247262.50000      8785.18749 Case1_F098_NS 6
INLINE-  2147483647 2147483647    516025.68750   6247270.00000      8851.11731 Case1_F098_NS 6
INLINE-  2147483647 2147483647    516047.00000   6247286.00000      8985.58828 Case1_F098_NS 6
INLINE-  2147483647 2147483647    516011.78125   6247290.50000      8794.40724 Case1_F098_NS 7
INLINE-  2147483647 2147483647    516023.37500   6247299.50000      8856.17787 Case1_F098_NS 7
INLINE-  2147483647 2147483647    516039.78125   6247312.00000      8966.18785 Case1_F098_NS 7
INLINE-  2147483647 2147483647    516015.43750   6247325.00000      8817.68756 Case1_F098_NS 8
INLINE-  2147483647 2147483647    516024.56250   6247332.00000      8852.59778 Case1_F098_NS 8
INLINE-  2147483647 2147483647    516033.81250   6247339.00000      8945.51789 Case1_F098_NS 8
INLINE-  2147483647 2147483647    516017.87500   6247374.00000      8836.32724 Case1_F098_NS 9
INLINE-  2147483647 2147483647    516018.37500   6247374.50000      8925.07742 Case1_F098_NS 9
INLINE-  2147483647 2147483647    515989.12500   6247399.00000      8837.97764 Case1_F098_NS 10
INLINE-  2147483647 2147483647    515992.21875   6247401.50000      8913.51783 Case1_F098_NS 10
INLINE-  2147483647 2147483647    515959.50000   6247424.00000      8843.89757 Case1_F098_NS 11
INLINE-  2147483647 2147483647    515963.46875   6247427.00000      8929.09794 Case1_F098_NS 11
