INLINE-  2147483647 2147483647    512435.53100   6251494.50000     11255.43051 Case2_F106_EW 1
INLINE-  2147483647 2147483647    512494.75000   6251417.00000     10962.48292 Case2_F106_EW 1
INLINE-  2147483647 2147483647    512570.06200   6251318.50000     10557.94712 Case2_F106_EW 1
INLINE-  2147483647 2147483647    512617.03100   6251257.50000     10299.04960 Case2_F106_EW 1
INLINE-  2147483647 2147483647    512648.06200   6251216.50000     10065.01013 Case2_F106_EW 1
INLINE-  2147483647 2147483647    512455.09400   6251674.50000     11890.77378 Case2_F106_EW 2
INLINE-  2147483647 2147483647    512518.93800   6251591.00000     11304.62461 Case2_F106_EW 2
INLINE-  2147483647 2147483647    512587.40600   6251501.50000     10900.98680 Case2_F106_EW 2
INLINE-  2147483647 2147483647    512646.78100   6251424.00000     10485.65797 Case2_F106_EW 2
INLINE-  2147483647 2147483647    512703.18800   6251350.50000     10015.69303 Case2_F106_EW 2
INLINE-  2147483647 2147483647    512343.90600   6252046.00000     12582.23416 Case2_F106_EW 3
INLINE-  2147483647 2147483647    512453.12500   6251903.50000     12297.63960 Case2_F106_EW 3
INLINE-  2147483647 2147483647    512572.71900   6251747.00000     11565.17813 Case2_F106_EW 3
INLINE-  2147483647 2147483647    512695.84400   6251586.00000     10828.54666 Case2_F106_EW 3
INLINE-  2147483647 2147483647    512745.87500   6251521.00000     10491.28898 Case2_F106_EW 3
INLINE-  2147483647 2147483647    512780.37500   6251476.00000     10083.39717 Case2_F106_EW 3
INLINE-  2147483647 2147483647    512362.56200   6252248.00000     13193.07939 Case2_F106_EW 4
INLINE-  2147483647 2147483647    512547.46900   6252006.50000     12411.40882 Case2_F106_EW 4
INLINE-  2147483647 2147483647    512630.46900   6251898.00000     11864.29373 Case2_F106_EW 4
INLINE-  2147483647 2147483647    512746.56200   6251746.00000     11240.33248 Case2_F106_EW 4
INLINE-  2147483647 2147483647    512802.31200   6251673.50000     10909.18882 Case2_F106_EW 4
INLINE-  2147483647 2147483647    512851.78100   6251608.50000     10525.22805 Case2_F106_EW 4
INLINE-  2147483647 2147483647    512889.96900   6251559.00000     10091.36418 Case2_F106_EW 4
INLINE-  2147483647 2147483647    512187.50000   6252723.50000     13718.51344 Case2_F106_EW 5
INLINE-  2147483647 2147483647    512293.87500   6252584.50000     13420.46484 Case2_F106_EW 5
INLINE-  2147483647 2147483647    512616.71900   6252162.50000     12435.43687 Case2_F106_EW 5
INLINE-  2147483647 2147483647    512727.68800   6252017.50000     11895.44579 Case2_F106_EW 5
INLINE-  2147483647 2147483647    512865.68800   6251837.50000     11240.33248 Case2_F106_EW 5
INLINE-  2147483647 2147483647    512919.59400   6251767.00000     10913.02583 Case2_F106_EW 5
INLINE-  2147483647 2147483647    512968.40600   6251703.00000     10499.62300 Case2_F106_EW 5
INLINE-  2147483647 2147483647    512999.81200   6251662.00000     10055.29511 Case2_F106_EW 5
INLINE-  2147483647 2147483647    511898.84400   6253265.00000     14385.74777 Case2_F106_EW 6
INLINE-  2147483647 2147483647    512157.03100   6252928.00000     13804.97761 Case2_F106_EW 6
INLINE-  2147483647 2147483647    512347.21900   6252679.50000     13282.54457 Case2_F106_EW 6
INLINE-  2147483647 2147483647    512480.25000   6252505.50000     12912.33782 Case2_F106_EW 6
INLINE-  2147483647 2147483647    512643.84400   6252292.00000     12511.52102 Case2_F106_EW 6
INLINE-  2147483647 2147483647    512777.96900   6252116.50000     11931.63486 Case2_F106_EW 6
INLINE-  2147483647 2147483647    512945.09400   6251898.00000     11240.33248 Case2_F106_EW 6
INLINE-  2147483647 2147483647    512996.56200   6251831.00000     10885.15277 Case2_F106_EW 6
INLINE-  2147483647 2147483647    513047.53100   6251764.50000     10504.50301 Case2_F106_EW 6
INLINE-  2147483647 2147483647    513086.21900   6251714.00000     10079.21316 Case2_F106_EW 6
INLINE-  2147483647 2147483647    511828.18800   6253625.00000     15035.41807 Case2_F106_EW 7
INLINE-  2147483647 2147483647    512229.71900   6253100.50000     13589.18318 Case2_F106_EW 7
INLINE-  2147483647 2147483647    512465.43800   6252792.50000     13000.69200 Case2_F106_EW 7
INLINE-  2147483647 2147483647    512713.00000   6252469.00000     12382.92477 Case2_F106_EW 7
INLINE-  2147483647 2147483647    512860.56200   6252276.00000     11977.45595 Case2_F106_EW 7
INLINE-  2147483647 2147483647    513004.87500   6252087.50000     11421.43084 Case2_F106_EW 7
INLINE-  2147483647 2147483647    513095.56200   6251969.00000     10950.50990 Case2_F106_EW 7
INLINE-  2147483647 2147483647    513164.25000   6251879.00000     10522.63505 Case2_F106_EW 7
INLINE-  2147483647 2147483647    513212.18800   6251816.50000     10045.79309 Case2_F106_EW 7
INLINE-  2147483647 2147483647    511927.43800   6253701.00000     15035.41807 Case2_F106_EW 8
INLINE-  2147483647 2147483647    512131.06200   6253435.00000     14107.31621 Case2_F106_EW 8
INLINE-  2147483647 2147483647    512375.18800   6253116.00000     13249.87650 Case2_F106_EW 8
INLINE-  2147483647 2147483647    512669.37500   6252731.50000     12507.05001 Case2_F106_EW 8
INLINE-  2147483647 2147483647    512956.68800   6252356.00000     11843.45169 Case2_F106_EW 8
INLINE-  2147483647 2147483647    513088.56200   6252184.00000     11352.06770 Case2_F106_EW 8
INLINE-  2147483647 2147483647    513189.46900   6252052.00000     10954.81891 Case2_F106_EW 8
INLINE-  2147483647 2147483647    513271.84400   6251944.50000     10453.83691 Case2_F106_EW 8
INLINE-  2147483647 2147483647    513336.21900   6251860.00000      9890.78778 Case2_F106_EW 8
INLINE-  2147483647 2147483647    512006.84400   6253761.50000     15035.41807 Case2_F106_EW 9
INLINE-  2147483647 2147483647    512159.68800   6253562.00000     14196.72139 Case2_F106_EW 9
INLINE-  2147483647 2147483647    512364.15600   6253295.00000     13437.70288 Case2_F106_EW 9
INLINE-  2147483647 2147483647    512609.15600   6252974.50000     12767.59354 Case2_F106_EW 9
INLINE-  2147483647 2147483647    512882.15600   6252618.00000     12085.38017 Case2_F106_EW 9
INLINE-  2147483647 2147483647    513074.46900   6252366.50000     11643.89629 Case2_F106_EW 9
INLINE-  2147483647 2147483647    513309.84400   6252059.00000     10733.20147 Case2_F106_EW 9
INLINE-  2147483647 2147483647    513376.50000   6251972.00000     10302.49960 Case2_F106_EW 9
INLINE-  2147483647 2147483647    513424.68800   6251909.00000      9838.20368 Case2_F106_EW 9
INLINE-  2147483647 2147483647    512076.34400   6253815.00000     15035.41807 Case2_F106_EW 10
INLINE-  2147483647 2147483647    512224.68800   6253621.00000     14189.59338 Case2_F106_EW 10
INLINE-  2147483647 2147483647    512431.90600   6253350.50000     13439.48588 Case2_F106_EW 10
INLINE-  2147483647 2147483647    512679.71900   6253026.50000     12774.91055 Case2_F106_EW 10
INLINE-  2147483647 2147483647    512924.90600   6252706.00000     12105.68221 Case2_F106_EW 10
INLINE-  2147483647 2147483647    513181.34400   6252371.00000     11466.92693 Case2_F106_EW 10
INLINE-  2147483647 2147483647    513358.03100   6252140.00000     10759.24852 Case2_F106_EW 10
INLINE-  2147483647 2147483647    513424.28100   6252053.50000     10296.87459 Case2_F106_EW 10
INLINE-  2147483647 2147483647    513486.03100   6251973.00000      9749.66550 Case2_F106_EW 10
INLINE-  2147483647 2147483647    512145.84400   6253868.00000     15035.41807 Case2_F106_EW 11
INLINE-  2147483647 2147483647    512284.15600   6253687.50000     14292.12558 Case2_F106_EW 11
INLINE-  2147483647 2147483647    512464.59400   6253451.50000     13617.12323 Case2_F106_EW 11
INLINE-  2147483647 2147483647    512677.50000   6253173.50000     13008.61602 Case2_F106_EW 11
INLINE-  2147483647 2147483647    512886.90600   6252899.50000     12392.79079 Case2_F106_EW 11
INLINE-  2147483647 2147483647    513095.40600   6252627.50000     11775.26355 Case2_F106_EW 11
INLINE-  2147483647 2147483647    513296.15600   6252365.00000     11141.34028 Case2_F106_EW 11
INLINE-  2147483647 2147483647    513436.09400   6252182.00000     10444.26689 Case2_F106_EW 11
INLINE-  2147483647 2147483647    513496.43800   6252103.50000     10054.17011 Case2_F106_EW 11
INLINE-  2147483647 2147483647    513556.62500   6252024.50000      9587.31217 Case2_F106_EW 11
INLINE-  2147483647 2147483647    512205.40600   6253913.50000     15035.41807 Case2_F106_EW 12
INLINE-  2147483647 2147483647    512447.56200   6253597.00000     13938.40088 Case2_F106_EW 12
INLINE-  2147483647 2147483647    512754.62500   6253196.00000     13015.65303 Case2_F106_EW 12
INLINE-  2147483647 2147483647    512963.37500   6252923.00000     12344.02469 Case2_F106_EW 12
INLINE-  2147483647 2147483647    513116.84400   6252722.50000     11825.12165 Case2_F106_EW 12
INLINE-  2147483647 2147483647    513358.62500   6252407.00000     10943.46889 Case2_F106_EW 12
INLINE-  2147483647 2147483647    513485.37500   6252241.00000     10293.27059 Case2_F106_EW 12
INLINE-  2147483647 2147483647    513547.43800   6252160.00000      9902.87181 Case2_F106_EW 12
INLINE-  2147483647 2147483647    513603.40600   6252087.00000      9491.60698 Case2_F106_EW 12
INLINE-  2147483647 2147483647    512264.93800   6253959.00000     15035.41807 Case2_F106_EW 13
INLINE-  2147483647 2147483647    512459.06200   6253705.50000     14212.46642 Case2_F106_EW 13
INLINE-  2147483647 2147483647    512680.00000   6253417.00000     13439.70888 Case2_F106_EW 13
INLINE-  2147483647 2147483647    512918.65600   6253105.00000     12702.49540 Case2_F106_EW 13
INLINE-  2147483647 2147483647    513137.34400   6252819.50000     11923.91485 Case2_F106_EW 13
INLINE-  2147483647 2147483647    513343.53100   6252550.00000     11122.01424 Case2_F106_EW 13
INLINE-  2147483647 2147483647    513517.15600   6252323.00000     10307.68562 Case2_F106_EW 13
INLINE-  2147483647 2147483647    513590.34400   6252227.50000      9810.22662 Case2_F106_EW 13
INLINE-  2147483647 2147483647    513640.87500   6252161.50000      9370.05674 Case2_F106_EW 13
INLINE-  2147483647 2147483647    512334.43800   6254012.50000     15035.41807 Case2_F106_EW 14
INLINE-  2147483647 2147483647    512704.59400   6253529.00000     13617.12123 Case2_F106_EW 14
INLINE-  2147483647 2147483647    512952.21900   6253205.00000     12839.06668 Case2_F106_EW 14
INLINE-  2147483647 2147483647    513199.40600   6252882.00000     11909.58082 Case2_F106_EW 14
INLINE-  2147483647 2147483647    513388.50000   6252635.00000     11127.22525 Case2_F106_EW 14
INLINE-  2147483647 2147483647    513519.46900   6252464.00000     10464.31293 Case2_F106_EW 14
INLINE-  2147483647 2147483647    513594.53100   6252366.00000     10016.87803 Case2_F106_EW 14
INLINE-  2147483647 2147483647    513645.62500   6252299.00000      9615.86923 Case2_F106_EW 14
INLINE-  2147483647 2147483647    513691.65600   6252239.00000      9269.44454 Case2_F106_EW 14
INLINE-  2147483647 2147483647    512413.84400   6254073.00000     15035.41807 Case2_F106_EW 15
INLINE-  2147483647 2147483647    512723.65600   6253668.50000     13853.59171 Case2_F106_EW 15
INLINE-  2147483647 2147483647    513076.90600   6253207.00000     12670.09434 Case2_F106_EW 15
INLINE-  2147483647 2147483647    513276.93800   6252945.50000     11865.78873 Case2_F106_EW 15
INLINE-  2147483647 2147483647    513463.43800   6252701.50000     11039.04308 Case2_F106_EW 15
INLINE-  2147483647 2147483647    513628.37500   6252486.00000     10117.80724 Case2_F106_EW 15
INLINE-  2147483647 2147483647    513693.25000   6252401.50000      9696.56639 Case2_F106_EW 15
INLINE-  2147483647 2147483647    513727.03100   6252357.50000      9404.76081 Case2_F106_EW 15
INLINE-  2147483647 2147483647    513748.90600   6252328.50000      9190.06738 Case2_F106_EW 15
INLINE-  2147483647 2147483647    512459.96900   6254116.00000     15047.09209 Case2_F106_EW 16
INLINE-  2147483647 2147483647    512735.50000   6253755.50000     14095.97419 Case2_F106_EW 16
INLINE-  2147483647 2147483647    513004.34400   6253404.50000     13132.28626 Case2_F106_EW 16
INLINE-  2147483647 2147483647    513257.53100   6253073.50000     12139.92328 Case2_F106_EW 16
INLINE-  2147483647 2147483647    513486.56200   6252774.50000     11106.77421 Case2_F106_EW 16
INLINE-  2147483647 2147483647    513631.65600   6252585.00000     10323.28665 Case2_F106_EW 16
INLINE-  2147483647 2147483647    513711.81200   6252480.00000      9794.90659 Case2_F106_EW 16
INLINE-  2147483647 2147483647    513752.34400   6252427.00000      9441.60488 Case2_F106_EW 16
INLINE-  2147483647 2147483647    513788.71900   6252379.50000      9080.00616 Case2_F106_EW 16
INLINE-  2147483647 2147483647    512570.81200   6254094.50000     14876.79975 Case2_F106_EW 17
INLINE-  2147483647 2147483647    512766.84400   6253838.00000     14201.22940 Case2_F106_EW 17
INLINE-  2147483647 2147483647    512958.40600   6253588.00000     13516.74403 Case2_F106_EW 17
INLINE-  2147483647 2147483647    513144.37500   6253345.00000     12821.65664 Case2_F106_EW 17
INLINE-  2147483647 2147483647    513321.68800   6253113.00000     12110.91122 Case2_F106_EW 17
INLINE-  2147483647 2147483647    513486.50000   6252898.00000     11379.76176 Case2_F106_EW 17
INLINE-  2147483647 2147483647    513635.56200   6252703.00000     10625.41825 Case2_F106_EW 17
INLINE-  2147483647 2147483647    513744.93800   6252560.00000      9849.78570 Case2_F106_EW 17
INLINE-  2147483647 2147483647    513786.90600   6252505.50000      9471.39294 Case2_F106_EW 17
INLINE-  2147483647 2147483647    513824.00000   6252457.00000      9089.17818 Case2_F106_EW 17
INLINE-  2147483647 2147483647    512675.84400   6254060.00000     14694.88339 Case2_F106_EW 18
INLINE-  2147483647 2147483647    512967.40600   6253679.00000     13648.02030 Case2_F106_EW 18
INLINE-  2147483647 2147483647    513250.87500   6253308.50000     12586.32517 Case2_F106_EW 18
INLINE-  2147483647 2147483647    513512.84400   6252966.50000     11486.87997 Case2_F106_EW 18
INLINE-  2147483647 2147483647    513734.56200   6252676.50000     10328.26466 Case2_F106_EW 18
INLINE-  2147483647 2147483647    513798.09400   6252593.50000      9821.12964 Case2_F106_EW 18
INLINE-  2147483647 2147483647    513838.15600   6252541.00000      9378.54576 Case2_F106_EW 18
INLINE-  2147483647 2147483647    513859.43800   6252513.50000      9111.07322 Case2_F106_EW 18
INLINE-  2147483647 2147483647    512794.09400   6253987.50000     14448.17790 Case2_F106_EW 19
INLINE-  2147483647 2147483647    513019.28100   6253693.50000     13611.30822 Case2_F106_EW 19
INLINE-  2147483647 2147483647    513240.90600   6253404.00000     12767.83154 Case2_F106_EW 19
INLINE-  2147483647 2147483647    513455.93800   6253123.00000     11912.10882 Case2_F106_EW 19
INLINE-  2147483647 2147483647    513645.50000   6252875.00000     11017.26403 Case2_F106_EW 19
INLINE-  2147483647 2147483647    513798.59400   6252675.00000     10074.20015 Case2_F106_EW 19
INLINE-  2147483647 2147483647    513851.06200   6252606.50000      9637.82528 Case2_F106_EW 19
INLINE-  2147483647 2147483647    513875.37500   6252575.00000      9356.20671 Case2_F106_EW 19
INLINE-  2147483647 2147483647    513894.68800   6252549.50000      9101.88320 Case2_F106_EW 19
INLINE-  2147483647 2147483647    512913.81200   6253913.50000     14209.55642 Case2_F106_EW 20
INLINE-  2147483647 2147483647    513159.81200   6253592.00000     13249.53050 Case2_F106_EW 20
INLINE-  2147483647 2147483647    513401.28100   6253276.50000     12281.71556 Case2_F106_EW 20
INLINE-  2147483647 2147483647    513632.81200   6252974.00000     11296.86359 Case2_F106_EW 20
INLINE-  2147483647 2147483647    513801.12500   6252754.00000     10250.97350 Case2_F106_EW 20
INLINE-  2147483647 2147483647    513884.75000   6252645.00000      9636.69827 Case2_F106_EW 20
INLINE-  2147483647 2147483647    513933.03100   6252582.00000      9072.90315 Case2_F106_EW 20
INLINE-  2147483647 2147483647    513025.50000   6253891.00000     14095.80219 Case2_F106_EW 21
INLINE-  2147483647 2147483647    513466.96900   6253314.00000     12259.43452 Case2_F106_EW 21
INLINE-  2147483647 2147483647    513749.43800   6252945.00000     10960.66592 Case2_F106_EW 21
INLINE-  2147483647 2147483647    513892.12500   6252758.50000     10031.86606 Case2_F106_EW 21
INLINE-  2147483647 2147483647    513947.65600   6252686.00000      9606.85721 Case2_F106_EW 21
INLINE-  2147483647 2147483647    513971.25000   6252655.50000      9340.14068 Case2_F106_EW 21
INLINE-  2147483647 2147483647    513984.96900   6252637.50000      9091.21918 Case2_F106_EW 21
INLINE-  2147483647 2147483647    513100.81200   6253895.50000     14090.69618 Case2_F106_EW 22
INLINE-  2147483647 2147483647    513317.21900   6253612.50000     13135.96227 Case2_F106_EW 22
INLINE-  2147483647 2147483647    513530.65600   6253334.00000     12176.50135 Case2_F106_EW 22
INLINE-  2147483647 2147483647    513738.53100   6253062.00000     11208.26242 Case2_F106_EW 22
INLINE-  2147483647 2147483647    513909.28100   6252839.00000     10230.74946 Case2_F106_EW 22
INLINE-  2147483647 2147483647    513975.25000   6252753.00000      9734.36047 Case2_F106_EW 22
INLINE-  2147483647 2147483647    514011.31200   6252705.50000      9425.66685 Case2_F106_EW 22
INLINE-  2147483647 2147483647    514034.96900   6252675.00000      9116.42023 Case2_F106_EW 22
INLINE-  2147483647 2147483647    513173.00000   6253904.00000     14100.69820 Case2_F106_EW 23
INLINE-  2147483647 2147483647    513582.12500   6253369.50000     12139.83528 Case2_F106_EW 23
INLINE-  2147483647 2147483647    513837.15600   6253036.00000     10905.82881 Case2_F106_EW 23
INLINE-  2147483647 2147483647    513980.03100   6252849.50000     10047.42709 Case2_F106_EW 23
INLINE-  2147483647 2147483647    514028.03100   6252786.50000      9685.79037 Case2_F106_EW 23
INLINE-  2147483647 2147483647    514057.90600   6252747.50000      9414.88583 Case2_F106_EW 23
INLINE-  2147483647 2147483647    514079.43800   6252719.50000      9146.72629 Case2_F106_EW 23
INLINE-  2147483647 2147483647    513243.00000   6253915.50000     14044.74709 Case2_F106_EW 24
INLINE-  2147483647 2147483647    513406.75000   6253701.50000     13244.09149 Case2_F106_EW 24
INLINE-  2147483647 2147483647    513568.84400   6253489.50000     12441.08588 Case2_F106_EW 24
INLINE-  2147483647 2147483647    513733.43800   6253274.50000     11641.51328 Case2_F106_EW 24
INLINE-  2147483647 2147483647    513892.06200   6253067.00000     10834.04267 Case2_F106_EW 24
INLINE-  2147483647 2147483647    514030.15600   6252887.00000     10000.40600 Case2_F106_EW 24
INLINE-  2147483647 2147483647    514093.87500   6252803.50000      9524.74205 Case2_F106_EW 24
INLINE-  2147483647 2147483647    514115.84400   6252775.00000      9261.91552 Case2_F106_EW 24
INLINE-  2147483647 2147483647    514124.65600   6252763.50000      9127.60826 Case2_F106_EW 24
INLINE-  2147483647 2147483647    513310.37500   6253930.00000     13973.50295 Case2_F106_EW 25
INLINE-  2147483647 2147483647    513432.21900   6253771.00000     13381.68276 Case2_F106_EW 25
INLINE-  2147483647 2147483647    513551.59400   6253615.00000     12786.43957 Case2_F106_EW 25
INLINE-  2147483647 2147483647    513669.53100   6253461.00000     12189.19738 Case2_F106_EW 25
INLINE-  2147483647 2147483647    513790.15600   6253303.00000     11595.63319 Case2_F106_EW 25
INLINE-  2147483647 2147483647    513907.78100   6253149.50000     10997.95100 Case2_F106_EW 25
INLINE-  2147483647 2147483647    514014.18800   6253010.50000     10385.84077 Case2_F106_EW 25
INLINE-  2147483647 2147483647    514110.62500   6252884.50000      9762.38852 Case2_F106_EW 25
INLINE-  2147483647 2147483647    514145.34400   6252839.00000      9456.27891 Case2_F106_EW 25
INLINE-  2147483647 2147483647    514171.50000   6252805.00000      9127.15925 Case2_F106_EW 25
INLINE-  2147483647 2147483647    513376.00000   6253947.00000     13901.81880 Case2_F106_EW 26
INLINE-  2147483647 2147483647    513565.53100   6253699.50000     12983.43097 Case2_F106_EW 26
INLINE-  2147483647 2147483647    513744.96900   6253465.00000     12051.17710 Case2_F106_EW 26
INLINE-  2147483647 2147483647    513930.71900   6253222.50000     11127.48825 Case2_F106_EW 26
INLINE-  2147483647 2147483647    514086.59400   6253018.50000     10229.11846 Case2_F106_EW 26
INLINE-  2147483647 2147483647    514164.34400   6252917.00000      9695.04439 Case2_F106_EW 26
INLINE-  2147483647 2147483647    514209.81200   6252857.50000      9229.43246 Case2_F106_EW 26
INLINE-  2147483647 2147483647    513434.25000   6253974.00000     13849.63270 Case2_F106_EW 27
INLINE-  2147483647 2147483647    513675.71900   6253658.50000     12684.94237 Case2_F106_EW 27
INLINE-  2147483647 2147483647    513861.65600   6253415.50000     11686.21437 Case2_F106_EW 27
INLINE-  2147483647 2147483647    514011.00000   6253220.50000     10950.93790 Case2_F106_EW 27
INLINE-  2147483647 2147483647    514138.34400   6253054.00000     10198.77340 Case2_F106_EW 27
INLINE-  2147483647 2147483647    514210.56200   6252959.50000      9712.60343 Case2_F106_EW 27
INLINE-  2147483647 2147483647    514253.28100   6252904.00000      9219.97144 Case2_F106_EW 27
INLINE-  2147483647 2147483647    513468.53100   6254011.50000     13846.63569 Case2_F106_EW 28
INLINE-  2147483647 2147483647    513627.25000   6253804.00000     13099.68120 Case2_F106_EW 28
INLINE-  2147483647 2147483647    513777.87500   6253607.00000     12341.37868 Case2_F106_EW 28
INLINE-  2147483647 2147483647    513922.53100   6253418.00000     11574.96615 Case2_F106_EW 28
INLINE-  2147483647 2147483647    514071.93800   6253223.00000     10815.02163 Case2_F106_EW 28
INLINE-  2147483647 2147483647    514202.87500   6253052.00000     10031.71506 Case2_F106_EW 28
INLINE-  2147483647 2147483647    514255.56200   6252983.00000      9628.03926 Case2_F106_EW 28
INLINE-  2147483647 2147483647    514295.71900   6252930.50000      9194.07539 Case2_F106_EW 28
INLINE-  2147483647 2147483647    513510.56200   6254059.50000     13852.62071 Case2_F106_EW 29
INLINE-  2147483647 2147483647    513649.03100   6253878.50000     13206.84541 Case2_F106_EW 29
INLINE-  2147483647 2147483647    513783.53100   6253702.50000     12555.49311 Case2_F106_EW 29
INLINE-  2147483647 2147483647    513908.56200   6253539.50000     11891.07678 Case2_F106_EW 29
INLINE-  2147483647 2147483647    514039.50000   6253368.00000     11234.59247 Case2_F106_EW 29
INLINE-  2147483647 2147483647    514164.18800   6253205.50000     10570.12314 Case2_F106_EW 29
INLINE-  2147483647 2147483647    514266.09400   6253072.00000      9989.82098 Case2_F106_EW 29
INLINE-  2147483647 2147483647    514322.12500   6252999.00000      9549.81010 Case2_F106_EW 29
INLINE-  2147483647 2147483647    514344.65600   6252969.50000      9200.63040 Case2_F106_EW 29
INLINE-  2147483647 2147483647    513544.46900   6254097.50000     13856.63771 Case2_F106_EW 30
INLINE-  2147483647 2147483647    513665.25000   6253939.50000     13295.94459 Case2_F106_EW 30
INLINE-  2147483647 2147483647    513784.15600   6253784.00000     12732.46146 Case2_F106_EW 30
INLINE-  2147483647 2147483647    513895.96900   6253638.00000     12159.13832 Case2_F106_EW 30
INLINE-  2147483647 2147483647    514006.93800   6253493.00000     11584.57117 Case2_F106_EW 30
INLINE-  2147483647 2147483647    514119.53100   6253346.00000     11012.21102 Case2_F106_EW 30
INLINE-  2147483647 2147483647    514229.59400   6253202.00000     10436.44087 Case2_F106_EW 30
INLINE-  2147483647 2147483647    514330.43800   6253070.50000      9849.37870 Case2_F106_EW 30
INLINE-  2147483647 2147483647    514375.21900   6253012.00000      9217.37943 Case2_F106_EW 30
INLINE-  2147483647 2147483647    513590.00000   6254140.50000     13858.07572 Case2_F106_EW 31
INLINE-  2147483647 2147483647    513867.68800   6253778.00000     12553.76911 Case2_F106_EW 31
INLINE-  2147483647 2147483647    513999.21900   6253606.00000     11868.29374 Case2_F106_EW 31
INLINE-  2147483647 2147483647    514173.71900   6253378.00000     10975.30295 Case2_F106_EW 31
INLINE-  2147483647 2147483647    514283.84400   6253234.00000     10409.00182 Case2_F106_EW 31
INLINE-  2147483647 2147483647    514365.78100   6253127.00000      9950.90590 Case2_F106_EW 31
INLINE-  2147483647 2147483647    514389.03100   6253096.50000      9757.23451 Case2_F106_EW 31
INLINE-  2147483647 2147483647    514406.93800   6253073.00000      9494.15799 Case2_F106_EW 31
INLINE-  2147483647 2147483647    514415.75000   6253061.50000      9240.25148 Case2_F106_EW 31
INLINE-  2147483647 2147483647    513642.93800   6254174.50000     13848.00970 Case2_F106_EW 32
INLINE-  2147483647 2147483647    513763.46900   6254017.00000     13289.95658 Case2_F106_EW 32
INLINE-  2147483647 2147483647    513881.90600   6253862.00000     12728.84346 Case2_F106_EW 32
INLINE-  2147483647 2147483647    513993.31200   6253716.50000     12157.87832 Case2_F106_EW 32
INLINE-  2147483647 2147483647    514102.56200   6253573.50000     11583.96217 Case2_F106_EW 32
INLINE-  2147483647 2147483647    514212.53100   6253430.00000     11010.99502 Case2_F106_EW 32
INLINE-  2147483647 2147483647    514318.09400   6253292.00000     10432.50887 Case2_F106_EW 32
INLINE-  2147483647 2147483647    514407.56200   6253175.00000      9861.70572 Case2_F106_EW 32
INLINE-  2147483647 2147483647    514443.59400   6253128.00000      9538.91208 Case2_F106_EW 32
INLINE-  2147483647 2147483647    514464.34400   6253101.00000      9286.49757 Case2_F106_EW 32
INLINE-  2147483647 2147483647    513699.15600   6254203.50000     13832.96667 Case2_F106_EW 33
INLINE-  2147483647 2147483647    513818.75000   6254047.50000     13279.77356 Case2_F106_EW 33
INLINE-  2147483647 2147483647    513935.56200   6253895.00000     12722.60145 Case2_F106_EW 33
INLINE-  2147483647 2147483647    514043.34400   6253754.00000     12153.02331 Case2_F106_EW 33
INLINE-  2147483647 2147483647    514150.78100   6253613.50000     11582.85717 Case2_F106_EW 33
INLINE-  2147483647 2147483647    514257.62500   6253474.00000     11011.99702 Case2_F106_EW 33
INLINE-  2147483647 2147483647    514352.68800   6253350.00000     10427.85186 Case2_F106_EW 33
INLINE-  2147483647 2147483647    514412.00000   6253272.50000      9996.35499 Case2_F106_EW 33
INLINE-  2147483647 2147483647    514445.21900   6253229.00000      9557.15611 Case2_F106_EW 33
INLINE-  2147483647 2147483647    514463.81200   6253204.50000      9335.65367 Case2_F106_EW 33
INLINE-  2147483647 2147483647    513756.25000   6254232.00000     13816.71363 Case2_F106_EW 34
INLINE-  2147483647 2147483647    513860.50000   6254095.50000     13336.27767 Case2_F106_EW 34
INLINE-  2147483647 2147483647    513962.40600   6253962.50000     12852.44470 Case2_F106_EW 34
INLINE-  2147483647 2147483647    514055.75000   6253840.50000     12356.94071 Case2_F106_EW 34
INLINE-  2147483647 2147483647    514147.15600   6253721.00000     11858.74272 Case2_F106_EW 34
INLINE-  2147483647 2147483647    514240.03100   6253600.00000     11362.40072 Case2_F106_EW 34
INLINE-  2147483647 2147483647    514326.62500   6253486.50000     10858.51572 Case2_F106_EW 34
INLINE-  2147483647 2147483647    514394.15600   6253398.50000     10335.17167 Case2_F106_EW 34
INLINE-  2147483647 2147483647    514443.71900   6253333.50000      9825.16165 Case2_F106_EW 34
INLINE-  2147483647 2147483647    514469.56200   6253300.00000      9513.60603 Case2_F106_EW 34
INLINE-  2147483647 2147483647    514476.06200   6253291.50000      9255.85351 Case2_F106_EW 34
INLINE-  2147483647 2147483647    513784.40600   6254277.50000     13809.99062 Case2_F106_EW 35
INLINE-  2147483647 2147483647    514030.40600   6253956.00000     12730.18746 Case2_F106_EW 35
INLINE-  2147483647 2147483647    514137.84400   6253815.50000     12118.42424 Case2_F106_EW 35
INLINE-  2147483647 2147483647    514340.34400   6253551.00000     10998.10000 Case2_F106_EW 35
INLINE-  2147483647 2147483647    514404.28100   6253467.50000     10478.12096 Case2_F106_EW 35
INLINE-  2147483647 2147483647    514461.12500   6253393.00000      9918.48284 Case2_F106_EW 35
INLINE-  2147483647 2147483647    514496.40600   6253347.00000      9481.26696 Case2_F106_EW 35
INLINE-  2147483647 2147483647    514507.31200   6253333.00000      9307.96562 Case2_F106_EW 35
INLINE-  2147483647 2147483647    513839.25000   6254329.00000     13809.84962 Case2_F106_EW 36
INLINE-  2147483647 2147483647    513952.81200   6254181.00000     13373.16275 Case2_F106_EW 36
INLINE-  2147483647 2147483647    514054.09400   6254048.50000     12916.24983 Case2_F106_EW 36
INLINE-  2147483647 2147483647    514143.43800   6253931.50000     12442.24788 Case2_F106_EW 36
INLINE-  2147483647 2147483647    514226.06200   6253823.50000     11959.88092 Case2_F106_EW 36
INLINE-  2147483647 2147483647    514315.28100   6253707.00000     11485.67397 Case2_F106_EW 36
INLINE-  2147483647 2147483647    514393.65600   6253605.00000     10998.40900 Case2_F106_EW 36
INLINE-  2147483647 2147483647    514455.31200   6253524.00000     10495.14799 Case2_F106_EW 36
INLINE-  2147483647 2147483647    514496.56200   6253470.50000      9977.20595 Case2_F106_EW 36
INLINE-  2147483647 2147483647    514536.53100   6253418.00000      9460.33892 Case2_F106_EW 36
INLINE-  2147483647 2147483647    513877.12500   6254362.00000     13810.61662 Case2_F106_EW 37
INLINE-  2147483647 2147483647    513991.46900   6254212.50000     13376.89875 Case2_F106_EW 37
INLINE-  2147483647 2147483647    514092.87500   6254080.00000     12921.42784 Case2_F106_EW 37
INLINE-  2147483647 2147483647    514182.15600   6253963.50000     12448.68890 Case2_F106_EW 37
INLINE-  2147483647 2147483647    514264.43800   6253856.00000     11967.20593 Case2_F106_EW 37
INLINE-  2147483647 2147483647    514353.53100   6253739.50000     11494.23199 Case2_F106_EW 37
INLINE-  2147483647 2147483647    514430.00000   6253639.50000     11006.16301 Case2_F106_EW 37
INLINE-  2147483647 2147483647    514487.96900   6253564.00000     10500.96700 Case2_F106_EW 37
INLINE-  2147483647 2147483647    514521.00000   6253520.50000      9980.38696 Case2_F106_EW 37
INLINE-  2147483647 2147483647    514553.21900   6253478.50000      9459.52292 Case2_F106_EW 37
INLINE-  2147483647 2147483647    513928.50000   6254397.50000     13809.89562 Case2_F106_EW 38
INLINE-  2147483647 2147483647    514043.40600   6254247.50000     13368.04274 Case2_F106_EW 38
INLINE-  2147483647 2147483647    514145.65600   6254114.00000     12905.55881 Case2_F106_EW 38
INLINE-  2147483647 2147483647    514235.78100   6253996.00000     12425.57585 Case2_F106_EW 38
INLINE-  2147483647 2147483647    514319.37500   6253887.00000     11937.50488 Case2_F106_EW 38
INLINE-  2147483647 2147483647    514409.53100   6253769.00000     11457.56892 Case2_F106_EW 38
INLINE-  2147483647 2147483647    514486.62500   6253668.50000     10943.18189 Case2_F106_EW 38
INLINE-  2147483647 2147483647    514529.12500   6253613.00000     10544.80609 Case2_F106_EW 38
INLINE-  2147483647 2147483647    514561.50000   6253570.50000      9946.03089 Case2_F106_EW 38
INLINE-  2147483647 2147483647    514584.65600   6253540.50000      9468.75694 Case2_F106_EW 38
INLINE-  2147483647 2147483647    513978.12500   6254435.50000     13809.90062 Case2_F106_EW 39
INLINE-  2147483647 2147483647    514090.53100   6254289.00000     13378.52476 Case2_F106_EW 39
INLINE-  2147483647 2147483647    514190.87500   6254157.50000     12927.03185 Case2_F106_EW 39
INLINE-  2147483647 2147483647    514279.46900   6254042.00000     12458.76092 Case2_F106_EW 39
INLINE-  2147483647 2147483647    514361.12500   6253935.00000     11981.83096 Case2_F106_EW 39
INLINE-  2147483647 2147483647    514449.53100   6253819.50000     11513.29203 Case2_F106_EW 39
INLINE-  2147483647 2147483647    514524.28100   6253722.00000     11028.59906 Case2_F106_EW 39
INLINE-  2147483647 2147483647    514582.81200   6253645.50000     10528.78806 Case2_F106_EW 39
INLINE-  2147483647 2147483647    514619.12500   6253598.00000     10005.83001 Case2_F106_EW 39
INLINE-  2147483647 2147483647    514641.06200   6253569.50000      9683.59737 Case2_F106_EW 39
INLINE-  2147483647 2147483647    514027.75000   6254473.50000     13809.89562 Case2_F106_EW 40
INLINE-  2147483647 2147483647    514142.68800   6254323.50000     13368.04274 Case2_F106_EW 40
INLINE-  2147483647 2147483647    514244.90600   6254190.00000     12905.55881 Case2_F106_EW 40
INLINE-  2147483647 2147483647    514335.06200   6254072.00000     12425.57585 Case2_F106_EW 40
INLINE-  2147483647 2147483647    514418.62500   6253963.00000     11937.50488 Case2_F106_EW 40
INLINE-  2147483647 2147483647    514508.78100   6253845.00000     11457.56892 Case2_F106_EW 40
INLINE-  2147483647 2147483647    514585.87500   6253744.50000     10943.18189 Case2_F106_EW 40
INLINE-  2147483647 2147483647    514642.18800   6253671.00000     10541.60108 Case2_F106_EW 40
INLINE-  2147483647 2147483647    514677.68800   6253624.50000      9951.01990 Case2_F106_EW 40
INLINE-  2147483647 2147483647    514127.03100   6254549.50000     13809.89562 Case2_F106_EW 41
INLINE-  2147483647 2147483647    514241.93800   6254399.50000     13368.04274 Case2_F106_EW 41
INLINE-  2147483647 2147483647    514344.18800   6254266.00000     12905.55881 Case2_F106_EW 41
INLINE-  2147483647 2147483647    514434.31200   6254148.00000     12425.57585 Case2_F106_EW 41
INLINE-  2147483647 2147483647    514517.90600   6254039.00000     11937.50488 Case2_F106_EW 41
INLINE-  2147483647 2147483647    514608.06200   6253921.00000     11457.56892 Case2_F106_EW 41
INLINE-  2147483647 2147483647    514685.15600   6253820.50000     10943.18189 Case2_F106_EW 41
INLINE-  2147483647 2147483647    514717.87500   6253777.50000     10525.85305 Case2_F106_EW 41
INLINE-  2147483647 2147483647    514752.87500   6253732.00000     10059.94712 Case2_F106_EW 41
