INLINE-  2147483647 2147483647    514796.06250   6250735.50000      8865.16812 Case2_F143_NS 1
INLINE-  2147483647 2147483647    514768.25000   6250714.00000      9223.29872 Case2_F143_NS 1
INLINE-  2147483647 2147483647    514730.53125   6250685.00000      9577.87951 Case2_F143_NS 1
INLINE-  2147483647 2147483647    514693.81250   6250657.00000      9932.88022 Case2_F143_NS 1
INLINE-  2147483647 2147483647    514649.53125   6250623.00000     10284.22076 Case2_F143_NS 1
INLINE-  2147483647 2147483647    514779.65625   6250754.00000      8864.55777 Case2_F143_NS 2
INLINE-  2147483647 2147483647    514762.90625   6250741.50000      9115.42839 Case2_F143_NS 2
INLINE-  2147483647 2147483647    514731.71875   6250717.50000      9419.72880 Case2_F143_NS 2
INLINE-  2147483647 2147483647    514662.93750   6250665.00000     10076.61976 Case2_F143_NS 2
INLINE-  2147483647 2147483647    514633.65625   6250642.50000     10294.32039 Case2_F143_NS 2
INLINE-  2147483647 2147483647    514734.34375   6250798.00000      8861.74819 Case2_F143_NS 3
INLINE-  2147483647 2147483647    514699.09375   6250771.00000      9364.90838 Case2_F143_NS 3
INLINE-  2147483647 2147483647    514647.59375   6250732.00000      9862.51973 Case2_F143_NS 3
INLINE-  2147483647 2147483647    514590.71875   6250688.50000     10357.72091 Case2_F143_NS 3
INLINE-  2147483647 2147483647    514690.50000   6250843.50000      8858.10756 Case2_F143_NS 4
INLINE-  2147483647 2147483647    514655.78125   6250816.50000      9419.72880 Case2_F143_NS 4
INLINE-  2147483647 2147483647    514586.96875   6250764.00000     10076.61976 Case2_F143_NS 4
INLINE-  2147483647 2147483647    514550.93750   6250736.50000     10405.82062 Case2_F143_NS 4
INLINE-  2147483647 2147483647    514654.90625   6250895.00000      8855.80775 Case2_F143_NS 5
INLINE-  2147483647 2147483647    514622.15625   6250869.50000      9364.42889 Case2_F143_NS 5
INLINE-  2147483647 2147483647    514576.50000   6250835.00000      9868.89962 Case2_F143_NS 5
INLINE-  2147483647 2147483647    514522.90625   6250793.50000     10370.22094 Case2_F143_NS 5
INLINE-  2147483647 2147483647    514619.62500   6250946.50000      8848.56750 Case2_F143_NS 6
INLINE-  2147483647 2147483647    514579.81250   6250916.00000      9419.72880 Case2_F143_NS 6
INLINE-  2147483647 2147483647    514528.50000   6250876.50000     10037.42047 Case2_F143_NS 6
INLINE-  2147483647 2147483647    514494.75000   6250851.00000     10338.22087 Case2_F143_NS 6
INLINE-  2147483647 2147483647    514571.90625   6250988.50000      8883.28730 Case2_F143_NS 7
INLINE-  2147483647 2147483647    514560.90625   6250980.00000      9121.71844 Case2_F143_NS 7
INLINE-  2147483647 2147483647    514543.34375   6250967.00000      9381.81857 Case2_F143_NS 7
INLINE-  2147483647 2147483647    514523.68750   6250951.50000      9638.91967 Case2_F143_NS 7
INLINE-  2147483647 2147483647    514502.62500   6250935.50000      9895.53932 Case2_F143_NS 7
INLINE-  2147483647 2147483647    514454.18750   6250898.50000     10406.52081 Case2_F143_NS 7
INLINE-  2147483647 2147483647    514533.25000   6251037.50000      8910.75806 Case2_F143_NS 8
INLINE-  2147483647 2147483647    514521.43750   6251028.50000      9116.44792 Case2_F143_NS 8
INLINE-  2147483647 2147483647    514503.06250   6251014.50000      9393.73851 Case2_F143_NS 8
INLINE-  2147483647 2147483647    514464.06250   6250985.00000      9901.69949 Case2_F143_NS 8
INLINE-  2147483647 2147483647    514416.21875   6250948.00000     10406.52081 Case2_F143_NS 8
INLINE-  2147483647 2147483647    514485.53125   6251080.00000      8893.05783 Case2_F143_NS 9
INLINE-  2147483647 2147483647    514457.84375   6251058.50000      9395.40844 Case2_F143_NS 9
INLINE-  2147483647 2147483647    514425.37500   6251034.00000      9907.42021 Case2_F143_NS 9
INLINE-  2147483647 2147483647    514378.21875   6250998.00000     10406.52081 Case2_F143_NS 9
INLINE-  2147483647 2147483647    514465.37500   6251096.00000      8920.48757 Case2_F143_NS 10
INLINE-  2147483647 2147483647    514442.84375   6251078.50000      9387.78831 Case2_F143_NS 10
INLINE-  2147483647 2147483647    514410.28125   6251054.00000      9899.80007 Case2_F143_NS 10
INLINE-  2147483647 2147483647    514362.93750   6251017.50000     10407.02081 Case2_F143_NS 10
INLINE-  2147483647 2147483647    514441.59375   6251125.00000      8949.33821 Case2_F143_NS 11
INLINE-  2147483647 2147483647    514429.18750   6251115.50000      9199.44809 Case2_F143_NS 11
INLINE-  2147483647 2147483647    514413.53125   6251103.50000      9452.56871 Case2_F143_NS 11
INLINE-  2147483647 2147483647    514376.59375   6251075.00000     10037.42047 Case2_F143_NS 11
INLINE-  2147483647 2147483647    514340.25000   6251047.50000     10406.52081 Case2_F143_NS 11
INLINE-  2147483647 2147483647    514423.25000   6251142.50000      8975.24842 Case2_F143_NS 12
INLINE-  2147483647 2147483647    514405.46875   6251129.00000      9296.96879 Case2_F143_NS 12
INLINE-  2147483647 2147483647    514388.31250   6251115.50000      9664.17948 Case2_F143_NS 12
INLINE-  2147483647 2147483647    514361.40625   6251095.00000     10034.42046 Case2_F143_NS 12
INLINE-  2147483647 2147483647    514326.56250   6251068.50000     10402.02080 Case2_F143_NS 12
INLINE-  2147483647 2147483647    514403.34375   6251174.50000      8976.86756 Case2_F143_NS 13
INLINE-  2147483647 2147483647    514397.37500   6251170.00000      9138.57785 Case2_F143_NS 13
INLINE-  2147483647 2147483647    514384.37500   6251160.00000      9441.03841 Case2_F143_NS 13
INLINE-  2147483647 2147483647    514348.43750   6251132.50000      9915.90948 Case2_F143_NS 13
INLINE-  2147483647 2147483647    514305.06250   6251099.00000     10398.12041 Case2_F143_NS 13
INLINE-  2147483647 2147483647    514385.00000   6251207.50000      9018.06784 Case2_F143_NS 14
INLINE-  2147483647 2147483647    514375.68750   6251200.50000      9304.85845 Case2_F143_NS 14
INLINE-  2147483647 2147483647    514349.28125   6251180.00000      9671.91973 Case2_F143_NS 14
INLINE-  2147483647 2147483647    514314.93750   6251154.00000     10036.61968 Case2_F143_NS 14
INLINE-  2147483647 2147483647    514281.18750   6251128.00000     10401.42119 Case2_F143_NS 14
INLINE-  2147483647 2147483647    514363.53125   6251238.50000      9047.22806 Case2_F143_NS 15
INLINE-  2147483647 2147483647    514348.93750   6251227.00000      9461.94861 Case2_F143_NS 15
INLINE-  2147483647 2147483647    514286.87500   6251179.50000     10088.52018 Case2_F143_NS 15
INLINE-  2147483647 2147483647    514256.71875   6251156.50000     10406.52081 Case2_F143_NS 15
INLINE-  2147483647 2147483647    514345.06250   6251255.50000      9077.59823 Case2_F143_NS 16
INLINE-  2147483647 2147483647    514336.81250   6251249.50000      9303.45904 Case2_F143_NS 16
INLINE-  2147483647 2147483647    514324.71875   6251240.00000      9528.42921 Case2_F143_NS 16
INLINE-  2147483647 2147483647    514283.71875   6251208.50000      9975.28948 Case2_F143_NS 16
INLINE-  2147483647 2147483647    514241.21875   6251176.00000     10407.42121 Case2_F143_NS 16
