INLINE-  2147483647 2147483647    516882.31200   6251402.00000     11142.02228 Case1_F021_EW 1
INLINE-  2147483647 2147483647    516845.90600   6251449.50000     10633.22127 Case1_F021_EW 1
INLINE-  2147483647 2147483647    516810.28100   6251496.00000     10001.62000 Case1_F021_EW 1
INLINE-  2147483647 2147483647    516801.87500   6251507.00000      9685.59937 Case1_F021_EW 1
INLINE-  2147483647 2147483647    516813.03100   6251389.50000     11102.22220 Case1_F021_EW 2
INLINE-  2147483647 2147483647    516800.81200   6251405.50000     10656.42131 Case1_F021_EW 2
INLINE-  2147483647 2147483647    516760.59400   6251458.00000     10001.62000 Case1_F021_EW 2
INLINE-  2147483647 2147483647    516752.21900   6251469.00000      9685.59937 Case1_F021_EW 2
INLINE-  2147483647 2147483647    516743.56200   6251377.50000     11072.72215 Case1_F021_EW 3
INLINE-  2147483647 2147483647    516751.18800   6251367.50000     10656.42131 Case1_F021_EW 3
INLINE-  2147483647 2147483647    516738.96900   6251383.50000     10005.82001 Case1_F021_EW 3
INLINE-  2147483647 2147483647    516723.18800   6251404.00000      9675.58935 Case1_F021_EW 3
INLINE-  2147483647 2147483647    516725.75000   6251298.00000     11233.22247 Case1_F021_EW 4
INLINE-  2147483647 2147483647    516716.09400   6251310.50000     11035.62207 Case1_F021_EW 4
INLINE-  2147483647 2147483647    516711.50000   6251316.50000     10660.22132 Case1_F021_EW 4
INLINE-  2147483647 2147483647    516702.34400   6251328.50000     10010.42002 Case1_F021_EW 4
INLINE-  2147483647 2147483647    516687.06200   6251348.50000      9671.10934 Case1_F021_EW 4
INLINE-  2147483647 2147483647    516717.37500   6251206.00000     11265.82253 Case1_F021_EW 5
INLINE-  2147483647 2147483647    516684.56200   6251249.00000     11027.92206 Case1_F021_EW 5
INLINE-  2147483647 2147483647    516673.09400   6251264.00000     10658.62132 Case1_F021_EW 5
INLINE-  2147483647 2147483647    516643.59400   6251302.50000     10018.72004 Case1_F021_EW 5
INLINE-  2147483647 2147483647    516637.46900   6251310.50000      9671.10934 Case1_F021_EW 5
INLINE-  2147483647 2147483647    516701.87500   6251144.00000     11146.32229 Case1_F021_EW 6
INLINE-  2147483647 2147483647    516671.34400   6251184.00000     10927.92186 Case1_F021_EW 6
INLINE-  2147483647 2147483647    516650.96900   6251210.50000     10606.12121 Case1_F021_EW 6
INLINE-  2147483647 2147483647    516633.43800   6251233.50000     10282.82057 Case1_F021_EW 6
INLINE-  2147483647 2147483647    516618.40600   6251253.00000      9958.75992 Case1_F021_EW 6
INLINE-  2147483647 2147483647    516613.81200   6251259.00000      9632.36926 Case1_F021_EW 6
INLINE-  2147483647 2147483647    516694.78100   6251071.00000     11179.02236 Case1_F021_EW 7
INLINE-  2147483647 2147483647    516657.62500   6251119.50000     10873.02175 Case1_F021_EW 7
INLINE-  2147483647 2147483647    516627.87500   6251158.50000     10562.02112 Case1_F021_EW 7
INLINE-  2147483647 2147483647    516611.31200   6251180.00000     10244.22049 Case1_F021_EW 7
INLINE-  2147483647 2147483647    516596.81200   6251199.00000      9925.83985 Case1_F021_EW 7
INLINE-  2147483647 2147483647    516591.46900   6251206.00000      9598.95920 Case1_F021_EW 7
INLINE-  2147483647 2147483647    516650.53100   6251046.50000     11010.32202 Case1_F021_EW 8
INLINE-  2147483647 2147483647    516604.21900   6251107.00000     10658.22132 Case1_F021_EW 8
INLINE-  2147483647 2147483647    516578.28100   6251141.00000     10286.32057 Case1_F021_EW 8
INLINE-  2147483647 2147483647    516567.09400   6251155.50000      9957.07991 Case1_F021_EW 8
INLINE-  2147483647 2147483647    516552.56200   6251174.50000      9633.32927 Case1_F021_EW 8
INLINE-  2147483647 2147483647    516644.21900   6250952.00000     10950.92190 Case1_F021_EW 9
INLINE-  2147483647 2147483647    516588.00000   6251025.50000     10635.82127 Case1_F021_EW 9
INLINE-  2147483647 2147483647    516549.31200   6251076.00000     10303.32061 Case1_F021_EW 9
INLINE-  2147483647 2147483647    516521.84400   6251112.00000      9961.14992 Case1_F021_EW 9
INLINE-  2147483647 2147483647    516491.53100   6251151.50000      9661.94932 Case1_F021_EW 9
INLINE-  2147483647 2147483647    516723.59400   6250745.50000     11017.72204 Case1_F021_EW 10
INLINE-  2147483647 2147483647    516653.87500   6250836.50000     10829.02166 Case1_F021_EW 10
INLINE-  2147483647 2147483647    516593.06200   6250916.00000     10622.32124 Case1_F021_EW 10
INLINE-  2147483647 2147483647    516540.62500   6250984.50000     10256.32051 Case1_F021_EW 10
INLINE-  2147483647 2147483647    516506.56200   6251029.00000      9950.26990 Case1_F021_EW 10
INLINE-  2147483647 2147483647    516485.93800   6251056.00000      9775.91955 Case1_F021_EW 10
INLINE-  2147483647 2147483647    516469.90600   6251077.00000      9660.99932 Case1_F021_EW 10
INLINE-  2147483647 2147483647    516747.15600   6250673.50000     11041.52208 Case1_F021_EW 11
INLINE-  2147483647 2147483647    516674.12500   6250769.00000     10860.32172 Case1_F021_EW 11
INLINE-  2147483647 2147483647    516607.43800   6250856.00000     10661.92132 Case1_F021_EW 11
INLINE-  2147483647 2147483647    516563.43800   6250913.50000     10425.02085 Case1_F021_EW 11
INLINE-  2147483647 2147483647    516530.59400   6250956.50000     10174.22035 Case1_F021_EW 11
INLINE-  2147483647 2147483647    516498.78100   6250998.00000      9923.51985 Case1_F021_EW 11
INLINE-  2147483647 2147483647    516466.75000   6251040.00000      9673.20935 Case1_F021_EW 11
INLINE-  2147483647 2147483647    516746.18800   6250592.50000     11053.22211 Case1_F021_EW 12
INLINE-  2147483647 2147483647    516595.78100   6250789.00000     10681.12136 Case1_F021_EW 12
INLINE-  2147483647 2147483647    516531.15600   6250873.50000     10373.72075 Case1_F021_EW 12
INLINE-  2147483647 2147483647    516497.06200   6250918.00000     10084.42017 Case1_F021_EW 12
INLINE-  2147483647 2147483647    516468.84400   6250955.00000      9914.78983 Case1_F021_EW 12
INLINE-  2147483647 2147483647    516454.56200   6250973.50000      9812.39962 Case1_F021_EW 12
INLINE-  2147483647 2147483647    516443.12500   6250988.50000      9686.57937 Case1_F021_EW 12
INLINE-  2147483647 2147483647    516698.06200   6250552.50000     11009.82202 Case1_F021_EW 13
INLINE-  2147483647 2147483647    516632.65600   6250638.00000     10874.82175 Case1_F021_EW 13
INLINE-  2147483647 2147483647    516546.15600   6250751.00000     10681.12136 Case1_F021_EW 13
INLINE-  2147483647 2147483647    516486.84400   6250828.50000     10381.02076 Case1_F021_EW 13
INLINE-  2147483647 2147483647    516437.50000   6250893.00000     10004.22001 Case1_F021_EW 13
INLINE-  2147483647 2147483647    516424.53100   6250910.00000      9832.67967 Case1_F021_EW 13
INLINE-  2147483647 2147483647    516412.56200   6250925.50000      9731.19946 Case1_F021_EW 13
INLINE-  2147483647 2147483647    516648.50000   6250514.50000     11006.22201 Case1_F021_EW 14
INLINE-  2147483647 2147483647    516566.31200   6250622.00000     10837.42167 Case1_F021_EW 14
INLINE-  2147483647 2147483647    516490.46900   6250721.00000     10652.82131 Case1_F021_EW 14
INLINE-  2147483647 2147483647    516445.68800   6250779.50000     10406.92081 Case1_F021_EW 14
INLINE-  2147483647 2147483647    516412.87500   6250822.50000     10147.82030 Case1_F021_EW 14
INLINE-  2147483647 2147483647    516369.62500   6250879.00000      9902.36980 Case1_F021_EW 14
INLINE-  2147483647 2147483647    516313.37500   6250952.50000      9674.19935 Case1_F021_EW 14
INLINE-  2147483647 2147483647    516598.81200   6250476.50000     11009.82202 Case1_F021_EW 15
INLINE-  2147483647 2147483647    516533.40600   6250562.00000     10874.82175 Case1_F021_EW 15
INLINE-  2147483647 2147483647    516448.40600   6250673.00000     10670.12134 Case1_F021_EW 15
INLINE-  2147483647 2147483647    516396.00000   6250741.50000     10382.72077 Case1_F021_EW 15
INLINE-  2147483647 2147483647    516345.12500   6250808.00000      9981.22996 Case1_F021_EW 15
INLINE-  2147483647 2147483647    516292.68800   6250876.50000      9808.16962 Case1_F021_EW 15
INLINE-  2147483647 2147483647    516262.93800   6250915.50000      9676.37935 Case1_F021_EW 15
INLINE-  2147483647 2147483647    516549.18800   6250438.50000     11009.82202 Case1_F021_EW 16
INLINE-  2147483647 2147483647    516473.12500   6250538.00000     10851.42170 Case1_F021_EW 16
INLINE-  2147483647 2147483647    516402.62500   6250630.00000     10677.62136 Case1_F021_EW 16
INLINE-  2147483647 2147483647    516358.59400   6250687.50000     10452.92091 Case1_F021_EW 16
INLINE-  2147483647 2147483647    516325.78100   6250730.50000     10224.62045 Case1_F021_EW 16
INLINE-  2147483647 2147483647    516283.28100   6250786.00000      9985.04997 Case1_F021_EW 16
INLINE-  2147483647 2147483647    516216.37500   6250873.50000      9769.52954 Case1_F021_EW 16
INLINE-  2147483647 2147483647    516499.53100   6250400.50000     11009.82202 Case1_F021_EW 17
INLINE-  2147483647 2147483647    516434.15600   6250486.00000     10874.82175 Case1_F021_EW 17
INLINE-  2147483647 2147483647    516349.15600   6250597.00000     10670.12134 Case1_F021_EW 17
INLINE-  2147483647 2147483647    516296.75000   6250665.50000     10382.72077 Case1_F021_EW 17
INLINE-  2147483647 2147483647    516241.25000   6250738.00000      9991.93998 Case1_F021_EW 17
INLINE-  2147483647 2147483647    516223.71900   6250761.00000      9868.09974 Case1_F021_EW 17
INLINE-  2147483647 2147483647    516469.68800   6250378.00000     11009.82202 Case1_F021_EW 18
INLINE-  2147483647 2147483647    516404.53100   6250463.00000     10874.82175 Case1_F021_EW 18
INLINE-  2147483647 2147483647    516319.28100   6250574.50000     10670.12134 Case1_F021_EW 18
INLINE-  2147483647 2147483647    516266.87500   6250643.00000     10382.72077 Case1_F021_EW 18
INLINE-  2147483647 2147483647    516211.40600   6250715.50000      9991.93998 Case1_F021_EW 18
INLINE-  2147483647 2147483647    516194.09400   6250738.00000      9868.09974 Case1_F021_EW 18
