INLINE-  2147483647 2147483647    510952.90600   6254545.50000      9824.06465 Case2_F008_NS 1
INLINE-  2147483647 2147483647    511002.34400   6254583.00000      9943.03289 Case2_F008_NS 1
INLINE-  2147483647 2147483647    511102.06200   6254659.50000     10100.26820 Case2_F008_NS 1
INLINE-  2147483647 2147483647    510846.78100   6254558.50000      9816.21563 Case2_F008_NS 2
INLINE-  2147483647 2147483647    510907.50000   6254605.00000      9968.60894 Case2_F008_NS 2
INLINE-  2147483647 2147483647    511014.40600   6254687.00000     10178.57336 Case2_F008_NS 2
INLINE-  2147483647 2147483647    510771.75000   6254595.50000      9807.72462 Case2_F008_NS 3
INLINE-  2147483647 2147483647    510828.31200   6254639.00000      9975.50695 Case2_F008_NS 3
INLINE-  2147483647 2147483647    510931.37500   6254718.00000     10239.65748 Case2_F008_NS 3
INLINE-  2147483647 2147483647    510673.03100   6254614.50000      9848.29070 Case2_F008_NS 4
INLINE-  2147483647 2147483647    510746.53100   6254670.50000     10028.35406 Case2_F008_NS 4
INLINE-  2147483647 2147483647    510847.62500   6254748.00000     10227.36345 Case2_F008_NS 4
INLINE-  2147483647 2147483647    510601.25000   6254654.00000      9863.61573 Case2_F008_NS 5
INLINE-  2147483647 2147483647    510655.84400   6254696.00000     10015.04003 Case2_F008_NS 5
INLINE-  2147483647 2147483647    510771.34400   6254784.00000     10235.60647 Case2_F008_NS 5
INLINE-  2147483647 2147483647    510514.71900   6254682.00000      9907.98282 Case2_F008_NS 6
INLINE-  2147483647 2147483647    510604.50000   6254751.00000     10079.97316 Case2_F008_NS 6
INLINE-  2147483647 2147483647    510693.96900   6254819.50000     10234.66547 Case2_F008_NS 6
INLINE-  2147483647 2147483647    510455.62500   6254715.50000      9929.07086 Case2_F008_NS 7
INLINE-  2147483647 2147483647    510539.65600   6254780.00000     10084.79517 Case2_F008_NS 7
INLINE-  2147483647 2147483647    510632.71900   6254851.00000     10217.28943 Case2_F008_NS 7
INLINE-  2147483647 2147483647    510401.62500   6254768.50000      9957.93992 Case2_F008_NS 8
INLINE-  2147483647 2147483647    510480.34400   6254829.00000     10099.17420 Case2_F008_NS 8
INLINE-  2147483647 2147483647    510568.15600   6254896.00000     10199.38540 Case2_F008_NS 8
INLINE-  2147483647 2147483647    510404.43800   6254849.50000     10040.34608 Case2_F008_NS 9
INLINE-  2147483647 2147483647    510465.12500   6254896.00000     10116.29523 Case2_F008_NS 9
INLINE-  2147483647 2147483647    510530.18800   6254946.00000     10199.38540 Case2_F008_NS 9
INLINE-  2147483647 2147483647    510389.25000   6254869.50000     10040.34608 Case2_F008_NS 10
INLINE-  2147483647 2147483647    510449.93800   6254916.00000     10116.29523 Case2_F008_NS 10
INLINE-  2147483647 2147483647    510515.00000   6254965.50000     10199.38540 Case2_F008_NS 10
