INLINE-  2147483647 2147483647    513461.43800   6249413.50000      9491.63198 Case2_F161_EW 1
INLINE-  2147483647 2147483647    513450.90600   6249427.50000      9695.12339 Case2_F161_EW 1
INLINE-  2147483647 2147483647    513443.06200   6249437.50000      9982.01896 Case2_F161_EW 1
INLINE-  2147483647 2147483647    513402.81200   6249490.00000     10369.91374 Case2_F161_EW 1
INLINE-  2147483647 2147483647    513351.96900   6249556.50000     10688.60738 Case2_F161_EW 1
INLINE-  2147483647 2147483647    513303.59400   6249619.50000     10986.30997 Case2_F161_EW 1
INLINE-  2147483647 2147483647    513216.21900   6249734.00000     11379.53476 Case2_F161_EW 1
INLINE-  2147483647 2147483647    513127.21900   6249850.00000     11712.55743 Case2_F161_EW 1
INLINE-  2147483647 2147483647    513026.46900   6249982.00000     12029.17606 Case2_F161_EW 1
INLINE-  2147483647 2147483647    512920.46900   6250120.50000     12267.70554 Case2_F161_EW 1
INLINE-  2147483647 2147483647    513419.40600   6249406.50000      9562.67513 Case2_F161_EW 2
INLINE-  2147483647 2147483647    513420.34400   6249405.50000      9766.65553 Case2_F161_EW 2
INLINE-  2147483647 2147483647    513410.81200   6249418.00000      9936.31687 Case2_F161_EW 2
INLINE-  2147483647 2147483647    513369.81200   6249471.50000     10315.33463 Case2_F161_EW 2
INLINE-  2147483647 2147483647    513310.53100   6249549.00000     10677.63636 Case2_F161_EW 2
INLINE-  2147483647 2147483647    513247.34400   6249631.50000     11035.37807 Case2_F161_EW 2
INLINE-  2147483647 2147483647    513172.65600   6249729.00000     11377.53476 Case2_F161_EW 2
INLINE-  2147483647 2147483647    513088.15600   6249839.50000     11703.40241 Case2_F161_EW 2
INLINE-  2147483647 2147483647    512996.40600   6249959.50000     12015.37603 Case2_F161_EW 2
INLINE-  2147483647 2147483647    512886.09400   6250103.50000     12282.30756 Case2_F161_EW 2
INLINE-  2147483647 2147483647    513385.75000   6249389.00000      9593.82819 Case2_F161_EW 3
INLINE-  2147483647 2147483647    513383.00000   6249392.50000      9783.09057 Case2_F161_EW 3
INLINE-  2147483647 2147483647    513373.71900   6249404.50000      9969.83994 Case2_F161_EW 3
INLINE-  2147483647 2147483647    513325.43800   6249468.00000     10351.07570 Case2_F161_EW 3
INLINE-  2147483647 2147483647    513263.25000   6249549.00000     10702.67941 Case2_F161_EW 3
INLINE-  2147483647 2147483647    513198.12500   6249634.00000     11050.66410 Case2_F161_EW 3
INLINE-  2147483647 2147483647    513126.12500   6249728.00000     11389.10278 Case2_F161_EW 3
INLINE-  2147483647 2147483647    513044.34400   6249835.00000     11712.04242 Case2_F161_EW 3
INLINE-  2147483647 2147483647    512957.90600   6249948.00000     12026.10605 Case2_F161_EW 3
INLINE-  2147483647 2147483647    512852.46900   6250086.00000     12296.75659 Case2_F161_EW 3
INLINE-  2147483647 2147483647    513349.37500   6249375.00000      9639.89128 Case2_F161_EW 4
INLINE-  2147483647 2147483647    513341.21900   6249385.50000      9829.99666 Case2_F161_EW 4
INLINE-  2147483647 2147483647    513328.31200   6249402.50000     10017.69004 Case2_F161_EW 4
INLINE-  2147483647 2147483647    513282.18800   6249462.50000     10379.51276 Case2_F161_EW 4
INLINE-  2147483647 2147483647    513217.84400   6249546.50000     10722.01944 Case2_F161_EW 4
INLINE-  2147483647 2147483647    513151.46900   6249633.50000     11061.78012 Case2_F161_EW 4
INLINE-  2147483647 2147483647    513081.93800   6249724.50000     11397.03479 Case2_F161_EW 4
INLINE-  2147483647 2147483647    513003.28100   6249827.00000     11718.25044 Case2_F161_EW 4
INLINE-  2147483647 2147483647    512921.81200   6249933.50000     12034.42007 Case2_F161_EW 4
INLINE-  2147483647 2147483647    512821.46900   6250064.50000     12310.33562 Case2_F161_EW 4
INLINE-  2147483647 2147483647    513306.75000   6249348.00000      9672.26534 Case2_F161_EW 5
INLINE-  2147483647 2147483647    513289.81200   6249370.50000      9883.28377 Case2_F161_EW 5
INLINE-  2147483647 2147483647    513254.62500   6249416.50000     10238.46748 Case2_F161_EW 5
INLINE-  2147483647 2147483647    513192.03100   6249498.00000     10612.85423 Case2_F161_EW 5
INLINE-  2147483647 2147483647    513138.93800   6249567.50000     10859.13872 Case2_F161_EW 5
INLINE-  2147483647 2147483647    513062.81200   6249667.00000     11265.06553 Case2_F161_EW 5
INLINE-  2147483647 2147483647    512969.62500   6249789.00000     11674.63035 Case2_F161_EW 5
INLINE-  2147483647 2147483647    512881.00000   6249904.50000     12039.97508 Case2_F161_EW 5
INLINE-  2147483647 2147483647    512786.81200   6250027.50000     12321.00164 Case2_F161_EW 5
INLINE-  2147483647 2147483647    513268.93800   6249295.00000      9666.42533 Case2_F161_EW 6
INLINE-  2147483647 2147483647    513241.90600   6249330.00000      9964.99493 Case2_F161_EW 6
INLINE-  2147483647 2147483647    513212.78100   6249368.00000     10165.61833 Case2_F161_EW 6
INLINE-  2147483647 2147483647    513174.87500   6249417.50000     10367.73874 Case2_F161_EW 6
INLINE-  2147483647 2147483647    513117.81200   6249492.50000     10708.84142 Case2_F161_EW 6
INLINE-  2147483647 2147483647    513054.96900   6249574.50000     11042.97009 Case2_F161_EW 6
INLINE-  2147483647 2147483647    512990.75000   6249658.50000     11375.38175 Case2_F161_EW 6
INLINE-  2147483647 2147483647    512923.46900   6249746.00000     11703.33841 Case2_F161_EW 6
INLINE-  2147483647 2147483647    512848.21900   6249844.50000     12019.42504 Case2_F161_EW 6
INLINE-  2147483647 2147483647    512766.68800   6249951.00000     12323.45665 Case2_F161_EW 6
INLINE-  2147483647 2147483647    513220.93800   6249254.50000      9670.86934 Case2_F161_EW 7
INLINE-  2147483647 2147483647    513185.28100   6249301.50000      9964.91493 Case2_F161_EW 7
INLINE-  2147483647 2147483647    513141.93800   6249358.00000     10176.54135 Case2_F161_EW 7
INLINE-  2147483647 2147483647    513081.93800   6249436.50000     10587.88518 Case2_F161_EW 7
INLINE-  2147483647 2147483647    513039.68800   6249491.50000     10859.13872 Case2_F161_EW 7
INLINE-  2147483647 2147483647    512964.46900   6249590.00000     11263.89353 Case2_F161_EW 7
INLINE-  2147483647 2147483647    512895.68800   6249679.50000     11655.42931 Case2_F161_EW 7
INLINE-  2147483647 2147483647    512808.12500   6249794.00000     12047.26209 Case2_F161_EW 7
INLINE-  2147483647 2147483647    512743.56200   6249878.50000     12341.61268 Case2_F161_EW 7
INLINE-  2147483647 2147483647    513113.06200   6249293.00000      9752.70551 Case2_F161_EW 8
INLINE-  2147483647 2147483647    513085.15600   6249329.50000     10105.10221 Case2_F161_EW 8
INLINE-  2147483647 2147483647    513030.78100   6249400.50000     10437.09787 Case2_F161_EW 8
INLINE-  2147483647 2147483647    512987.31200   6249457.00000     10780.69256 Case2_F161_EW 8
INLINE-  2147483647 2147483647    512939.62500   6249519.50000     11119.96724 Case2_F161_EW 8
INLINE-  2147483647 2147483647    512884.68800   6249591.00000     11451.70390 Case2_F161_EW 8
INLINE-  2147483647 2147483647    512827.87500   6249665.50000     11781.43456 Case2_F161_EW 8
INLINE-  2147483647 2147483647    512767.06200   6249745.00000     12105.64321 Case2_F161_EW 8
INLINE-  2147483647 2147483647    512696.34400   6249837.50000     12416.14083 Case2_F161_EW 8
INLINE-  2147483647 2147483647    513004.96900   6249331.00000      9839.74168 Case2_F161_EW 9
INLINE-  2147483647 2147483647    513003.12500   6249333.50000     10004.73201 Case2_F161_EW 9
INLINE-  2147483647 2147483647    512991.37500   6249349.00000     10218.20844 Case2_F161_EW 9
INLINE-  2147483647 2147483647    512953.37500   6249398.50000     10467.13893 Case2_F161_EW 9
INLINE-  2147483647 2147483647    512907.03100   6249459.00000     10871.33374 Case2_F161_EW 9
INLINE-  2147483647 2147483647    512854.21900   6249528.00000     11334.52467 Case2_F161_EW 9
INLINE-  2147483647 2147483647    512791.15600   6249610.50000     11721.38244 Case2_F161_EW 9
INLINE-  2147483647 2147483647    512729.87500   6249690.50000     12142.82329 Case2_F161_EW 9
INLINE-  2147483647 2147483647    512653.21900   6249791.00000     12482.63397 Case2_F161_EW 9
INLINE-  2147483647 2147483647    512948.37500   6249302.50000      9880.59976 Case2_F161_EW 10
INLINE-  2147483647 2147483647    512931.68800   6249324.00000     10038.87708 Case2_F161_EW 10
INLINE-  2147483647 2147483647    512914.71900   6249346.50000     10217.81144 Case2_F161_EW 10
INLINE-  2147483647 2147483647    512890.31200   6249378.00000     10464.22993 Case2_F161_EW 10
INLINE-  2147483647 2147483647    512851.31200   6249429.00000     10819.75064 Case2_F161_EW 10
INLINE-  2147483647 2147483647    512808.59400   6249485.00000     11223.35345 Case2_F161_EW 10
INLINE-  2147483647 2147483647    512769.21900   6249536.50000     11630.18326 Case2_F161_EW 10
INLINE-  2147483647 2147483647    512719.59400   6249601.50000     11992.47898 Case2_F161_EW 10
INLINE-  2147483647 2147483647    512654.46900   6249686.50000     12456.54591 Case2_F161_EW 10
INLINE-  2147483647 2147483647    512900.28100   6249262.50000      9875.52975 Case2_F161_EW 11
INLINE-  2147483647 2147483647    512866.28100   6249307.00000     10197.74140 Case2_F161_EW 11
INLINE-  2147483647 2147483647    512834.28100   6249348.50000     10521.43404 Case2_F161_EW 11
INLINE-  2147483647 2147483647    512798.15600   6249396.00000     10842.14868 Case2_F161_EW 11
INLINE-  2147483647 2147483647    512764.21900   6249440.00000     11164.54533 Case2_F161_EW 11
INLINE-  2147483647 2147483647    512735.56200   6249477.50000     11490.52698 Case2_F161_EW 11
INLINE-  2147483647 2147483647    512697.28100   6249527.50000     11809.06062 Case2_F161_EW 11
INLINE-  2147483647 2147483647    512653.90600   6249584.50000     12123.48925 Case2_F161_EW 11
INLINE-  2147483647 2147483647    512615.15600   6249635.00000     12442.06788 Case2_F161_EW 11
INLINE-  2147483647 2147483647    512849.12500   6249226.50000      9880.59976 Case2_F161_EW 12
INLINE-  2147483647 2147483647    512832.43800   6249248.00000     10038.87708 Case2_F161_EW 12
INLINE-  2147483647 2147483647    512815.43800   6249270.50000     10217.81144 Case2_F161_EW 12
INLINE-  2147483647 2147483647    512791.03100   6249302.00000     10464.22993 Case2_F161_EW 12
INLINE-  2147483647 2147483647    512752.03100   6249353.00000     10819.75064 Case2_F161_EW 12
INLINE-  2147483647 2147483647    512709.34400   6249409.00000     11223.35345 Case2_F161_EW 12
INLINE-  2147483647 2147483647    512669.96900   6249460.50000     11630.18326 Case2_F161_EW 12
INLINE-  2147483647 2147483647    512617.93800   6249528.50000     12003.41201 Case2_F161_EW 12
INLINE-  2147483647 2147483647    512568.15600   6249593.50000     12431.91686 Case2_F161_EW 12
INLINE-  2147483647 2147483647    512782.62500   6249210.50000      9948.41290 Case2_F161_EW 13
INLINE-  2147483647 2147483647    512750.50000   6249252.50000     10259.56252 Case2_F161_EW 13
INLINE-  2147483647 2147483647    512724.03100   6249287.00000     10574.15415 Case2_F161_EW 13
INLINE-  2147483647 2147483647    512696.06200   6249323.50000     10887.71078 Case2_F161_EW 13
INLINE-  2147483647 2147483647    512661.53100   6249368.50000     11197.12939 Case2_F161_EW 13
INLINE-  2147483647 2147483647    512627.68800   6249413.00000     11506.95601 Case2_F161_EW 13
INLINE-  2147483647 2147483647    512591.62500   6249460.00000     11814.98863 Case2_F161_EW 13
INLINE-  2147483647 2147483647    512554.15600   6249509.00000     12121.87124 Case2_F161_EW 13
INLINE-  2147483647 2147483647    512518.84400   6249555.00000     12430.64786 Case2_F161_EW 13
INLINE-  2147483647 2147483647    512713.28100   6249198.00000     10028.12006 Case2_F161_EW 14
INLINE-  2147483647 2147483647    512690.78100   6249227.50000     10230.47546 Case2_F161_EW 14
INLINE-  2147483647 2147483647    512667.90600   6249257.50000     10471.51494 Case2_F161_EW 14
INLINE-  2147483647 2147483647    512652.78100   6249277.00000     10819.75064 Case2_F161_EW 14
INLINE-  2147483647 2147483647    512611.15600   6249331.50000     11199.40940 Case2_F161_EW 14
INLINE-  2147483647 2147483647    512560.25000   6249398.00000     11598.36420 Case2_F161_EW 14
INLINE-  2147483647 2147483647    512518.68800   6249452.50000     12003.41201 Case2_F161_EW 14
INLINE-  2147483647 2147483647    512468.87500   6249517.50000     12431.91686 Case2_F161_EW 14
