INLINE-  2147483647 2147483647    518788.06200   6248870.50000      9683.90937 Case1_F113_EW 1
INLINE-  2147483647 2147483647    518806.87500   6248846.00000      9948.00990 Case1_F113_EW 1
INLINE-  2147483647 2147483647    518837.40600   6248806.00000     10182.52037 Case1_F113_EW 1
INLINE-  2147483647 2147483647    518897.21900   6248728.00000     10539.82108 Case1_F113_EW 1
INLINE-  2147483647 2147483647    518957.28100   6248649.50000     10819.02164 Case1_F113_EW 1
INLINE-  2147483647 2147483647    519111.46900   6248448.00000     11213.72243 Case1_F113_EW 1
INLINE-  2147483647 2147483647    519255.00000   6248260.50000     11463.12293 Case1_F113_EW 1
INLINE-  2147483647 2147483647    519422.93800   6248041.00000     11684.82337 Case1_F113_EW 1
INLINE-  2147483647 2147483647    519580.93800   6247834.50000     12001.52400 Case1_F113_EW 1
INLINE-  2147483647 2147483647    518742.78100   6248827.00000      9653.93931 Case1_F113_EW 2
INLINE-  2147483647 2147483647    518756.53100   6248809.00000      9948.67990 Case1_F113_EW 2
INLINE-  2147483647 2147483647    518787.81200   6248768.00000     10182.52037 Case1_F113_EW 2
INLINE-  2147483647 2147483647    518852.18800   6248684.00000     10522.62105 Case1_F113_EW 2
INLINE-  2147483647 2147483647    518907.65600   6248611.50000     10819.02164 Case1_F113_EW 2
INLINE-  2147483647 2147483647    519042.03100   6248436.00000     11193.42239 Case1_F113_EW 2
INLINE-  2147483647 2147483647    519185.78100   6248248.00000     11429.12286 Case1_F113_EW 2
INLINE-  2147483647 2147483647    519427.28100   6247932.50000     11771.12354 Case1_F113_EW 2
INLINE-  2147483647 2147483647    518685.71900   6248798.50000      9662.49932 Case1_F113_EW 3
INLINE-  2147483647 2147483647    518700.00000   6248780.00000      9918.20984 Case1_F113_EW 3
INLINE-  2147483647 2147483647    518721.37500   6248752.00000     10147.82030 Case1_F113_EW 3
INLINE-  2147483647 2147483647    518801.03100   6248648.00000     10571.22114 Case1_F113_EW 3
INLINE-  2147483647 2147483647    518858.00000   6248573.50000     10819.02164 Case1_F113_EW 3
INLINE-  2147483647 2147483647    519000.00000   6248388.00000     11242.02248 Case1_F113_EW 3
INLINE-  2147483647 2147483647    519237.15600   6248078.00000     11604.12321 Case1_F113_EW 3
INLINE-  2147483647 2147483647    519383.71900   6247886.50000     11802.12360 Case1_F113_EW 3
INLINE-  2147483647 2147483647    518636.65600   6248760.00000      9682.63937 Case1_F113_EW 4
INLINE-  2147483647 2147483647    518648.12500   6248745.00000      9938.54988 Case1_F113_EW 4
INLINE-  2147483647 2147483647    518667.18800   6248720.00000     10225.22045 Case1_F113_EW 4
INLINE-  2147483647 2147483647    518750.65600   6248611.00000     10673.42135 Case1_F113_EW 4
INLINE-  2147483647 2147483647    518863.12500   6248464.00000     11069.82214 Case1_F113_EW 4
INLINE-  2147483647 2147483647    519009.68800   6248272.50000     11384.62277 Case1_F113_EW 4
INLINE-  2147483647 2147483647    519168.46900   6248065.00000     11654.52331 Case1_F113_EW 4
INLINE-  2147483647 2147483647    519324.21900   6247861.50000     11833.82367 Case1_F113_EW 4
INLINE-  2147483647 2147483647    518567.40600   6248747.50000      9736.40947 Case1_F113_EW 5
INLINE-  2147483647 2147483647    518598.46900   6248707.00000     10208.12042 Case1_F113_EW 5
INLINE-  2147483647 2147483647    518659.28100   6248627.50000     10561.72012 Case1_F113_EW 5
INLINE-  2147483647 2147483647    518751.15600   6248507.50000     10985.02197 Case1_F113_EW 5
INLINE-  2147483647 2147483647    518875.81200   6248344.50000     11248.02250 Case1_F113_EW 5
INLINE-  2147483647 2147483647    519069.46900   6248091.50000     11606.42321 Case1_F113_EW 5
INLINE-  2147483647 2147483647    519250.12500   6247855.50000     11790.62358 Case1_F113_EW 5
INLINE-  2147483647 2147483647    518494.90600   6248739.50000      9719.37944 Case1_F113_EW 6
INLINE-  2147483647 2147483647    518507.12500   6248723.50000      9976.05995 Case1_F113_EW 6
INLINE-  2147483647 2147483647    518543.50000   6248676.00000     10227.22045 Case1_F113_EW 6
INLINE-  2147483647 2147483647    518623.40600   6248571.50000     10660.22132 Case1_F113_EW 6
INLINE-  2147483647 2147483647    518701.53100   6248469.50000     10985.02197 Case1_F113_EW 6
INLINE-  2147483647 2147483647    518779.12500   6248368.00000     11251.12250 Case1_F113_EW 6
INLINE-  2147483647 2147483647    519005.34400   6248072.50000     11627.22325 Case1_F113_EW 6
INLINE-  2147483647 2147483647    519198.25000   6247820.50000     11822.32364 Case1_F113_EW 6
INLINE-  2147483647 2147483647    518417.28100   6248738.00000      9714.16943 Case1_F113_EW 7
INLINE-  2147483647 2147483647    518477.34400   6248659.50000     10221.71944 Case1_F113_EW 7
INLINE-  2147483647 2147483647    518545.53100   6248570.50000     10659.12132 Case1_F113_EW 7
INLINE-  2147483647 2147483647    518638.15600   6248449.50000     11003.22201 Case1_F113_EW 7
INLINE-  2147483647 2147483647    518710.43800   6248355.00000     11277.72256 Case1_F113_EW 7
INLINE-  2147483647 2147483647    518955.71900   6248034.50000     11627.22325 Case1_F113_EW 7
INLINE-  2147483647 2147483647    519150.90600   6247779.50000     11879.82376 Case1_F113_EW 7
INLINE-  2147483647 2147483647    518353.15600   6248719.00000      9752.05950 Case1_F113_EW 8
INLINE-  2147483647 2147483647    518407.84400   6248647.50000     10214.92043 Case1_F113_EW 8
INLINE-  2147483647 2147483647    518496.65600   6248531.50000     10719.22044 Case1_F113_EW 8
INLINE-  2147483647 2147483647    518564.34400   6248443.00000     10983.72197 Case1_F113_EW 8
INLINE-  2147483647 2147483647    518656.21900   6248323.00000     11347.52270 Case1_F113_EW 8
INLINE-  2147483647 2147483647    518906.09400   6247996.50000     11627.22325 Case1_F113_EW 8
INLINE-  2147483647 2147483647    519113.46900   6247725.50000     11913.32383 Case1_F113_EW 8
INLINE-  2147483647 2147483647    518303.56200   6248681.00000      9752.05950 Case1_F113_EW 9
INLINE-  2147483647 2147483647    518350.65600   6248619.50000     10332.22066 Case1_F113_EW 9
INLINE-  2147483647 2147483647    518440.21900   6248502.50000     10848.72170 Case1_F113_EW 9
INLINE-  2147483647 2147483647    518483.46900   6248446.00000     11070.22214 Case1_F113_EW 9
INLINE-  2147483647 2147483647    518639.96900   6248241.50000     11443.82289 Case1_F113_EW 9
INLINE-  2147483647 2147483647    518856.50000   6247958.50000     11627.22325 Case1_F113_EW 9
INLINE-  2147483647 2147483647    519063.87500   6247687.50000     11913.32383 Case1_F113_EW 9
INLINE-  2147483647 2147483647    518229.50000   6248695.50000      9649.67930 Case1_F113_EW 10
INLINE-  2147483647 2147483647    518248.59400   6248670.50000      9906.63981 Case1_F113_EW 10
INLINE-  2147483647 2147483647    518276.06200   6248634.50000     10240.12048 Case1_F113_EW 10
INLINE-  2147483647 2147483647    518354.18800   6248532.50000     10832.62167 Case1_F113_EW 10
INLINE-  2147483647 2147483647    518463.59400   6248389.50000     11193.22239 Case1_F113_EW 10
INLINE-  2147483647 2147483647    518619.34400   6248186.00000     11472.72295 Case1_F113_EW 10
INLINE-  2147483647 2147483647    518840.21900   6247897.50000     11653.82331 Case1_F113_EW 10
INLINE-  2147483647 2147483647    519025.68800   6247655.00000     11913.52383 Case1_F113_EW 10
INLINE-  2147483647 2147483647    518171.68800   6248668.00000      9679.27936 Case1_F113_EW 11
INLINE-  2147483647 2147483647    518234.56200   6248586.00000     10368.22074 Case1_F113_EW 11
INLINE-  2147483647 2147483647    518302.25000   6248497.50000     10899.62180 Case1_F113_EW 11
INLINE-  2147483647 2147483647    518377.53100   6248399.00000     11128.72226 Case1_F113_EW 11
INLINE-  2147483647 2147483647    518517.25000   6248216.50000     11347.52270 Case1_F113_EW 11
INLINE-  2147483647 2147483647    518767.12500   6247890.00000     11627.22325 Case1_F113_EW 11
INLINE-  2147483647 2147483647    518974.50000   6247619.00000     11913.32383 Case1_F113_EW 11
INLINE-  2147483647 2147483647    518123.62500   6248628.00000      9699.71940 Case1_F113_EW 12
INLINE-  2147483647 2147483647    518144.75000   6248600.50000     10119.62024 Case1_F113_EW 12
INLINE-  2147483647 2147483647    518166.87500   6248571.50000     10334.02067 Case1_F113_EW 12
INLINE-  2147483647 2147483647    518230.50000   6248488.50000     10866.02173 Case1_F113_EW 12
INLINE-  2147483647 2147483647    518311.93800   6248382.00000     11112.22222 Case1_F113_EW 12
INLINE-  2147483647 2147483647    518473.75000   6248170.50000     11379.22276 Case1_F113_EW 12
INLINE-  2147483647 2147483647    518740.18800   6247822.50000     11683.42337 Case1_F113_EW 12
INLINE-  2147483647 2147483647    518914.21900   6247595.00000     11911.72382 Case1_F113_EW 12
INLINE-  2147483647 2147483647    518064.06200   6248603.00000      9769.69954 Case1_F113_EW 13
INLINE-  2147483647 2147483647    518081.37500   6248580.50000     10093.22019 Case1_F113_EW 13
INLINE-  2147483647 2147483647    518102.00000   6248553.50000     10330.02066 Case1_F113_EW 13
INLINE-  2147483647 2147483647    518165.09400   6248471.00000     10829.02166 Case1_F113_EW 13
INLINE-  2147483647 2147483647    518262.28100   6248344.00000     11112.22222 Case1_F113_EW 13
INLINE-  2147483647 2147483647    518408.87500   6248152.50000     11397.22279 Case1_F113_EW 13
INLINE-  2147483647 2147483647    518662.56200   6247821.00000     11660.92332 Case1_F113_EW 13
INLINE-  2147483647 2147483647    518851.62500   6247574.00000     11922.12384 Case1_F113_EW 13
INLINE-  2147483647 2147483647    518022.06200   6248555.00000      9770.90854 Case1_F113_EW 14
INLINE-  2147483647 2147483647    518036.31200   6248536.50000     10028.32006 Case1_F113_EW 14
INLINE-  2147483647 2147483647    518056.93800   6248509.50000     10333.52067 Case1_F113_EW 14
INLINE-  2147483647 2147483647    518115.43800   6248433.00000     10829.02166 Case1_F113_EW 14
INLINE-  2147483647 2147483647    518212.65600   6248306.00000     11112.22222 Case1_F113_EW 14
INLINE-  2147483647 2147483647    518359.21900   6248114.50000     11397.22279 Case1_F113_EW 14
INLINE-  2147483647 2147483647    518615.21900   6247780.00000     11678.72336 Case1_F113_EW 14
INLINE-  2147483647 2147483647    518803.50000   6247534.00000     11962.12392 Case1_F113_EW 14
INLINE-  2147483647 2147483647    517933.40600   6248506.50000      9652.03930 Case1_F113_EW 15
INLINE-  2147483647 2147483647    517951.71900   6248482.50000     10042.72009 Case1_F113_EW 15
INLINE-  2147483647 2147483647    517985.06200   6248439.00000     10347.52070 Case1_F113_EW 15
INLINE-  2147483647 2147483647    518045.12500   6248360.50000     10845.72169 Case1_F113_EW 15
INLINE-  2147483647 2147483647    518133.15600   6248245.50000     11112.22222 Case1_F113_EW 15
INLINE-  2147483647 2147483647    518279.75000   6248054.00000     11397.22279 Case1_F113_EW 15
INLINE-  2147483647 2147483647    518519.93800   6247740.00000     11685.12337 Case1_F113_EW 15
INLINE-  2147483647 2147483647    518706.68800   6247496.00000     11957.82392 Case1_F113_EW 15
INLINE-  2147483647 2147483647    517886.03100   6248465.50000      9765.81953 Case1_F113_EW 16
INLINE-  2147483647 2147483647    517906.65600   6248438.50000     10104.21921 Case1_F113_EW 16
INLINE-  2147483647 2147483647    517958.31200   6248371.00000     10566.12113 Case1_F113_EW 16
INLINE-  2147483647 2147483647    517995.46900   6248322.50000     10845.72169 Case1_F113_EW 16
INLINE-  2147483647 2147483647    518083.53100   6248207.50000     11112.22222 Case1_F113_EW 16
INLINE-  2147483647 2147483647    518230.06200   6248016.00000     11397.22279 Case1_F113_EW 16
INLINE-  2147483647 2147483647    518470.28100   6247702.00000     11685.12337 Case1_F113_EW 16
INLINE-  2147483647 2147483647    518657.06200   6247458.00000     11957.82392 Case1_F113_EW 16
INLINE-  2147483647 2147483647    517851.68800   6248407.50000      9851.57970 Case1_F113_EW 17
INLINE-  2147483647 2147483647    517869.00000   6248385.00000     10115.22023 Case1_F113_EW 17
INLINE-  2147483647 2147483647    517908.68800   6248333.00000     10566.12113 Case1_F113_EW 17
INLINE-  2147483647 2147483647    517945.84400   6248284.50000     10845.72169 Case1_F113_EW 17
INLINE-  2147483647 2147483647    518033.90600   6248169.50000     11112.22222 Case1_F113_EW 17
INLINE-  2147483647 2147483647    518180.46900   6247978.00000     11397.22279 Case1_F113_EW 17
INLINE-  2147483647 2147483647    518420.65600   6247664.00000     11685.12337 Case1_F113_EW 17
INLINE-  2147483647 2147483647    518607.43800   6247420.00000     11957.82392 Case1_F113_EW 17
