INLINE-  2147483647 2147483647    516560.40600   6248305.50000      9022.01804 Case1_F107_EW 1
INLINE-  2147483647 2147483647    516610.53100   6248240.00000      9398.79780 Case1_F107_EW 1
INLINE-  2147483647 2147483647    516666.00000   6248167.50000      9649.40930 Case1_F107_EW 1
INLINE-  2147483647 2147483647    516855.06200   6247920.50000      9947.81990 Case1_F107_EW 1
INLINE-  2147483647 2147483647    516481.93800   6248305.00000      8997.76800 Case1_F107_EW 2
INLINE-  2147483647 2147483647    516554.71900   6248210.00000      9398.08880 Case1_F107_EW 2
INLINE-  2147483647 2147483647    516629.28100   6248112.50000      9645.36929 Case1_F107_EW 2
INLINE-  2147483647 2147483647    516825.21900   6247856.50000      9942.57889 Case1_F107_EW 2
INLINE-  2147483647 2147483647    516442.87500   6248253.50000      9042.15708 Case1_F107_EW 3
INLINE-  2147483647 2147483647    516505.21900   6248172.00000      9398.08880 Case1_F107_EW 3
INLINE-  2147483647 2147483647    516593.25000   6248057.00000      9656.14931 Case1_F107_EW 3
INLINE-  2147483647 2147483647    516758.90600   6247840.50000      9909.26982 Case1_F107_EW 3
INLINE-  2147483647 2147483647    516399.34400   6248207.50000      9052.11810 Case1_F107_EW 4
INLINE-  2147483647 2147483647    516464.71900   6248122.00000      9383.70877 Case1_F107_EW 4
INLINE-  2147483647 2147483647    516543.62500   6248019.00000      9656.14931 Case1_F107_EW 4
INLINE-  2147483647 2147483647    516704.68800   6247808.50000      9902.91981 Case1_F107_EW 4
INLINE-  2147483647 2147483647    516360.37500   6248155.50000      9064.42813 Case1_F107_EW 5
INLINE-  2147483647 2147483647    516415.09400   6248084.00000      9383.70877 Case1_F107_EW 5
INLINE-  2147483647 2147483647    516493.96900   6247981.00000      9656.14931 Case1_F107_EW 5
INLINE-  2147483647 2147483647    516655.03100   6247770.50000      9902.91981 Case1_F107_EW 5
INLINE-  2147483647 2147483647    516322.15600   6248102.50000      9085.74817 Case1_F107_EW 6
INLINE-  2147483647 2147483647    516365.43800   6248046.00000      9383.70877 Case1_F107_EW 6
INLINE-  2147483647 2147483647    516444.31200   6247943.00000      9656.14931 Case1_F107_EW 6
INLINE-  2147483647 2147483647    516605.37500   6247732.50000      9902.91981 Case1_F107_EW 6
INLINE-  2147483647 2147483647    516288.37500   6248044.00000      9112.48822 Case1_F107_EW 7
INLINE-  2147483647 2147483647    516321.93800   6248000.00000      9375.97875 Case1_F107_EW 7
INLINE-  2147483647 2147483647    516394.71900   6247905.00000      9656.14931 Case1_F107_EW 7
INLINE-  2147483647 2147483647    516555.78100   6247694.50000      9902.91981 Case1_F107_EW 7
