INLINE-  2147483647 2147483647    511269.93800   6255889.50000      9796.85859 Case2_F003_NS 1
INLINE-  2147483647 2147483647    511284.28100   6255900.50000     10034.37907 Case2_F003_NS 1
INLINE-  2147483647 2147483647    511310.37500   6255920.50000     10264.53253 Case2_F003_NS 1
INLINE-  2147483647 2147483647    511347.15600   6255948.50000     10482.20796 Case2_F003_NS 1
INLINE-  2147483647 2147483647    511234.59400   6255910.00000      9825.79065 Case2_F003_NS 2
INLINE-  2147483647 2147483647    511249.15600   6255921.00000     10059.17212 Case2_F003_NS 2
INLINE-  2147483647 2147483647    511282.87500   6255947.00000     10284.14357 Case2_F003_NS 2
INLINE-  2147483647 2147483647    511329.56200   6255982.50000     10499.38600 Case2_F003_NS 2
INLINE-  2147483647 2147483647    511204.06200   6255918.00000      9853.07271 Case2_F003_NS 3
INLINE-  2147483647 2147483647    511221.78100   6255931.50000     10094.40519 Case2_F003_NS 3
INLINE-  2147483647 2147483647    511266.12500   6255965.50000     10328.89966 Case2_F003_NS 3
INLINE-  2147483647 2147483647    511315.68800   6256003.50000     10510.29602 Case2_F003_NS 3
INLINE-  2147483647 2147483647    511165.15600   6255919.50000      9886.83577 Case2_F003_NS 4
INLINE-  2147483647 2147483647    511189.62500   6255938.50000     10108.91822 Case2_F003_NS 4
INLINE-  2147483647 2147483647    511232.00000   6255971.00000     10319.58364 Case2_F003_NS 4
INLINE-  2147483647 2147483647    511294.40600   6256018.50000     10509.18902 Case2_F003_NS 4
INLINE-  2147483647 2147483647    511117.78100   6255930.50000      9908.75782 Case2_F003_NS 5
INLINE-  2147483647 2147483647    511141.40600   6255948.50000     10070.62214 Case2_F003_NS 5
INLINE-  2147483647 2147483647    511181.43800   6255979.50000     10283.27657 Case2_F003_NS 5
INLINE-  2147483647 2147483647    511263.65600   6256042.00000     10504.12501 Case2_F003_NS 5
INLINE-  2147483647 2147483647    511081.81200   6255934.50000      9891.75178 Case2_F003_NS 6
INLINE-  2147483647 2147483647    511115.56200   6255960.50000     10110.44122 Case2_F003_NS 6
INLINE-  2147483647 2147483647    511165.12500   6255998.50000     10316.19263 Case2_F003_NS 6
INLINE-  2147483647 2147483647    511237.65600   6256054.00000     10492.47598 Case2_F003_NS 6
INLINE-  2147483647 2147483647    511039.15600   6255949.00000      9876.04475 Case2_F003_NS 7
INLINE-  2147483647 2147483647    511068.71900   6255971.50000     10076.64515 Case2_F003_NS 7
INLINE-  2147483647 2147483647    511137.75000   6256024.50000     10335.39667 Case2_F003_NS 7
INLINE-  2147483647 2147483647    511205.46900   6256076.50000     10484.98997 Case2_F003_NS 7
INLINE-  2147483647 2147483647    511001.81200   6255967.50000      9892.74079 Case2_F003_NS 8
INLINE-  2147483647 2147483647    511037.25000   6255995.00000     10119.05824 Case2_F003_NS 8
INLINE-  2147483647 2147483647    511099.46900   6256042.50000     10320.70964 Case2_F003_NS 8
INLINE-  2147483647 2147483647    511180.12500   6256104.00000     10493.64399 Case2_F003_NS 8
INLINE-  2147483647 2147483647    510971.00000   6255975.50000      9905.54081 Case2_F003_NS 9
INLINE-  2147483647 2147483647    511005.34400   6256002.00000     10123.10025 Case2_F003_NS 9
INLINE-  2147483647 2147483647    511076.15600   6256056.00000     10329.71966 Case2_F003_NS 9
INLINE-  2147483647 2147483647    511164.50000   6256123.50000     10506.31801 Case2_F003_NS 9
INLINE-  2147483647 2147483647    510931.59400   6255977.00000      9884.31877 Case2_F003_NS 10
INLINE-  2147483647 2147483647    510980.21900   6256014.00000     10128.73326 Case2_F003_NS 10
INLINE-  2147483647 2147483647    511056.37500   6256072.50000     10343.49969 Case2_F003_NS 10
INLINE-  2147483647 2147483647    511152.40600   6256146.00000     10522.66005 Case2_F003_NS 10
INLINE-  2147483647 2147483647    510887.78100   6255990.50000      9861.86972 Case2_F003_NS 11
INLINE-  2147483647 2147483647    510933.28100   6256025.50000     10076.43815 Case2_F003_NS 11
INLINE-  2147483647 2147483647    511033.78100   6256102.50000     10363.41873 Case2_F003_NS 11
INLINE-  2147483647 2147483647    511130.71900   6256176.50000     10534.90007 Case2_F003_NS 11
INLINE-  2147483647 2147483647    510868.06200   6256007.00000      9860.12872 Case2_F003_NS 12
INLINE-  2147483647 2147483647    510923.18800   6256049.00000     10118.50224 Case2_F003_NS 12
INLINE-  2147483647 2147483647    511006.68800   6256113.00000     10344.39069 Case2_F003_NS 12
INLINE-  2147483647 2147483647    511109.50000   6256191.50000     10535.01307 Case2_F003_NS 12
INLINE-  2147483647 2147483647    510840.93800   6256033.50000      9859.48472 Case2_F003_NS 13
INLINE-  2147483647 2147483647    510890.31200   6256071.00000     10104.27621 Case2_F003_NS 13
INLINE-  2147483647 2147483647    510976.09400   6256137.00000     10333.08467 Case2_F003_NS 13
INLINE-  2147483647 2147483647    511078.56200   6256215.50000     10531.65206 Case2_F003_NS 13
INLINE-  2147483647 2147483647    510804.65600   6256053.00000      9852.49070 Case2_F003_NS 14
INLINE-  2147483647 2147483647    510865.90600   6256100.00000     10102.94421 Case2_F003_NS 14
INLINE-  2147483647 2147483647    510948.65600   6256163.00000     10327.38565 Case2_F003_NS 14
INLINE-  2147483647 2147483647    511046.37500   6256238.00000     10525.83005 Case2_F003_NS 14
INLINE-  2147483647 2147483647    510776.62500   6256063.00000      9840.40368 Case2_F003_NS 15
INLINE-  2147483647 2147483647    510842.03100   6256113.00000     10076.71815 Case2_F003_NS 15
INLINE-  2147483647 2147483647    510928.59400   6256179.00000     10322.75065 Case2_F003_NS 15
INLINE-  2147483647 2147483647    511020.75000   6256249.50000     10518.31804 Case2_F003_NS 15
INLINE-  2147483647 2147483647    510748.93800   6256089.00000      9819.20864 Case2_F003_NS 16
INLINE-  2147483647 2147483647    510814.28100   6256139.00000     10066.96113 Case2_F003_NS 16
INLINE-  2147483647 2147483647    510892.09400   6256198.50000     10299.74960 Case2_F003_NS 16
INLINE-  2147483647 2147483647    510985.65600   6256270.00000     10507.65402 Case2_F003_NS 16
INLINE-  2147483647 2147483647    510730.37500   6256106.00000      9794.87859 Case2_F003_NS 17
INLINE-  2147483647 2147483647    510790.78100   6256152.50000     10047.92010 Case2_F003_NS 17
INLINE-  2147483647 2147483647    510865.84400   6256210.00000     10284.42457 Case2_F003_NS 17
INLINE-  2147483647 2147483647    510957.53100   6256280.00000     10495.99099 Case2_F003_NS 17
INLINE-  2147483647 2147483647    510691.90600   6256139.50000      9740.47848 Case2_F003_NS 18
INLINE-  2147483647 2147483647    510759.15600   6256191.00000     10080.61816 Case2_F003_NS 18
INLINE-  2147483647 2147483647    510830.43800   6256245.50000     10303.90961 Case2_F003_NS 18
INLINE-  2147483647 2147483647    510900.31200   6256299.00000     10471.06394 Case2_F003_NS 18
