INLINE-  2147483647 2147483647    517960.15600   6248183.50000      9756.90951 Case1_F118_EW 1
INLINE-  2147483647 2147483647    517989.65600   6248145.00000     10060.22012 Case1_F118_EW 1
INLINE-  2147483647 2147483647    518033.68800   6248087.50000     10467.52094 Case1_F118_EW 1
INLINE-  2147483647 2147483647    517910.50000   6248145.50000      9756.90951 Case1_F118_EW 2
INLINE-  2147483647 2147483647    517947.65600   6248097.00000     10058.42012 Case1_F118_EW 2
INLINE-  2147483647 2147483647    517984.81200   6248048.50000     10496.02099 Case1_F118_EW 2
INLINE-  2147483647 2147483647    517860.84400   6248107.50000      9756.90951 Case1_F118_EW 3
INLINE-  2147483647 2147483647    517898.03100   6248059.00000     10058.42012 Case1_F118_EW 3
INLINE-  2147483647 2147483647    517925.25000   6248023.50000     10456.12091 Case1_F118_EW 3
INLINE-  2147483647 2147483647    517814.28100   6248065.50000      9754.74951 Case1_F118_EW 4
INLINE-  2147483647 2147483647    517843.06200   6248028.00000     10115.22023 Case1_F118_EW 4
INLINE-  2147483647 2147483647    517872.59400   6247989.50000     10514.42103 Case1_F118_EW 4
INLINE-  2147483647 2147483647    517767.56200   6248024.00000      9748.15950 Case1_F118_EW 5
INLINE-  2147483647 2147483647    517777.50000   6248011.00000      9901.88980 Case1_F118_EW 5
