INLINE-  2147483647 2147483647    517679.46900   6250969.00000      9841.87668 Case1_F024_NNW 1
INLINE-  2147483647 2147483647    517683.21900   6250993.00000     10165.97033 Case1_F024_NNW 1
INLINE-  2147483647 2147483647    517690.84400   6251042.50000     10545.27409 Case1_F024_NNW 1
INLINE-  2147483647 2147483647    517618.09400   6250907.00000      9887.36777 Case1_F024_NNW 2
INLINE-  2147483647 2147483647    517618.68800   6250910.50000     10191.28838 Case1_F024_NNW 2
INLINE-  2147483647 2147483647    517622.28100   6250934.00000     10676.52335 Case1_F024_NNW 2
INLINE-  2147483647 2147483647    517543.46900   6250884.50000      9841.21068 Case1_F024_NNW 3
INLINE-  2147483647 2147483647    517544.68800   6250892.00000     10196.52639 Case1_F024_NNW 3
INLINE-  2147483647 2147483647    517552.21900   6250941.00000     10720.45244 Case1_F024_NNW 3
INLINE-  2147483647 2147483647    517451.31200   6250859.00000      9826.28765 Case1_F024_NNW 4
INLINE-  2147483647 2147483647    517454.00000   6250876.50000     10196.86039 Case1_F024_NNW 4
INLINE-  2147483647 2147483647    517456.65600   6250893.50000     10727.37845 Case1_F024_NNW 4
INLINE-  2147483647 2147483647    517390.37500   6250868.50000      9826.28765 Case1_F024_NNW 5
INLINE-  2147483647 2147483647    517390.40600   6250869.00000     10205.60441 Case1_F024_NNW 5
INLINE-  2147483647 2147483647    517393.34400   6250888.00000     10707.32141 Case1_F024_NNW 5
INLINE-  2147483647 2147483647    517354.40600   6250867.00000      9839.59968 Case1_F024_NNW 6
INLINE-  2147483647 2147483647    517355.46900   6250874.00000     10205.60441 Case1_F024_NNW 6
INLINE-  2147483647 2147483647    517358.40600   6250893.00000     10707.32141 Case1_F024_NNW 6
INLINE-  2147483647 2147483647    517318.68800   6250870.00000      9865.62673 Case1_F024_NNW 7
INLINE-  2147483647 2147483647    517320.96900   6250884.50000     10228.50346 Case1_F024_NNW 7
INLINE-  2147483647 2147483647    517326.68800   6250921.50000     10779.08356 Case1_F024_NNW 7
INLINE-  2147483647 2147483647    517265.43800   6250875.00000      9838.21068 Case1_F024_NNW 8
INLINE-  2147483647 2147483647    517271.96900   6250917.50000     10252.01050 Case1_F024_NNW 8
INLINE-  2147483647 2147483647    517276.37500   6250946.00000     10686.92937 Case1_F024_NNW 8
INLINE-  2147483647 2147483647    517282.15600   6250983.00000     11064.29413 Case1_F024_NNW 8
INLINE-  2147483647 2147483647    517178.06200   6250890.50000      9831.63666 Case1_F024_NNW 9
INLINE-  2147483647 2147483647    517185.37500   6250938.00000     10288.25858 Case1_F024_NNW 9
INLINE-  2147483647 2147483647    517191.43800   6250977.00000     10746.57449 Case1_F024_NNW 9
INLINE-  2147483647 2147483647    517199.93800   6251032.50000     11200.87640 Case1_F024_NNW 9
INLINE-  2147483647 2147483647    517126.09400   6250901.50000      9830.19466 Case1_F024_NNW 10
INLINE-  2147483647 2147483647    517133.18800   6250947.50000     10293.71159 Case1_F024_NNW 10
INLINE-  2147483647 2147483647    517137.53100   6250975.50000     10661.46532 Case1_F024_NNW 10
INLINE-  2147483647 2147483647    517146.87500   6251036.00000     11179.62736 Case1_F024_NNW 10
INLINE-  2147483647 2147483647    517047.31200   6250913.50000      9830.19466 Case1_F024_NNW 11
INLINE-  2147483647 2147483647    517055.25000   6250965.00000     10315.38763 Case1_F024_NNW 11
INLINE-  2147483647 2147483647    517061.21900   6251003.50000     10681.14536 Case1_F024_NNW 11
INLINE-  2147483647 2147483647    517068.09400   6251048.00000     11179.62736 Case1_F024_NNW 11
INLINE-  2147483647 2147483647    517003.56200   6250918.50000      9797.70560 Case1_F024_NNW 12
INLINE-  2147483647 2147483647    517011.78100   6250971.50000     10315.38763 Case1_F024_NNW 12
INLINE-  2147483647 2147483647    517019.84400   6251024.00000     10747.41249 Case1_F024_NNW 12
INLINE-  2147483647 2147483647    517024.59400   6251054.50000     11179.62736 Case1_F024_NNW 12
INLINE-  2147483647 2147483647    516968.65600   6250924.00000      9797.70560 Case1_F024_NNW 13
INLINE-  2147483647 2147483647    516978.06200   6250985.00000     10339.07368 Case1_F024_NNW 13
INLINE-  2147483647 2147483647    516986.06200   6251036.50000     10826.18565 Case1_F024_NNW 13
INLINE-  2147483647 2147483647    516989.65600   6251060.00000     11179.62736 Case1_F024_NNW 13
