INLINE-  2147483647 2147483647    516760.59400   6251149.50000     11062.42212 Case1_F022_EW 1
INLINE-  2147483647 2147483647    516744.59400   6251170.50000     10618.12124 Case1_F022_EW 1
INLINE-  2147483647 2147483647    516744.59400   6251170.50000     10236.32047 Case1_F022_EW 1
INLINE-  2147483647 2147483647    516738.50000   6251178.50000      9831.42966 Case1_F022_EW 1
INLINE-  2147483647 2147483647    516706.43800   6251138.00000     11015.52203 Case1_F022_EW 2
INLINE-  2147483647 2147483647    516701.09400   6251145.00000     10577.82116 Case1_F022_EW 2
INLINE-  2147483647 2147483647    516700.31200   6251146.00000     10191.52038 Case1_F022_EW 2
INLINE-  2147483647 2147483647    516701.84400   6251144.00000      9922.56985 Case1_F022_EW 2
INLINE-  2147483647 2147483647    516704.90600   6251140.00000      9653.68931 Case1_F022_EW 2
INLINE-  2147483647 2147483647    516668.28100   6251105.50000     10923.42185 Case1_F022_EW 3
INLINE-  2147483647 2147483647    516656.81200   6251120.50000     10538.02108 Case1_F022_EW 3
INLINE-  2147483647 2147483647    516663.68800   6251111.50000     10231.02046 Case1_F022_EW 3
INLINE-  2147483647 2147483647    516666.00000   6251108.50000      9922.15984 Case1_F022_EW 3
INLINE-  2147483647 2147483647    516669.56200   6251104.00000      9730.93946 Case1_F022_EW 3
INLINE-  2147483647 2147483647    516615.59400   6251071.50000     10526.22105 Case1_F022_EW 4
INLINE-  2147483647 2147483647    516614.84400   6251072.50000     10249.12050 Case1_F022_EW 4
INLINE-  2147483647 2147483647    516616.37500   6251070.50000      9922.15984 Case1_F022_EW 4
INLINE-  2147483647 2147483647    516619.93800   6251066.00000      9730.93946 Case1_F022_EW 4
INLINE-  2147483647 2147483647    516570.40600   6251028.00000     10415.92083 Case1_F022_EW 5
INLINE-  2147483647 2147483647    516566.81200   6251032.50000      9922.15984 Case1_F022_EW 5
INLINE-  2147483647 2147483647    516568.84400   6251030.00000      9797.41959 Case1_F022_EW 5
