INLINE-  2147483647 2147483647    517082.87500   6245970.00000      9166.16872 Case1_F150_NS 1
INLINE-  2147483647 2147483647    517038.28125   6245936.00000      9407.08913 Case1_F150_NS 1
INLINE-  2147483647 2147483647    516903.50000   6245833.00000      9927.85970 Case1_F150_NS 1
INLINE-  2147483647 2147483647    516717.46875   6245690.50000     10433.22106 Case1_F150_NS 1
INLINE-  2147483647 2147483647    516564.00000   6245573.00000     10776.92194 Case1_F150_NS 1
INLINE-  2147483647 2147483647    517073.28125   6246041.50000      9117.12859 Case1_F150_NS 2
INLINE-  2147483647 2147483647    517009.15625   6245992.50000      9434.96907 Case1_F150_NS 2
INLINE-  2147483647 2147483647    516865.50000   6245882.50000      9927.85970 Case1_F150_NS 2
INLINE-  2147483647 2147483647    516679.37500   6245740.00000     10433.22106 Case1_F150_NS 2
INLINE-  2147483647 2147483647    516525.90625   6245622.50000     10776.92194 Case1_F150_NS 2
INLINE-  2147483647 2147483647    517035.78125   6246091.50000      9112.58854 Case1_F150_NS 3
INLINE-  2147483647 2147483647    516937.62500   6246016.50000      9573.73887 Case1_F150_NS 3
INLINE-  2147483647 2147483647    516802.50000   6245913.00000      9996.85984 Case1_F150_NS 3
INLINE-  2147483647 2147483647    516653.12500   6245798.50000     10400.02080 Case1_F150_NS 3
INLINE-  2147483647 2147483647    516488.12500   6245672.50000     10776.92194 Case1_F150_NS 3
INLINE-  2147483647 2147483647    516997.12500   6246140.50000      9117.12859 Case1_F150_NS 4
INLINE-  2147483647 2147483647    516936.28125   6246094.00000      9450.27867 Case1_F150_NS 4
INLINE-  2147483647 2147483647    516789.34375   6245981.50000      9927.85970 Case1_F150_NS 4
INLINE-  2147483647 2147483647    516603.62500   6245839.50000     10433.22106 Case1_F150_NS 4
INLINE-  2147483647 2147483647    516450.15625   6245722.00000     10776.92194 Case1_F150_NS 4
INLINE-  2147483647 2147483647    516955.78125   6246187.50000      9147.35814 Case1_F150_NS 5
INLINE-  2147483647 2147483647    516860.06250   6246114.50000      9605.75945 Case1_F150_NS 5
INLINE-  2147483647 2147483647    516726.84375   6246012.50000     10025.61966 Case1_F150_NS 5
INLINE-  2147483647 2147483647    516577.84375   6245898.50000     10423.72104 Case1_F150_NS 5
INLINE-  2147483647 2147483647    516408.71875   6245769.00000     10786.72177 Case1_F150_NS 5
INLINE-  2147483647 2147483647    516914.12500   6246234.50000      9165.92849 Case1_F150_NS 6
INLINE-  2147483647 2147483647    516858.71875   6246192.00000      9458.64880 Case1_F150_NS 6
INLINE-  2147483647 2147483647    516734.65625   6246097.00000      9907.73954 Case1_F150_NS 6
INLINE-  2147483647 2147483647    516523.09375   6245935.00000     10483.42136 Case1_F150_NS 6
INLINE-  2147483647 2147483647    516374.00000   6245821.00000     10776.92194 Case1_F150_NS 6
INLINE-  2147483647 2147483647    516873.56250   6246282.00000      9101.75844 Case1_F150_NS 7
INLINE-  2147483647 2147483647    516786.40625   6246215.50000      9534.14895 Case1_F150_NS 7
INLINE-  2147483647 2147483647    516674.43750   6246129.50000      9937.30991 Case1_F150_NS 7
INLINE-  2147483647 2147483647    516549.56250   6246034.00000     10324.92104 Case1_F150_NS 7
INLINE-  2147483647 2147483647    516383.68750   6245907.00000     10642.52129 Case1_F150_NS 7
INLINE-  2147483647 2147483647    516834.78125   6246331.00000      9036.93800 Case1_F150_NS 8
INLINE-  2147483647 2147483647    516772.56250   6246283.50000      9424.86846 Case1_F150_NS 8
INLINE-  2147483647 2147483647    516631.68750   6246175.50000      9989.25045 Case1_F150_NS 8
INLINE-  2147483647 2147483647    516525.78125   6246094.50000     10314.92102 Case1_F150_NS 8
INLINE-  2147483647 2147483647    516385.40625   6245987.00000     10560.32093 Case1_F150_NS 8
INLINE-  2147483647 2147483647    516807.53125   6246389.00000      9000.94769 Case1_F150_NS 9
INLINE-  2147483647 2147483647    516755.31250   6246349.00000      9420.13896 Case1_F150_NS 9
INLINE-  2147483647 2147483647    516641.06250   6246261.50000      9962.51016 Case1_F150_NS 9
INLINE-  2147483647 2147483647    516526.50000   6246174.00000     10312.82043 Case1_F150_NS 9
INLINE-  2147483647 2147483647    516286.96875   6245990.50000     10827.82146 Case1_F150_NS 9
INLINE-  2147483647 2147483647    516772.84375   6246441.00000      8974.91834 Case1_F150_NS 10
INLINE-  2147483647 2147483647    516747.21875   6246421.50000      9125.59833 Case1_F150_NS 10
INLINE-  2147483647 2147483647    516694.50000   6246381.00000      9407.87917 Case1_F150_NS 10
INLINE-  2147483647 2147483647    516590.96875   6246302.00000      9957.71035 Case1_F150_NS 10
INLINE-  2147483647 2147483647    516481.37500   6246218.00000     10353.62032 Case1_F150_NS 10
INLINE-  2147483647 2147483647    516263.18750   6246051.00000     10818.02164 Case1_F150_NS 10
INLINE-  2147483647 2147483647    516735.75000   6246523.00000      8950.60774 Case1_F150_NS 11
INLINE-  2147483647 2147483647    516699.31250   6246495.00000      9110.59830 Case1_F150_NS 11
INLINE-  2147483647 2147483647    516654.15625   6246460.50000      9335.76867 Case1_F150_NS 11
INLINE-  2147483647 2147483647    516529.37500   6246365.00000      9898.05007 Case1_F150_NS 11
INLINE-  2147483647 2147483647    516408.65625   6246272.50000     10317.62024 Case1_F150_NS 11
INLINE-  2147483647 2147483647    516291.21875   6246182.50000     10615.72143 Case1_F150_NS 11
INLINE-  2147483647 2147483647    516681.18750   6246559.50000      8923.11746 Case1_F150_NS 12
INLINE-  2147483647 2147483647    516640.68750   6246528.50000      9080.69785 Case1_F150_NS 12
INLINE-  2147483647 2147483647    516597.31250   6246495.50000      9292.13870 Case1_F150_NS 12
INLINE-  2147483647 2147483647    516484.84375   6246409.50000      9867.72970 Case1_F150_NS 12
INLINE-  2147483647 2147483647    516316.78125   6246281.00000     10423.02085 Case1_F150_NS 12
INLINE-  2147483647 2147483647    516623.87500   6246594.50000      8881.51776 Case1_F150_NS 13
INLINE-  2147483647 2147483647    516609.96875   6246584.00000      8950.80794 Case1_F150_NS 13
INLINE-  2147483647 2147483647    516547.90625   6246536.50000      9284.21876 Case1_F150_NS 13
INLINE-  2147483647 2147483647    516370.71875   6246401.00000     10035.22027 Case1_F150_NS 13
INLINE-  2147483647 2147483647    516578.15625   6246638.00000      8908.59790 Case1_F150_NS 14
INLINE-  2147483647 2147483647    516546.06250   6246613.50000      9039.73781 Case1_F150_NS 14
INLINE-  2147483647 2147483647    516494.06250   6246574.00000      9281.03809 Case1_F150_NS 14
INLINE-  2147483647 2147483647    516368.09375   6246477.50000      9846.63004 Case1_F150_NS 14
