INLINE-  2147483647 2147483647    516941.71900   6251905.00000      9927.45085 Case2_F136_NS 1
INLINE-  2147483647 2147483647    516960.56200   6251919.50000     10251.30550 Case2_F136_NS 1
INLINE-  2147483647 2147483647    516994.93800   6251946.00000     10561.51412 Case2_F136_NS 1
INLINE-  2147483647 2147483647    517030.75000   6251973.50000     11021.75404 Case2_F136_NS 1
INLINE-  2147483647 2147483647    517107.15600   6252032.00000     12175.74135 Case2_F136_NS 1
INLINE-  2147483647 2147483647    516860.75000   6252000.50000      9876.30275 Case2_F136_NS 2
INLINE-  2147483647 2147483647    516892.56200   6252025.00000     10387.64878 Case2_F136_NS 2
INLINE-  2147483647 2147483647    516939.09400   6252060.50000     10894.88679 Case2_F136_NS 2
INLINE-  2147483647 2147483647    516977.75000   6252090.00000     11404.76081 Case2_F136_NS 2
INLINE-  2147483647 2147483647    517015.71900   6252119.00000     11914.82183 Case2_F136_NS 2
INLINE-  2147483647 2147483647    516783.25000   6252098.50000      9843.48169 Case2_F136_NS 3
INLINE-  2147483647 2147483647    516798.37500   6252110.00000     10251.75850 Case2_F136_NS 3
INLINE-  2147483647 2147483647    516851.06200   6252150.50000     10793.25359 Case2_F136_NS 3
INLINE-  2147483647 2147483647    516874.21900   6252168.50000     11062.05712 Case2_F136_NS 3
INLINE-  2147483647 2147483647    516934.40600   6252214.50000     11756.83951 Case2_F136_NS 3
INLINE-  2147483647 2147483647    516717.90600   6252206.00000      9875.75975 Case2_F136_NS 4
INLINE-  2147483647 2147483647    516725.78100   6252212.00000     10238.93048 Case2_F136_NS 4
INLINE-  2147483647 2147483647    516774.96900   6252249.50000     10800.71260 Case2_F136_NS 4
INLINE-  2147483647 2147483647    516798.93800   6252268.00000     11039.09708 Case2_F136_NS 4
INLINE-  2147483647 2147483647    516885.93800   6252334.50000     12021.67004 Case2_F136_NS 4
INLINE-  2147483647 2147483647    516687.53100   6252245.50000      9875.75975 Case2_F136_NS 5
INLINE-  2147483647 2147483647    516695.40600   6252251.50000     10238.93048 Case2_F136_NS 5
INLINE-  2147483647 2147483647    516744.59400   6252289.50000     10800.71260 Case2_F136_NS 5
INLINE-  2147483647 2147483647    516768.56200   6252307.50000     11039.09708 Case2_F136_NS 5
INLINE-  2147483647 2147483647    516814.93800   6252343.00000     11389.66178 Case2_F136_NS 5
INLINE-  2147483647 2147483647    516885.09400   6252397.00000     12157.89132 Case2_F136_NS 5
