INLINE-  2147483647 2147483647    514895.37500   6249143.00000      9062.30816 Case1_F051_NS 1
INLINE-  2147483647 2147483647    514858.93750   6249115.00000      9268.86815 Case1_F051_NS 1
INLINE-  2147483647 2147483647    514816.06250   6249082.50000      9482.89885 Case1_F051_NS 1
INLINE-  2147483647 2147483647    514767.71875   6249045.50000      9691.14927 Case1_F051_NS 1
INLINE-  2147483647 2147483647    514919.84375   6249083.00000      9068.05818 Case1_F051_NS 2
INLINE-  2147483647 2147483647    514883.21875   6249055.00000      9272.52831 Case1_F051_NS 2
INLINE-  2147483647 2147483647    514842.71875   6249024.00000      9473.77871 Case1_F051_NS 2
INLINE-  2147483647 2147483647    514777.09375   6248974.00000      9716.11904 Case1_F051_NS 2
INLINE-  2147483647 2147483647    514949.21875   6249042.50000      8900.94749 Case1_F051_NS 3
INLINE-  2147483647 2147483647    514921.62500   6249021.50000      9106.23794 Case1_F051_NS 3
INLINE-  2147483647 2147483647    514890.37500   6248997.50000      9309.41901 Case1_F051_NS 3
INLINE-  2147483647 2147483647    514853.25000   6248969.00000      9508.23874 Case1_F051_NS 3
INLINE-  2147483647 2147483647    514809.96875   6248936.00000      9702.11901 Case1_F051_NS 3
INLINE-  2147483647 2147483647    514993.21875   6248982.00000      8815.76763 Case1_F051_NS 4
INLINE-  2147483647 2147483647    514977.84375   6248970.00000      8912.38794 Case1_F051_NS 4
INLINE-  2147483647 2147483647    514952.71875   6248951.00000      9118.54851 Case1_F051_NS 4
INLINE-  2147483647 2147483647    514903.96875   6248913.50000      9448.46909 Case1_F051_NS 4
INLINE-  2147483647 2147483647    514853.06250   6248874.50000      9716.11904 Case1_F051_NS 4
INLINE-  2147483647 2147483647    515033.68750   6248934.00000      8807.57719 Case1_F051_NS 5
INLINE-  2147483647 2147483647    515010.15625   6248916.00000      8982.16835 Case1_F051_NS 5
INLINE-  2147483647 2147483647    514976.31250   6248890.50000      9217.00867 Case1_F051_NS 5
INLINE-  2147483647 2147483647    514942.43750   6248864.50000      9444.51889 Case1_F051_NS 5
INLINE-  2147483647 2147483647    514900.06250   6248832.00000      9687.09945 Case1_F051_NS 5
INLINE-  2147483647 2147483647    514869.96875   6248809.00000      9837.97964 Case1_F051_NS 5
INLINE-  2147483647 2147483647    515079.00000   6248890.00000      8812.72759 Case1_F051_NS 6
INLINE-  2147483647 2147483647    515064.09375   6248879.00000      8907.03735 Case1_F051_NS 6
INLINE-  2147483647 2147483647    515037.68750   6248858.50000      9076.01815 Case1_F051_NS 6
INLINE-  2147483647 2147483647    514979.93750   6248814.50000      9448.46909 Case1_F051_NS 6
INLINE-  2147483647 2147483647    514877.37500   6248736.00000      9941.34020 Case1_F051_NS 6
INLINE-  2147483647 2147483647    514865.28125   6248726.50000     10071.11975 Case1_F051_NS 6
INLINE-  2147483647 2147483647    515118.65625   6248842.00000      8812.43755 Case1_F051_NS 7
INLINE-  2147483647 2147483647    515096.43750   6248825.00000      8984.85781 Case1_F051_NS 7
INLINE-  2147483647 2147483647    515055.62500   6248793.50000      9262.91892 Case1_F051_NS 7
INLINE-  2147483647 2147483647    515006.50000   6248756.00000      9535.19876 Case1_F051_NS 7
INLINE-  2147483647 2147483647    514949.81250   6248712.50000      9801.68953 Case1_F051_NS 7
INLINE-  2147483647 2147483647    514903.43750   6248677.00000     10075.11976 Case1_F051_NS 7
INLINE-  2147483647 2147483647    515160.31250   6248795.00000      8814.17778 Case1_F051_NS 8
INLINE-  2147483647 2147483647    515155.06250   6248791.00000      8874.63787 Case1_F051_NS 8
INLINE-  2147483647 2147483647    515127.93750   6248770.50000      9068.07771 Case1_F051_NS 8
INLINE-  2147483647 2147483647    515086.15625   6248738.50000      9346.42885 Case1_F051_NS 8
INLINE-  2147483647 2147483647    514994.12500   6248668.00000      9802.54988 Case1_F051_NS 8
INLINE-  2147483647 2147483647    514941.21875   6248627.50000     10071.11975 Case1_F051_NS 8
INLINE-  2147483647 2147483647    515201.87500   6248748.00000      8816.03716 Case1_F051_NS 9
INLINE-  2147483647 2147483647    515181.03125   6248732.00000      8956.82748 Case1_F051_NS 9
INLINE-  2147483647 2147483647    515131.46875   6248694.50000      9282.57814 Case1_F051_NS 9
INLINE-  2147483647 2147483647    515075.28125   6248651.50000      9581.06897 Case1_F051_NS 9
INLINE-  2147483647 2147483647    515013.43750   6248604.00000      9875.21018 Case1_F051_NS 9
INLINE-  2147483647 2147483647    514964.90625   6248567.00000     10074.31995 Case1_F051_NS 9
INLINE-  2147483647 2147483647    515238.43750   6248697.50000      8801.55764 Case1_F051_NS 10
INLINE-  2147483647 2147483647    515231.00000   6248692.00000      8874.63787 Case1_F051_NS 10
INLINE-  2147483647 2147483647    515203.90625   6248671.00000      9068.07771 Case1_F051_NS 10
INLINE-  2147483647 2147483647    515162.12500   6248639.00000      9346.42885 Case1_F051_NS 10
INLINE-  2147483647 2147483647    515070.09375   6248568.50000      9802.54988 Case1_F051_NS 10
INLINE-  2147483647 2147483647    514962.00000   6248486.00000     10272.92094 Case1_F051_NS 10
INLINE-  2147483647 2147483647    515270.78125   6248643.50000      8794.98732 Case1_F051_NS 11
INLINE-  2147483647 2147483647    515257.06250   6248633.00000      8892.92794 Case1_F051_NS 11
INLINE-  2147483647 2147483647    515235.93750   6248617.00000      9065.33844 Case1_F051_NS 11
INLINE-  2147483647 2147483647    515189.28125   6248581.00000      9367.96893 Case1_F051_NS 11
INLINE-  2147483647 2147483647    515108.06250   6248519.00000      9802.54988 Case1_F051_NS 11
INLINE-  2147483647 2147483647    514999.96875   6248436.50000     10272.92094 Case1_F051_NS 11
INLINE-  2147483647 2147483647    515309.93750   6248595.00000      8773.50778 Case1_F051_NS 12
INLINE-  2147483647 2147483647    515294.06250   6248582.50000      8914.84791 Case1_F051_NS 12
INLINE-  2147483647 2147483647    515273.90625   6248567.50000      9065.33844 Case1_F051_NS 12
INLINE-  2147483647 2147483647    515227.25000   6248531.50000      9367.96893 Case1_F051_NS 12
INLINE-  2147483647 2147483647    515146.03125   6248469.50000      9802.54988 Case1_F051_NS 12
INLINE-  2147483647 2147483647    515037.93750   6248386.50000     10272.92094 Case1_F051_NS 12
INLINE-  2147483647 2147483647    515343.84375   6248542.00000      8762.22749 Case1_F051_NS 13
INLINE-  2147483647 2147483647    515332.03125   6248533.00000      8914.84791 Case1_F051_NS 13
INLINE-  2147483647 2147483647    515311.87500   6248517.50000      9065.33844 Case1_F051_NS 13
INLINE-  2147483647 2147483647    515265.21875   6248482.00000      9367.96893 Case1_F051_NS 13
INLINE-  2147483647 2147483647    515184.03125   6248420.00000      9802.54988 Case1_F051_NS 13
INLINE-  2147483647 2147483647    515075.90625   6248337.00000     10272.92094 Case1_F051_NS 13
INLINE-  2147483647 2147483647    515368.75000   6248498.00000      8779.47752 Case1_F051_NS 14
INLINE-  2147483647 2147483647    515351.18750   6248485.00000      8927.09793 Case1_F051_NS 14
INLINE-  2147483647 2147483647    515333.90625   6248471.50000      9076.94784 Case1_F051_NS 14
INLINE-  2147483647 2147483647    515295.59375   6248442.00000      9367.96893 Case1_F051_NS 14
INLINE-  2147483647 2147483647    515214.40625   6248380.00000      9802.54988 Case1_F051_NS 14
INLINE-  2147483647 2147483647    515106.31250   6248297.50000     10272.92094 Case1_F051_NS 14
INLINE-  2147483647 2147483647    515383.81250   6248462.50000      8793.81739 Case1_F051_NS 15
INLINE-  2147483647 2147483647    515373.96875   6248455.00000      8927.09793 Case1_F051_NS 15
INLINE-  2147483647 2147483647    515356.71875   6248442.00000      9076.94784 Case1_F051_NS 15
INLINE-  2147483647 2147483647    515318.37500   6248412.50000      9367.96893 Case1_F051_NS 15
INLINE-  2147483647 2147483647    515237.18750   6248350.50000      9802.54988 Case1_F051_NS 15
INLINE-  2147483647 2147483647    515129.09375   6248267.50000     10272.92094 Case1_F051_NS 15
