INLINE-  2147483647 2147483647    516906.25000   6246055.50000      8927.44754 Case1_F149_NS 1
INLINE-  2147483647 2147483647    516847.78125   6246010.50000      9247.55853 Case1_F149_NS 1
INLINE-  2147483647 2147483647    516750.28125   6245936.00000      9635.72923 Case1_F149_NS 1
INLINE-  2147483647 2147483647    516624.53125   6245839.50000     10062.92052 Case1_F149_NS 1
INLINE-  2147483647 2147483647    516556.21875   6245787.50000     10268.62015 Case1_F149_NS 1
INLINE-  2147483647 2147483647    516904.84375   6246085.50000      8939.59796 Case1_F149_NS 2
INLINE-  2147483647 2147483647    516833.96875   6246031.50000      9266.46873 Case1_F149_NS 2
INLINE-  2147483647 2147483647    516746.53125   6245964.50000      9593.08950 Case1_F149_NS 2
INLINE-  2147483647 2147483647    516604.87500   6245856.00000     10038.42047 Case1_F149_NS 2
INLINE-  2147483647 2147483647    516518.59375   6245790.00000     10310.12023 Case1_F149_NS 2
INLINE-  2147483647 2147483647    516865.28125   6246134.00000      8968.35778 Case1_F149_NS 3
INLINE-  2147483647 2147483647    516802.56250   6246086.00000      9255.57808 Case1_F149_NS 3
INLINE-  2147483647 2147483647    516704.65625   6246011.00000      9562.03866 Case1_F149_NS 3
INLINE-  2147483647 2147483647    516566.78125   6245905.50000     10038.42047 Case1_F149_NS 3
INLINE-  2147483647 2147483647    516501.18750   6245855.50000     10275.22075 Case1_F149_NS 3
INLINE-  2147483647 2147483647    516855.09375   6246173.50000      8972.64783 Case1_F149_NS 4
INLINE-  2147483647 2147483647    516776.78125   6246113.50000      9329.38878 Case1_F149_NS 4
INLINE-  2147483647 2147483647    516662.53125   6246026.00000      9698.98912 Case1_F149_NS 4
INLINE-  2147483647 2147483647    516549.75000   6245940.00000     10082.11977 Case1_F149_NS 4
INLINE-  2147483647 2147483647    516444.71875   6245859.50000     10462.52093 Case1_F149_NS 4
INLINE-  2147483647 2147483647    516829.84375   6246201.50000      8967.05797 Case1_F149_NS 5
INLINE-  2147483647 2147483647    516752.21875   6246142.00000      9376.41914 Case1_F149_NS 5
INLINE-  2147483647 2147483647    516634.00000   6246051.50000      9733.81927 Case1_F149_NS 5
INLINE-  2147483647 2147483647    516524.78125   6245968.00000     10164.22052 Case1_F149_NS 5
INLINE-  2147483647 2147483647    516427.50000   6245893.50000     10511.32083 Case1_F149_NS 5
INLINE-  2147483647 2147483647    516783.87500   6246229.00000      8980.34804 Case1_F149_NS 6
INLINE-  2147483647 2147483647    516704.46875   6246168.50000      9389.66917 Case1_F149_NS 6
INLINE-  2147483647 2147483647    516602.81250   6246090.50000      9759.95995 Case1_F149_NS 6
INLINE-  2147483647 2147483647    516500.15625   6246012.00000     10188.02038 Case1_F149_NS 6
INLINE-  2147483647 2147483647    516402.00000   6245937.00000     10554.22130 Case1_F149_NS 6
INLINE-  2147483647 2147483647    516755.21875   6246254.50000      9013.44771 Case1_F149_NS 7
INLINE-  2147483647 2147483647    516685.84375   6246201.50000      9413.57840 Case1_F149_NS 7
INLINE-  2147483647 2147483647    516601.56250   6246137.00000      9763.82910 Case1_F149_NS 7
INLINE-  2147483647 2147483647    516500.50000   6246059.50000     10194.72058 Case1_F149_NS 7
INLINE-  2147483647 2147483647    516385.46875   6245971.50000     10588.22137 Case1_F149_NS 7
INLINE-  2147483647 2147483647    516708.96875   6246313.50000      9017.91843 Case1_F149_NS 8
INLINE-  2147483647 2147483647    516663.31250   6246278.50000      9295.75883 Case1_F149_NS 8
INLINE-  2147483647 2147483647    516575.71875   6246211.50000      9796.40924 Case1_F149_NS 8
INLINE-  2147483647 2147483647    516465.28125   6246127.00000     10223.72064 Case1_F149_NS 8
INLINE-  2147483647 2147483647    516359.53125   6246046.00000     10600.12081 Case1_F149_NS 8
INLINE-  2147483647 2147483647    516662.90625   6246372.50000      9023.27781 Case1_F149_NS 9
INLINE-  2147483647 2147483647    516601.25000   6246325.50000      9391.55882 Case1_F149_NS 9
INLINE-  2147483647 2147483647    516532.84375   6246273.00000      9776.80959 Case1_F149_NS 9
INLINE-  2147483647 2147483647    516410.46875   6246179.50000     10325.92104 Case1_F149_NS 9
INLINE-  2147483647 2147483647    516329.65625   6246117.50000     10619.42163 Case1_F149_NS 9
INLINE-  2147483647 2147483647    516605.84375   6246407.50000      8975.66834 Case1_F149_NS 10
INLINE-  2147483647 2147483647    516509.78125   6246334.00000      9646.92945 Case1_F149_NS 10
INLINE-  2147483647 2147483647    516358.09375   6246218.00000     10425.32066 Case1_F149_NS 10
INLINE-  2147483647 2147483647    516556.71875   6246464.50000      8913.24830 Case1_F149_NS 11
INLINE-  2147483647 2147483647    516475.62500   6246402.50000      9555.43903 Case1_F149_NS 11
INLINE-  2147483647 2147483647    516367.90625   6246320.00000     10153.42070 Case1_F149_NS 11
INLINE-  2147483647 2147483647    516530.34375   6246523.00000      8862.47769 Case1_F149_NS 12
INLINE-  2147483647 2147483647    516473.46875   6246479.50000      9311.72858 Case1_F149_NS 12
INLINE-  2147483647 2147483647    516370.71875   6246401.00000     10035.22027 Case1_F149_NS 12
INLINE-  2147483647 2147483647    516491.68750   6246572.00000      8794.61720 Case1_F149_NS 13
INLINE-  2147483647 2147483647    516442.75000   6246534.50000      9281.53809 Case1_F149_NS 13
INLINE-  2147483647 2147483647    516381.09375   6246487.50000      9795.14947 Case1_F149_NS 13
INLINE-  2147483647 2147483647    516471.78125   6246635.50000      8796.99806 Case1_F149_NS 14
INLINE-  2147483647 2147483647    516438.50000   6246610.00000      9147.74876 Case1_F149_NS 14
INLINE-  2147483647 2147483647    516386.31250   6246570.00000      9547.01909 Case1_F149_NS 14
INLINE-  2147483647 2147483647    516429.21875   6246681.50000      8789.33789 Case1_F149_NS 15
INLINE-  2147483647 2147483647    516409.46875   6246666.50000      8980.20839 Case1_F149_NS 15
INLINE-  2147483647 2147483647    516385.93750   6246648.50000      9204.93833 Case1_F149_NS 15
