INLINE-  2147483647 2147483647    517113.15600   6246135.00000      9029.21706 Case1_F151_NS 1
INLINE-  2147483647 2147483647    517083.21900   6246112.00000      9185.83837 Case1_F151_NS 1
INLINE-  2147483647 2147483647    516996.40600   6246045.50000      9552.91911 Case1_F151_NS 1
INLINE-  2147483647 2147483647    516880.12500   6245956.50000      9849.93970 Case1_F151_NS 1
INLINE-  2147483647 2147483647    517075.12500   6246184.50000      9029.21706 Case1_F151_NS 2
INLINE-  2147483647 2147483647    517045.18800   6246161.50000      9185.83837 Case1_F151_NS 2
INLINE-  2147483647 2147483647    516958.37500   6246095.00000      9552.91911 Case1_F151_NS 2
INLINE-  2147483647 2147483647    516842.34400   6246006.50000      9849.93970 Case1_F151_NS 2
INLINE-  2147483647 2147483647    517037.12500   6246234.00000      9029.21706 Case1_F151_NS 3
INLINE-  2147483647 2147483647    517007.18800   6246211.00000      9185.83837 Case1_F151_NS 3
INLINE-  2147483647 2147483647    516922.90600   6246146.50000      9537.62908 Case1_F151_NS 3
INLINE-  2147483647 2147483647    516804.34400   6246056.00000      9849.93970 Case1_F151_NS 3
INLINE-  2147483647 2147483647    516977.12500   6246345.50000      9016.08803 Case1_F151_NS 4
INLINE-  2147483647 2147483647    516948.21900   6246323.50000      9172.22834 Case1_F151_NS 4
INLINE-  2147483647 2147483647    516865.43800   6246260.00000      9511.78902 Case1_F151_NS 4
INLINE-  2147483647 2147483647    516716.43800   6246146.00000      9906.06981 Case1_F151_NS 4
INLINE-  2147483647 2147483647    516931.81200   6246374.00000      9009.57802 Case1_F151_NS 5
INLINE-  2147483647 2147483647    516900.78100   6246350.00000      9180.81836 Case1_F151_NS 5
INLINE-  2147483647 2147483647    516835.12500   6246300.00000      9511.78902 Case1_F151_NS 5
INLINE-  2147483647 2147483647    516686.15600   6246186.00000      9906.06981 Case1_F151_NS 5
INLINE-  2147483647 2147483647    516886.25000   6246417.50000      8998.65800 Case1_F151_NS 6
INLINE-  2147483647 2147483647    516863.06200   6246400.00000      9180.81836 Case1_F151_NS 6
INLINE-  2147483647 2147483647    516807.81200   6246357.50000      9520.20904 Case1_F151_NS 6
INLINE-  2147483647 2147483647    516662.00000   6246246.00000      9960.30992 Case1_F151_NS 6
INLINE-  2147483647 2147483647    516866.81200   6246481.50000      8952.81791 Case1_F151_NS 7
INLINE-  2147483647 2147483647    516838.21900   6246459.50000      9156.64831 Case1_F151_NS 7
INLINE-  2147483647 2147483647    516770.93800   6246408.00000      9515.02903 Case1_F151_NS 7
INLINE-  2147483647 2147483647    516623.96900   6246295.50000      9960.30992 Case1_F151_NS 7
INLINE-  2147483647 2147483647    516817.62500   6246522.50000      8973.73795 Case1_F151_NS 8
INLINE-  2147483647 2147483647    516794.00000   6246504.50000      9165.35833 Case1_F151_NS 8
INLINE-  2147483647 2147483647    516732.84400   6246457.50000      9515.02903 Case1_F151_NS 8
INLINE-  2147483647 2147483647    516586.15600   6246345.50000      9960.30992 Case1_F151_NS 8
INLINE-  2147483647 2147483647    516779.59400   6246572.00000      8973.73795 Case1_F151_NS 9
INLINE-  2147483647 2147483647    516755.93800   6246554.00000      9165.35833 Case1_F151_NS 9
INLINE-  2147483647 2147483647    516695.06200   6246507.50000      9515.02903 Case1_F151_NS 9
INLINE-  2147483647 2147483647    516548.12500   6246395.00000      9960.30992 Case1_F151_NS 9
