INLINE-  2147483647 2147483647    515866.25000   6249850.00000      9473.35895 Case1_F044_EW 1
INLINE-  2147483647 2147483647    515890.68800   6249818.00000      9655.82931 Case1_F044_EW 1
INLINE-  2147483647 2147483647    515925.56200   6249772.50000      9797.20959 Case1_F044_EW 1
INLINE-  2147483647 2147483647    515816.62500   6249812.00000      9473.35895 Case1_F044_EW 2
INLINE-  2147483647 2147483647    515841.03100   6249780.00000      9655.82931 Case1_F044_EW 2
INLINE-  2147483647 2147483647    515875.90600   6249734.50000      9797.20959 Case1_F044_EW 2
INLINE-  2147483647 2147483647    515767.81200   6249773.00000      9480.81896 Case1_F044_EW 3
INLINE-  2147483647 2147483647    515800.37500   6249730.50000      9674.07935 Case1_F044_EW 3
INLINE-  2147483647 2147483647    515837.78100   6249681.50000      9826.56965 Case1_F044_EW 3
INLINE-  2147483647 2147483647    515734.18800   6249714.00000      9443.92889 Case1_F044_EW 4
INLINE-  2147483647 2147483647    515760.65600   6249679.50000      9655.13931 Case1_F044_EW 4
INLINE-  2147483647 2147483647    515809.28100   6249616.00000      9834.40967 Case1_F044_EW 4
INLINE-  2147483647 2147483647    515687.59400   6249672.00000      9393.93879 Case1_F044_EW 5
INLINE-  2147483647 2147483647    515717.09400   6249633.50000      9644.16929 Case1_F044_EW 5
INLINE-  2147483647 2147483647    515765.71900   6249570.00000      9836.19967 Case1_F044_EW 5
INLINE-  2147483647 2147483647    515640.06200   6249631.50000      9411.77882 Case1_F044_EW 6
INLINE-  2147483647 2147483647    515674.40600   6249586.50000      9642.72929 Case1_F044_EW 6
INLINE-  2147483647 2147483647    515718.43800   6249529.00000      9836.32867 Case1_F044_EW 6
INLINE-  2147483647 2147483647    515591.96900   6249591.50000      9341.22868 Case1_F044_EW 7
INLINE-  2147483647 2147483647    515624.78100   6249548.50000      9642.72929 Case1_F044_EW 7
INLINE-  2147483647 2147483647    515668.78100   6249491.00000      9836.32867 Case1_F044_EW 7
