INLINE-  2147483647 2147483647    514163.87500   6249213.00000      8788.63058 Case1_F035_NS 1
INLINE-  2147483647 2147483647    514177.15600   6249223.00000      9002.01300 Case1_F035_NS 1
INLINE-  2147483647 2147483647    514196.34400   6249237.50000      9205.23341 Case1_F035_NS 1
INLINE-  2147483647 2147483647    514189.06200   6249169.00000      8781.97956 Case1_F035_NS 2
INLINE-  2147483647 2147483647    514207.53100   6249183.50000      9002.01300 Case1_F035_NS 2
INLINE-  2147483647 2147483647    514226.71900   6249198.00000      9205.23341 Case1_F035_NS 2
INLINE-  2147483647 2147483647    514208.03100   6249136.50000      8788.62158 Case1_F035_NS 3
INLINE-  2147483647 2147483647    514226.81200   6249151.00000      8997.74500 Case1_F035_NS 3
INLINE-  2147483647 2147483647    514249.50000   6249168.00000      9205.23341 Case1_F035_NS 3
INLINE-  2147483647 2147483647    514227.03100   6249104.00000      8799.34360 Case1_F035_NS 4
INLINE-  2147483647 2147483647    514246.31200   6249118.50000      9007.12501 Case1_F035_NS 4
INLINE-  2147483647 2147483647    514272.31200   6249138.50000      9205.23341 Case1_F035_NS 4
INLINE-  2147483647 2147483647    514274.65600   6249061.50000      8828.44766 Case1_F035_NS 5
INLINE-  2147483647 2147483647    514287.87500   6249071.50000      9040.14708 Case1_F035_NS 5
INLINE-  2147483647 2147483647    514315.75000   6249093.00000      9248.97150 Case1_F035_NS 5
