INLINE-  2147483647 2147483647    514585.71900   6250597.50000      9230.24846 Case1_F003_EW 1
INLINE-  2147483647 2147483647    514619.84400   6250553.00000      9571.93614 Case1_F003_EW 1
INLINE-  2147483647 2147483647    514677.09400   6250478.50000     10064.06113 Case1_F003_EW 1
INLINE-  2147483647 2147483647    514532.93800   6250564.00000      9237.87048 Case1_F003_EW 2
INLINE-  2147483647 2147483647    514555.50000   6250534.50000      9581.30016 Case1_F003_EW 2
INLINE-  2147483647 2147483647    514608.31200   6250465.50000     10078.90716 Case1_F003_EW 2
INLINE-  2147483647 2147483647    514464.09400   6250571.50000      9252.66451 Case1_F003_EW 3
INLINE-  2147483647 2147483647    514484.06200   6250545.50000      9501.08800 Case1_F003_EW 3
INLINE-  2147483647 2147483647    514514.87500   6250505.00000      9783.92957 Case1_F003_EW 3
INLINE-  2147483647 2147483647    514554.56200   6250453.50000     10105.36821 Case1_F003_EW 3
INLINE-  2147483647 2147483647    514404.06200   6250567.50000      9261.02052 Case1_F003_EW 4
INLINE-  2147483647 2147483647    514429.46900   6250534.50000      9591.71718 Case1_F003_EW 4
INLINE-  2147483647 2147483647    514472.28100   6250478.50000      9891.42878 Case1_F003_EW 4
INLINE-  2147483647 2147483647    514509.59400   6250430.00000     10232.53447 Case1_F003_EW 4
INLINE-  2147483647 2147483647    514349.59400   6250536.00000      9325.51665 Case1_F003_EW 5
INLINE-  2147483647 2147483647    514375.46900   6250502.00000      9600.07220 Case1_F003_EW 5
INLINE-  2147483647 2147483647    514417.00000   6250448.00000      9924.73685 Case1_F003_EW 5
INLINE-  2147483647 2147483647    514469.78100   6250379.00000     10256.33251 Case1_F003_EW 5
INLINE-  2147483647 2147483647    514299.28100   6250499.00000      9336.54767 Case1_F003_EW 6
INLINE-  2147483647 2147483647    514327.53100   6250462.00000      9661.35732 Case1_F003_EW 6
INLINE-  2147483647 2147483647    514370.15600   6250406.50000      9975.36895 Case1_F003_EW 6
INLINE-  2147483647 2147483647    514423.00000   6250337.00000     10278.31756 Case1_F003_EW 6
INLINE-  2147483647 2147483647    514246.40600   6250465.00000      9293.28559 Case1_F003_EW 7
INLINE-  2147483647 2147483647    514274.43800   6250428.50000      9640.23828 Case1_F003_EW 7
INLINE-  2147483647 2147483647    514322.21900   6250366.00000      9995.88299 Case1_F003_EW 7
INLINE-  2147483647 2147483647    514373.09400   6250299.50000     10279.29056 Case1_F003_EW 7
INLINE-  2147483647 2147483647    514208.00000   6250412.50000      9290.50658 Case1_F003_EW 8
INLINE-  2147483647 2147483647    514234.78100   6250377.50000      9639.49828 Case1_F003_EW 8
INLINE-  2147483647 2147483647    514274.40600   6250325.50000      9935.98087 Case1_F003_EW 8
INLINE-  2147483647 2147483647    514321.78100   6250264.00000     10224.44045 Case1_F003_EW 8
INLINE-  2147483647 2147483647    514167.71900   6250362.50000      9335.62267 Case1_F003_EW 9
INLINE-  2147483647 2147483647    514183.84400   6250341.00000      9513.97803 Case1_F003_EW 9
INLINE-  2147483647 2147483647    514215.59400   6250299.50000      9773.83455 Case1_F003_EW 9
INLINE-  2147483647 2147483647    514270.15600   6250228.50000     10156.67631 Case1_F003_EW 9
INLINE-  2147483647 2147483647    514156.18800   6250336.50000      9368.78274 Case1_F003_EW 10
INLINE-  2147483647 2147483647    514177.12500   6250309.00000      9614.94923 Case1_F003_EW 10
INLINE-  2147483647 2147483647    514212.43800   6250262.50000      9882.62177 Case1_F003_EW 10
INLINE-  2147483647 2147483647    514250.06200   6250213.50000     10148.09030 Case1_F003_EW 10
