INLINE-  2147483647 2147483647    517421.96900   6247835.00000      9948.38990 Case1_F121_NS 1
INLINE-  2147483647 2147483647    517431.81200   6247842.50000     10152.37530 Case1_F121_NS 1
INLINE-  2147483647 2147483647    517460.06200   6247864.00000     10583.95917 Case1_F121_NS 1
INLINE-  2147483647 2147483647    517390.03100   6247857.50000      9779.61256 Case1_F121_NS 2
INLINE-  2147483647 2147483647    517401.81200   6247866.50000     10000.57100 Case1_F121_NS 2
INLINE-  2147483647 2147483647    517418.59400   6247879.50000     10295.73359 Case1_F121_NS 2
INLINE-  2147483647 2147483647    517437.78100   6247894.00000     10590.30418 Case1_F121_NS 2
INLINE-  2147483647 2147483647    517373.50000   6247876.50000      9599.63920 Case1_F121_NS 3
INLINE-  2147483647 2147483647    517378.59400   6247880.50000      9813.31363 Case1_F121_NS 3
INLINE-  2147483647 2147483647    517396.81200   6247894.50000     10173.70935 Case1_F121_NS 3
INLINE-  2147483647 2147483647    517422.09400   6247913.50000     10583.95917 Case1_F121_NS 3
INLINE-  2147483647 2147483647    517354.28100   6247893.00000      9424.81285 Case1_F121_NS 4
INLINE-  2147483647 2147483647    517363.40600   6247900.00000      9813.31363 Case1_F121_NS 4
INLINE-  2147483647 2147483647    517381.62500   6247914.00000     10173.70935 Case1_F121_NS 4
INLINE-  2147483647 2147483647    517402.81200   6247930.50000     10533.51907 Case1_F121_NS 4
INLINE-  2147483647 2147483647    517339.18800   6247929.00000      9490.62098 Case1_F121_NS 5
INLINE-  2147483647 2147483647    517345.46900   6247933.50000      9794.72459 Case1_F121_NS 5
INLINE-  2147483647 2147483647    517359.65600   6247944.50000     10147.84430 Case1_F121_NS 5
INLINE-  2147483647 2147483647    517381.21900   6247961.00000     10450.90790 Case1_F121_NS 5
INLINE-  2147483647 2147483647    517325.62500   6247950.00000      9474.58795 Case1_F121_NS 6
INLINE-  2147483647 2147483647    517338.65600   6247960.00000      9949.36890 Case1_F121_NS 6
INLINE-  2147483647 2147483647    517363.15600   6247978.50000     10374.60275 Case1_F121_NS 6
INLINE-  2147483647 2147483647    517313.18800   6247972.00000      9444.57989 Case1_F121_NS 7
INLINE-  2147483647 2147483647    517320.37500   6247977.50000      9893.25979 Case1_F121_NS 7
INLINE-  2147483647 2147483647    517347.28100   6247998.00000     10338.86968 Case1_F121_NS 7
INLINE-  2147483647 2147483647    517298.68800   6247992.50000      9385.52277 Case1_F121_NS 8
INLINE-  2147483647 2147483647    517308.46900   6248000.00000      9815.93463 Case1_F121_NS 8
INLINE-  2147483647 2147483647    517332.00000   6248018.00000     10244.15149 Case1_F121_NS 8
INLINE-  2147483647 2147483647    517283.46900   6248012.00000      9323.65465 Case1_F121_NS 9
INLINE-  2147483647 2147483647    517301.62500   6248026.00000      9848.34570 Case1_F121_NS 9
INLINE-  2147483647 2147483647    517316.93800   6248037.50000     10146.43629 Case1_F121_NS 9
