INLINE-  2147483647 2147483647    514378.68800   6251923.00000      9063.56313 Case2_F167_NNE 1
INLINE-  2147483647 2147483647    514400.81200   6251918.00000      9322.56265 Case2_F167_NNE 1
INLINE-  2147483647 2147483647    514519.50000   6251893.00000     10060.50112 Case2_F167_NNE 1
INLINE-  2147483647 2147483647    514396.00000   6252001.00000      9080.16816 Case2_F167_NNE 2
INLINE-  2147483647 2147483647    514417.50000   6251996.50000      9322.56265 Case2_F167_NNE 2
INLINE-  2147483647 2147483647    514518.37500   6251975.00000     10079.40016 Case2_F167_NNE 2
INLINE-  2147483647 2147483647    514414.28100   6252079.00000      9050.79310 Case2_F167_NNE 3
INLINE-  2147483647 2147483647    514434.62500   6252074.50000      9312.05962 Case2_F167_NNE 3
INLINE-  2147483647 2147483647    514535.03100   6252053.00000     10079.40016 Case2_F167_NNE 3
INLINE-  2147483647 2147483647    514418.71900   6252176.50000      9073.41215 Case2_F167_NNE 4
INLINE-  2147483647 2147483647    514444.90600   6252171.00000      9306.11161 Case2_F167_NNE 4
INLINE-  2147483647 2147483647    514555.12500   6252147.50000     10079.40016 Case2_F167_NNE 4
INLINE-  2147483647 2147483647    514441.34400   6252282.50000      9073.41215 Case2_F167_NNE 5
INLINE-  2147483647 2147483647    514473.75000   6252275.50000      9403.07581 Case2_F167_NNE 5
INLINE-  2147483647 2147483647    514620.78100   6252244.00000     10201.71340 Case2_F167_NNE 5
INLINE-  2147483647 2147483647    514458.03100   6252360.50000      9073.41215 Case2_F167_NNE 6
INLINE-  2147483647 2147483647    514524.62500   6252346.50000      9472.38394 Case2_F167_NNE 6
INLINE-  2147483647 2147483647    514656.06200   6252318.50000     10156.52631 Case2_F167_NNE 6
