INLINE-  2147483647 2147483647    516043.37500   6251894.50000      9659.03332 Case2_F141_NS 1
INLINE-  2147483647 2147483647    516072.68800   6251917.00000     10037.48707 Case2_F141_NS 1
INLINE-  2147483647 2147483647    516123.71900   6251956.00000     10424.86285 Case2_F141_NS 1
INLINE-  2147483647 2147483647    516160.40600   6251984.00000     10735.84547 Case2_F141_NS 1
INLINE-  2147483647 2147483647    516253.00000   6252055.00000     11233.85447 Case2_F141_NS 1
INLINE-  2147483647 2147483647    516011.25000   6251948.50000      9583.65517 Case2_F141_NS 2
INLINE-  2147483647 2147483647    516036.90600   6251968.00000      9916.06083 Case2_F141_NS 2
INLINE-  2147483647 2147483647    516073.81200   6251996.50000     10244.05149 Case2_F141_NS 2
INLINE-  2147483647 2147483647    516112.78100   6252026.00000     10571.39214 Case2_F141_NS 2
INLINE-  2147483647 2147483647    516165.59400   6252066.50000     10889.85178 Case2_F141_NS 2
INLINE-  2147483647 2147483647    516237.87500   6252122.00000     11193.04339 Case2_F141_NS 2
INLINE-  2147483647 2147483647    515979.96900   6252019.00000      9555.02211 Case2_F141_NS 3
INLINE-  2147483647 2147483647    515998.84400   6252033.50000      9815.73063 Case2_F141_NS 3
INLINE-  2147483647 2147483647    516023.81200   6252052.50000     10073.95415 Case2_F141_NS 3
INLINE-  2147483647 2147483647    516060.71900   6252081.00000     10405.10481 Case2_F141_NS 3
INLINE-  2147483647 2147483647    516111.62500   6252119.50000     10772.98455 Case2_F141_NS 3
INLINE-  2147483647 2147483647    516210.21900   6252195.00000     11146.25629 Case2_F141_NS 3
INLINE-  2147483647 2147483647    515977.09400   6252111.00000      9689.49738 Case2_F141_NS 4
INLINE-  2147483647 2147483647    515990.25000   6252121.50000      9943.36889 Case2_F141_NS 4
INLINE-  2147483647 2147483647    516012.25000   6252138.00000     10173.08035 Case2_F141_NS 4
INLINE-  2147483647 2147483647    516044.46900   6252163.00000     10498.65700 Case2_F141_NS 4
INLINE-  2147483647 2147483647    516101.46900   6252206.50000     10853.91271 Case2_F141_NS 4
INLINE-  2147483647 2147483647    516166.25000   6252256.00000     11074.84415 Case2_F141_NS 4
INLINE-  2147483647 2147483647    515945.90600   6252166.00000      9742.12148 Case2_F141_NS 5
INLINE-  2147483647 2147483647    515971.78100   6252186.00000     10081.62716 Case2_F141_NS 5
INLINE-  2147483647 2147483647    516007.00000   6252213.00000     10417.91984 Case2_F141_NS 5
INLINE-  2147483647 2147483647    516058.87500   6252252.50000     10745.09149 Case2_F141_NS 5
INLINE-  2147483647 2147483647    516139.53100   6252314.00000     11047.50910 Case2_F141_NS 5
INLINE-  2147483647 2147483647    515901.34400   6252226.50000      9778.99656 Case2_F141_NS 6
INLINE-  2147483647 2147483647    515937.75000   6252254.00000     10163.40933 Case2_F141_NS 6
INLINE-  2147483647 2147483647    515969.00000   6252278.00000     10423.98285 Case2_F141_NS 6
INLINE-  2147483647 2147483647    516017.18800   6252315.00000     10702.05540 Case2_F141_NS 6
INLINE-  2147483647 2147483647    516103.90600   6252381.50000     11024.04505 Case2_F141_NS 6
INLINE-  2147483647 2147483647    515863.37500   6252276.00000      9778.99656 Case2_F141_NS 7
INLINE-  2147483647 2147483647    515899.75000   6252304.00000     10163.40933 Case2_F141_NS 7
INLINE-  2147483647 2147483647    515931.00000   6252327.50000     10423.98285 Case2_F141_NS 7
INLINE-  2147483647 2147483647    515979.21900   6252364.50000     10702.05540 Case2_F141_NS 7
INLINE-  2147483647 2147483647    516058.18800   6252425.00000     10985.44597 Case2_F141_NS 7
