INLINE-  2147483647 2147483647    514081.81200   6249289.50000      8939.61688 Case1_F007_NNE 1
INLINE-  2147483647 2147483647    514068.25000   6249293.50000      9098.39720 Case1_F007_NNE 1
INLINE-  2147483647 2147483647    514052.65600   6249298.50000      9252.70451 Case1_F007_NNE 1
INLINE-  2147483647 2147483647    513998.46900   6249315.50000      9507.31201 Case1_F007_NNE 1
INLINE-  2147483647 2147483647    514095.28100   6249332.50000      8939.61688 Case1_F007_NNE 2
INLINE-  2147483647 2147483647    514081.68800   6249336.50000      9098.39720 Case1_F007_NNE 2
INLINE-  2147483647 2147483647    514066.09400   6249341.50000      9252.70451 Case1_F007_NNE 2
INLINE-  2147483647 2147483647    514011.90600   6249358.50000      9507.31201 Case1_F007_NNE 2
INLINE-  2147483647 2147483647    514117.09400   6249365.00000      8913.73083 Case1_F007_NNE 3
INLINE-  2147483647 2147483647    514110.15600   6249367.00000      9034.21707 Case1_F007_NNE 3
INLINE-  2147483647 2147483647    514090.06200   6249373.50000      9245.81449 Case1_F007_NNE 3
INLINE-  2147483647 2147483647    514035.37500   6249390.50000      9500.78300 Case1_F007_NNE 3
INLINE-  2147483647 2147483647    514136.50000   6249377.50000      8983.25197 Case1_F007_NNE 4
INLINE-  2147483647 2147483647    514127.37500   6249380.00000      9072.31314 Case1_F007_NNE 4
INLINE-  2147483647 2147483647    514107.46900   6249386.50000      9240.95648 Case1_F007_NNE 4
INLINE-  2147483647 2147483647    514060.68800   6249401.00000      9521.32604 Case1_F007_NNE 4
INLINE-  2147483647 2147483647    514021.75000   6249413.00000      9686.57637 Case1_F007_NNE 4
INLINE-  2147483647 2147483647    514154.84400   6249400.50000      8968.51594 Case1_F007_NNE 5
INLINE-  2147483647 2147483647    514137.46900   6249406.00000      9173.34835 Case1_F007_NNE 5
INLINE-  2147483647 2147483647    514090.53100   6249420.50000      9474.92895 Case1_F007_NNE 5
INLINE-  2147483647 2147483647    514036.87500   6249437.50000      9716.68143 Case1_F007_NNE 5
INLINE-  2147483647 2147483647    514169.21900   6249429.50000      8952.18390 Case1_F007_NNE 6
INLINE-  2147483647 2147483647    514148.50000   6249436.00000      9188.99938 Case1_F007_NNE 6
INLINE-  2147483647 2147483647    514106.53100   6249449.00000      9437.68888 Case1_F007_NNE 6
INLINE-  2147483647 2147483647    514056.06200   6249464.50000      9681.86736 Case1_F007_NNE 6
INLINE-  2147483647 2147483647    513987.65600   6249486.00000      9913.38883 Case1_F007_NNE 6
INLINE-  2147483647 2147483647    514191.56200   6249498.50000      8971.05294 Case1_F007_NNE 7
INLINE-  2147483647 2147483647    514168.62500   6249505.50000      9203.04041 Case1_F007_NNE 7
INLINE-  2147483647 2147483647    514118.46900   6249521.50000      9460.89192 Case1_F007_NNE 7
INLINE-  2147483647 2147483647    514077.84400   6249534.00000      9647.75530 Case1_F007_NNE 7
INLINE-  2147483647 2147483647    514024.84400   6249550.50000      9840.72668 Case1_F007_NNE 7
INLINE-  2147483647 2147483647    514206.09400   6249523.00000      8960.08992 Case1_F007_NNE 8
INLINE-  2147483647 2147483647    514171.37500   6249534.00000      9154.87031 Case1_F007_NNE 8
INLINE-  2147483647 2147483647    514136.00000   6249545.00000      9320.40864 Case1_F007_NNE 8
INLINE-  2147483647 2147483647    514084.28100   6249561.00000      9555.29011 Case1_F007_NNE 8
INLINE-  2147483647 2147483647    514025.43800   6249579.50000      9772.74455 Case1_F007_NNE 8
INLINE-  2147483647 2147483647    514202.18800   6249550.00000      9016.85403 Case1_F007_NNE 9
INLINE-  2147483647 2147483647    514155.46900   6249564.50000      9280.20156 Case1_F007_NNE 9
INLINE-  2147483647 2147483647    514096.12500   6249583.00000      9525.38205 Case1_F007_NNE 9
INLINE-  2147483647 2147483647    514027.53100   6249604.50000      9780.67156 Case1_F007_NNE 9
INLINE-  2147483647 2147483647    514206.59400   6249614.00000      9039.83808 Case1_F007_NNE 10
INLINE-  2147483647 2147483647    514167.40600   6249626.50000      9215.82343 Case1_F007_NNE 10
INLINE-  2147483647 2147483647    514124.21900   6249640.00000      9401.41680 Case1_F007_NNE 10
INLINE-  2147483647 2147483647    514052.21900   6249662.00000      9672.39634 Case1_F007_NNE 10
INLINE-  2147483647 2147483647    514203.84400   6249688.00000      9043.08209 Case1_F007_NNE 11
INLINE-  2147483647 2147483647    514162.06200   6249701.00000      9235.21847 Case1_F007_NNE 11
INLINE-  2147483647 2147483647    514079.96900   6249726.50000      9570.64614 Case1_F007_NNE 11
