INLINE-  2147483647 2147483647    516779.15600   6245202.50000      9890.91978 Case1_F146_NS 1
INLINE-  2147483647 2147483647    516674.31200   6245122.50000     10827.52166 Case1_F146_NS 1
INLINE-  2147483647 2147483647    516718.90600   6245314.00000      9875.64975 Case1_F146_NS 2
INLINE-  2147483647 2147483647    516633.87500   6245249.00000     10677.12135 Case1_F146_NS 2
INLINE-  2147483647 2147483647    516585.15600   6245211.50000     11136.02227 Case1_F146_NS 2
INLINE-  2147483647 2147483647    516691.34400   6245403.00000      9873.74975 Case1_F146_NS 3
INLINE-  2147483647 2147483647    516613.56200   6245343.50000     10587.12117 Case1_F146_NS 3
INLINE-  2147483647 2147483647    516552.43800   6245296.50000     11158.42232 Case1_F146_NS 3
INLINE-  2147483647 2147483647    516626.68800   6245511.00000      9869.50974 Case1_F146_NS 4
INLINE-  2147483647 2147483647    516560.15600   6245460.00000     10585.72117 Case1_F146_NS 4
INLINE-  2147483647 2147483647    516495.37500   6245410.50000     11176.32135 Case1_F146_NS 4
INLINE-  2147483647 2147483647    516558.21900   6245600.00000      9869.50974 Case1_F146_NS 5
INLINE-  2147483647 2147483647    516503.06200   6245558.00000     10573.02115 Case1_F146_NS 5
INLINE-  2147483647 2147483647    516435.09400   6245506.00000     11198.82140 Case1_F146_NS 5
INLINE-  2147483647 2147483647    516503.59400   6245715.50000      9892.82979 Case1_F146_NS 6
INLINE-  2147483647 2147483647    516439.25000   6245666.50000     10603.02121 Case1_F146_NS 6
INLINE-  2147483647 2147483647    516362.81200   6245608.00000     11330.22266 Case1_F146_NS 6
INLINE-  2147483647 2147483647    516438.84400   6245823.50000      9918.05984 Case1_F146_NS 7
INLINE-  2147483647 2147483647    516388.34400   6245785.00000     10607.02121 Case1_F146_NS 7
INLINE-  2147483647 2147483647    516330.40600   6245740.50000     11095.32219 Case1_F146_NS 7
INLINE-  2147483647 2147483647    516374.90600   6245900.50000      9840.37968 Case1_F146_NS 8
INLINE-  2147483647 2147483647    516287.62500   6245833.50000     10843.72169 Case1_F146_NS 8
