INLINE-  2147483647 2147483647    515354.75000   6248440.50000      8857.19171 Case1_F052_NS 1
INLINE-  2147483647 2147483647    515305.65600   6248402.50000      9213.96343 Case1_F052_NS 1
INLINE-  2147483647 2147483647    515244.34400   6248356.00000      9403.00881 Case1_F052_NS 1
INLINE-  2147483647 2147483647    515138.46900   6248275.00000      9673.06935 Case1_F052_NS 1
INLINE-  2147483647 2147483647    515006.28100   6248173.50000      9949.28990 Case1_F052_NS 1
INLINE-  2147483647 2147483647    515320.15600   6248492.50000      8913.57283 Case1_F052_NS 2
INLINE-  2147483647 2147483647    515267.68800   6248452.50000      9213.96343 Case1_F052_NS 2
INLINE-  2147483647 2147483647    515206.37500   6248405.50000      9403.00881 Case1_F052_NS 2
INLINE-  2147483647 2147483647    515100.50000   6248324.50000      9673.06935 Case1_F052_NS 2
INLINE-  2147483647 2147483647    514986.90600   6248237.50000      9902.39980 Case1_F052_NS 2
INLINE-  2147483647 2147483647    514822.40600   6248111.50000     10116.02023 Case1_F052_NS 2
INLINE-  2147483647 2147483647    515269.84400   6248532.50000      8945.69789 Case1_F052_NS 3
INLINE-  2147483647 2147483647    515212.90600   6248489.00000      9205.34541 Case1_F052_NS 3
INLINE-  2147483647 2147483647    515157.68800   6248447.00000      9407.51882 Case1_F052_NS 3
INLINE-  2147483647 2147483647    515062.40600   6248374.00000      9673.06935 Case1_F052_NS 3
INLINE-  2147483647 2147483647    514948.81200   6248287.00000      9902.39980 Case1_F052_NS 3
INLINE-  2147483647 2147483647    514784.56200   6248161.50000     10116.02023 Case1_F052_NS 3
INLINE-  2147483647 2147483647    515201.81200   6248559.50000      9043.18809 Case1_F052_NS 4
INLINE-  2147483647 2147483647    515117.84400   6248495.00000      9364.06773 Case1_F052_NS 4
INLINE-  2147483647 2147483647    515024.43800   6248423.50000      9673.06935 Case1_F052_NS 4
INLINE-  2147483647 2147483647    514910.84400   6248336.50000      9902.39980 Case1_F052_NS 4
INLINE-  2147483647 2147483647    514746.59400   6248211.00000     10116.02023 Case1_F052_NS 4
INLINE-  2147483647 2147483647    515168.56200   6248597.00000      9035.02707 Case1_F052_NS 5
INLINE-  2147483647 2147483647    515087.71900   6248535.00000      9374.01075 Case1_F052_NS 5
INLINE-  2147483647 2147483647    514994.50000   6248463.50000      9698.13940 Case1_F052_NS 5
INLINE-  2147483647 2147483647    514880.59400   6248376.50000      9902.39980 Case1_F052_NS 5
INLINE-  2147483647 2147483647    514722.46900   6248255.50000     10105.32021 Case1_F052_NS 5
INLINE-  2147483647 2147483647    515097.37500   6248621.00000      9142.85829 Case1_F052_NS 6
INLINE-  2147483647 2147483647    514995.56200   6248543.00000      9541.01908 Case1_F052_NS 6
INLINE-  2147483647 2147483647    514854.96900   6248435.50000      9884.81977 Case1_F052_NS 6
INLINE-  2147483647 2147483647    514682.34400   6248303.50000     10140.62028 Case1_F052_NS 6
INLINE-  2147483647 2147483647    515043.09400   6248658.00000      9165.59833 Case1_F052_NS 7
INLINE-  2147483647 2147483647    514920.96900   6248564.50000      9625.48825 Case1_F052_NS 7
INLINE-  2147483647 2147483647    514804.56200   6248475.50000      9902.39980 Case1_F052_NS 7
INLINE-  2147483647 2147483647    514635.75000   6248346.50000     10116.52023 Case1_F052_NS 7
INLINE-  2147483647 2147483647    514981.93800   6248690.00000      9200.37840 Case1_F052_NS 8
INLINE-  2147483647 2147483647    514892.37500   6248621.50000      9574.97915 Case1_F052_NS 8
INLINE-  2147483647 2147483647    514766.18800   6248525.00000      9903.16981 Case1_F052_NS 8
INLINE-  2147483647 2147483647    514581.50000   6248383.50000     10119.62024 Case1_F052_NS 8
INLINE-  2147483647 2147483647    514932.12500   6248730.50000      9138.70828 Case1_F052_NS 9
INLINE-  2147483647 2147483647    514837.21900   6248658.00000      9607.27921 Case1_F052_NS 9
INLINE-  2147483647 2147483647    514728.68800   6248575.00000      9902.39980 Case1_F052_NS 9
INLINE-  2147483647 2147483647    514543.12500   6248433.00000     10086.71917 Case1_F052_NS 9
INLINE-  2147483647 2147483647    514898.34400   6248783.50000      9010.34802 Case1_F052_NS 10
INLINE-  2147483647 2147483647    514797.90600   6248706.50000      9553.41911 Case1_F052_NS 10
INLINE-  2147483647 2147483647    514688.75000   6248623.00000      9901.98980 Case1_F052_NS 10
INLINE-  2147483647 2147483647    514505.06200   6248482.50000     10083.92017 Case1_F052_NS 10
INLINE-  2147483647 2147483647    514847.25000   6248823.00000      9034.71807 Case1_F052_NS 11
INLINE-  2147483647 2147483647    514753.28100   6248751.00000      9513.78903 Case1_F052_NS 11
INLINE-  2147483647 2147483647    514666.09400   6248684.50000      9817.64964 Case1_F052_NS 11
INLINE-  2147483647 2147483647    514467.09400   6248532.00000     10086.71917 Case1_F052_NS 11
INLINE-  2147483647 2147483647    514798.43800   6248864.50000      9074.41815 Case1_F052_NS 12
INLINE-  2147483647 2147483647    514735.15600   6248816.00000      9442.58889 Case1_F052_NS 12
INLINE-  2147483647 2147483647    514652.37500   6248752.50000      9782.27956 Case1_F052_NS 12
INLINE-  2147483647 2147483647    514571.96900   6248691.00000      9950.88890 Case1_F052_NS 12
INLINE-  2147483647 2147483647    514430.06200   6248582.50000     10107.32021 Case1_F052_NS 12
INLINE-  2147483647 2147483647    514754.81200   6248909.50000      9093.84819 Case1_F052_NS 13
INLINE-  2147483647 2147483647    514711.37500   6248876.50000      9364.42873 Case1_F052_NS 13
INLINE-  2147483647 2147483647    514643.75000   6248824.50000      9686.25937 Case1_F052_NS 13
INLINE-  2147483647 2147483647    514567.93800   6248766.50000      9927.78986 Case1_F052_NS 13
INLINE-  2147483647 2147483647    514392.50000   6248632.50000     10132.22026 Case1_F052_NS 13
INLINE-  2147483647 2147483647    514725.50000   6248966.00000      9112.29822 Case1_F052_NS 14
INLINE-  2147483647 2147483647    514662.15600   6248917.50000      9480.53896 Case1_F052_NS 14
INLINE-  2147483647 2147483647    514609.31200   6248877.00000      9698.87940 Case1_F052_NS 14
INLINE-  2147483647 2147483647    514504.68800   6248797.00000     10011.02002 Case1_F052_NS 14
INLINE-  2147483647 2147483647    514352.50000   6248680.50000     10164.62033 Case1_F052_NS 14
INLINE-  2147483647 2147483647    514701.09400   6249026.00000      9117.60824 Case1_F052_NS 15
INLINE-  2147483647 2147483647    514672.53100   6249004.00000      9313.51863 Case1_F052_NS 15
INLINE-  2147483647 2147483647    514599.43800   6248948.00000      9699.37940 Case1_F052_NS 15
INLINE-  2147483647 2147483647    514505.28100   6248876.00000      9943.83989 Case1_F052_NS 15
INLINE-  2147483647 2147483647    514311.65600   6248728.00000     10186.22037 Case1_F052_NS 15
INLINE-  2147483647 2147483647    514673.56200   6249083.50000      9067.63814 Case1_F052_NS 16
INLINE-  2147483647 2147483647    514627.62500   6249048.50000      9390.95878 Case1_F052_NS 16
INLINE-  2147483647 2147483647    514561.87500   6248998.00000      9673.98935 Case1_F052_NS 16
INLINE-  2147483647 2147483647    514430.03100   6248897.00000     10002.82001 Case1_F052_NS 16
INLINE-  2147483647 2147483647    514267.96900   6248773.00000     10169.82034 Case1_F052_NS 16
INLINE-  2147483647 2147483647    514612.37500   6249115.50000      9420.89784 Case1_F052_NS 17
INLINE-  2147483647 2147483647    514528.40600   6249051.00000      9725.90845 Case1_F052_NS 17
INLINE-  2147483647 2147483647    514429.43800   6248975.50000      9943.83989 Case1_F052_NS 17
INLINE-  2147483647 2147483647    514225.56200   6248819.50000     10151.12030 Case1_F052_NS 17
