INLINE-  2147483647 2147483647    517282.75000   6245163.00000      9343.88369 Case1_F148_NS 1
INLINE-  2147483647 2147483647    517097.81200   6245021.50000     10091.11418 Case1_F148_NS 1
INLINE-  2147483647 2147483647    516926.28100   6244890.50000     10545.41609 Case1_F148_NS 1
INLINE-  2147483647 2147483647    516760.09400   6244763.00000     10880.54476 Case1_F148_NS 1
INLINE-  2147483647 2147483647    517287.96900   6245230.00000      9282.99257 Case1_F148_NS 2
INLINE-  2147483647 2147483647    517099.84400   6245086.00000     10095.97519 Case1_F148_NS 2
INLINE-  2147483647 2147483647    516735.56200   6244807.50000     10968.90894 Case1_F148_NS 2
INLINE-  2147483647 2147483647    517260.50000   6245303.50000      9281.09656 Case1_F148_NS 3
INLINE-  2147483647 2147483647    517076.46900   6245162.50000     10059.77812 Case1_F148_NS 3
INLINE-  2147483647 2147483647    516905.93800   6245032.00000     10556.47811 Case1_F148_NS 3
INLINE-  2147483647 2147483647    516721.50000   6244891.00000     10939.01788 Case1_F148_NS 3
INLINE-  2147483647 2147483647    517212.87500   6245361.50000      9302.54761 Case1_F148_NS 4
INLINE-  2147483647 2147483647    517123.65600   6245293.00000      9702.18340 Case1_F148_NS 4
INLINE-  2147483647 2147483647    517024.43800   6245217.00000     10087.89418 Case1_F148_NS 4
INLINE-  2147483647 2147483647    516867.43800   6245097.00000     10559.05312 Case1_F148_NS 4
INLINE-  2147483647 2147483647    516701.56200   6244970.00000     10948.50290 Case1_F148_NS 4
INLINE-  2147483647 2147483647    517162.25000   6245417.00000      9318.19864 Case1_F148_NS 5
INLINE-  2147483647 2147483647    517127.62500   6245390.50000      9500.79700 Case1_F148_NS 5
INLINE-  2147483647 2147483647    517089.00000   6245361.00000      9679.82436 Case1_F148_NS 5
INLINE-  2147483647 2147483647    516963.46900   6245265.00000     10152.46530 Case1_F148_NS 5
INLINE-  2147483647 2147483647    516823.87500   6245158.00000     10571.78914 Case1_F148_NS 5
INLINE-  2147483647 2147483647    516677.56200   6245046.00000     10930.02986 Case1_F148_NS 5
INLINE-  2147483647 2147483647    517126.40600   6245500.00000      9310.77462 Case1_F148_NS 6
INLINE-  2147483647 2147483647    517058.00000   6245447.50000      9644.48129 Case1_F148_NS 6
INLINE-  2147483647 2147483647    516978.00000   6245386.50000      9937.72288 Case1_F148_NS 6
INLINE-  2147483647 2147483647    516893.93800   6245322.00000     10226.45445 Case1_F148_NS 6
INLINE-  2147483647 2147483647    516771.78100   6245228.50000     10631.11726 Case1_F148_NS 6
INLINE-  2147483647 2147483647    516659.59400   6245142.50000     10957.80392 Case1_F148_NS 6
INLINE-  2147483647 2147483647    517105.59400   6245547.00000      9292.28858 Case1_F148_NS 7
INLINE-  2147483647 2147483647    517037.15600   6245494.50000      9655.66331 Case1_F148_NS 7
INLINE-  2147483647 2147483647    516943.00000   6245422.50000      9995.34599 Case1_F148_NS 7
INLINE-  2147483647 2147483647    516846.15600   6245348.50000     10331.82166 Case1_F148_NS 7
INLINE-  2147483647 2147483647    516744.90600   6245271.00000     10662.95533 Case1_F148_NS 7
INLINE-  2147483647 2147483647    516638.96900   6245190.00000     10988.10198 Case1_F148_NS 7
INLINE-  2147483647 2147483647    517076.84400   6245603.50000      9276.07855 Case1_F148_NS 8
INLINE-  2147483647 2147483647    517023.96900   6245563.00000      9599.29820 Case1_F148_NS 8
INLINE-  2147483647 2147483647    516924.46900   6245487.00000      9970.96994 Case1_F148_NS 8
INLINE-  2147483647 2147483647    516830.34400   6245415.00000     10304.56361 Case1_F148_NS 8
INLINE-  2147483647 2147483647    516612.34400   6245248.00000     10999.95600 Case1_F148_NS 8
INLINE-  2147483647 2147483647    517049.18800   6245661.00000      9288.19258 Case1_F148_NS 9
INLINE-  2147483647 2147483647    516966.46900   6245598.00000      9715.90643 Case1_F148_NS 9
INLINE-  2147483647 2147483647    516853.46900   6245511.50000     10115.79523 Case1_F148_NS 9
INLINE-  2147483647 2147483647    516735.31200   6245421.00000     10509.32202 Case1_F148_NS 9
INLINE-  2147483647 2147483647    516614.40600   6245328.50000     10899.51380 Case1_F148_NS 9
INLINE-  2147483647 2147483647    517030.75000   6245710.00000      9302.08860 Case1_F148_NS 10
INLINE-  2147483647 2147483647    516977.56200   6245669.00000      9581.54716 Case1_F148_NS 10
INLINE-  2147483647 2147483647    516857.46900   6245577.50000     10014.57503 Case1_F148_NS 10
INLINE-  2147483647 2147483647    516624.21900   6245399.00000     10782.81457 Case1_F148_NS 10
INLINE-  2147483647 2147483647    517013.34400   6245775.50000      9280.33856 Case1_F148_NS 11
INLINE-  2147483647 2147483647    516893.78100   6245684.00000      9788.25058 Case1_F148_NS 11
INLINE-  2147483647 2147483647    516751.53100   6245575.00000     10274.65955 Case1_F148_NS 11
INLINE-  2147483647 2147483647    516601.81200   6245460.50000     10751.79650 Case1_F148_NS 11
INLINE-  2147483647 2147483647    517004.12500   6245831.00000      9252.83251 Case1_F148_NS 12
INLINE-  2147483647 2147483647    516947.62500   6245788.00000      9552.45710 Case1_F148_NS 12
INLINE-  2147483647 2147483647    516863.09400   6245723.00000      9813.71463 Case1_F148_NS 12
INLINE-  2147483647 2147483647    516727.43800   6245619.50000     10291.75858 Case1_F148_NS 12
INLINE-  2147483647 2147483647    516583.43800   6245509.00000     10735.36547 Case1_F148_NS 12
INLINE-  2147483647 2147483647    516982.81200   6245878.00000      9252.95951 Case1_F148_NS 13
INLINE-  2147483647 2147483647    516893.25000   6245809.50000      9634.54927 Case1_F148_NS 13
INLINE-  2147483647 2147483647    516786.56200   6245727.50000      9998.51600 Case1_F148_NS 13
INLINE-  2147483647 2147483647    516679.31200   6245645.50000     10362.00072 Case1_F148_NS 13
INLINE-  2147483647 2147483647    516565.87500   6245558.50000     10717.75744 Case1_F148_NS 13
INLINE-  2147483647 2147483647    516948.06200   6245930.00000      9256.19851 Case1_F148_NS 14
INLINE-  2147483647 2147483647    516815.06200   6245828.00000      9776.28955 Case1_F148_NS 14
INLINE-  2147483647 2147483647    516669.18800   6245716.50000     10269.71354 Case1_F148_NS 14
INLINE-  2147483647 2147483647    516539.46900   6245617.00000     10700.91040 Case1_F148_NS 14
INLINE-  2147483647 2147483647    516909.00000   6245963.00000      9239.11448 Case1_F148_NS 15
INLINE-  2147483647 2147483647    516786.90600   6245869.50000      9730.22846 Case1_F148_NS 15
INLINE-  2147483647 2147483647    516648.15600   6245763.50000     10203.02641 Case1_F148_NS 15
INLINE-  2147483647 2147483647    516514.53100   6245661.00000     10681.62736 Case1_F148_NS 15
INLINE-  2147483647 2147483647    516865.43800   6245992.50000      9217.60444 Case1_F148_NS 16
INLINE-  2147483647 2147483647    516741.78100   6245898.00000      9727.52446 Case1_F148_NS 16
INLINE-  2147483647 2147483647    516605.31200   6245793.50000     10199.54740 Case1_F148_NS 16
INLINE-  2147483647 2147483647    516491.28100   6245706.00000     10640.24428 Case1_F148_NS 16
INLINE-  2147483647 2147483647    516812.21900   6246030.50000      9199.00840 Case1_F148_NS 17
INLINE-  2147483647 2147483647    516714.21900   6245955.50000      9585.06117 Case1_F148_NS 17
INLINE-  2147483647 2147483647    516607.53100   6245874.00000      9961.90592 Case1_F148_NS 17
INLINE-  2147483647 2147483647    516505.65600   6245796.00000     10344.29769 Case1_F148_NS 17
INLINE-  2147483647 2147483647    516756.96900   6246067.00000      9196.87339 Case1_F148_NS 18
INLINE-  2147483647 2147483647    516647.15600   6245983.00000      9599.01920 Case1_F148_NS 18
INLINE-  2147483647 2147483647    516517.37500   6245883.50000     10056.79311 Case1_F148_NS 18
INLINE-  2147483647 2147483647    516696.09400   6246099.00000      9235.95947 Case1_F148_NS 19
INLINE-  2147483647 2147483647    516592.78100   6246020.00000      9643.81929 Case1_F148_NS 19
INLINE-  2147483647 2147483647    516480.53100   6245934.00000     10042.07708 Case1_F148_NS 19
INLINE-  2147483647 2147483647    516634.65600   6246130.50000      9285.41457 Case1_F148_NS 20
INLINE-  2147483647 2147483647    516568.59400   6246080.00000      9596.73619 Case1_F148_NS 20
INLINE-  2147483647 2147483647    516432.68800   6245976.00000     10087.29517 Case1_F148_NS 20
