INLINE-  2147483647 2147483647    514464.81200   6253298.50000      9703.17641 Case2_F104_NS 1
INLINE-  2147483647 2147483647    514408.50000   6253255.50000     10044.58309 Case2_F104_NS 1
INLINE-  2147483647 2147483647    514374.56200   6253229.50000     10292.02158 Case2_F104_NS 1
INLINE-  2147483647 2147483647    514426.84400   6253348.50000      9703.17641 Case2_F104_NS 2
INLINE-  2147483647 2147483647    514370.53100   6253305.50000     10044.58309 Case2_F104_NS 2
INLINE-  2147483647 2147483647    514336.59400   6253279.50000     10292.02158 Case2_F104_NS 2
INLINE-  2147483647 2147483647    514388.87500   6253398.00000      9703.17641 Case2_F104_NS 3
INLINE-  2147483647 2147483647    514336.15600   6253357.50000     10027.58706 Case2_F104_NS 3
INLINE-  2147483647 2147483647    514298.62500   6253329.00000     10292.02158 Case2_F104_NS 3
INLINE-  2147483647 2147483647    514358.93800   6253438.00000      9647.22229 Case2_F104_NS 4
INLINE-  2147483647 2147483647    514314.28100   6253404.00000      9996.31899 Case2_F104_NS 4
INLINE-  2147483647 2147483647    514252.21900   6253356.50000     10551.10910 Case2_F104_NS 4
INLINE-  2147483647 2147483647    514343.78100   6253458.00000      9643.78529 Case2_F104_NS 5
INLINE-  2147483647 2147483647    514286.96900   6253414.50000     10102.09420 Case2_F104_NS 5
INLINE-  2147483647 2147483647    514236.28100   6253375.50000     10563.32313 Case2_F104_NS 5
INLINE-  2147483647 2147483647    514320.96900   6253487.50000      9647.22229 Case2_F104_NS 6
INLINE-  2147483647 2147483647    514276.31200   6253453.50000      9996.31899 Case2_F104_NS 6
INLINE-  2147483647 2147483647    514214.25000   6253406.00000     10551.10910 Case2_F104_NS 6
