INLINE-  2147483647 2147483647    517353.71900   6248097.50000      9602.47020 Case1_F112_NS 1
INLINE-  2147483647 2147483647    517372.84400   6248112.00000      9963.30393 Case1_F112_NS 1
INLINE-  2147483647 2147483647    517382.71900   6248119.50000     10219.14644 Case1_F112_NS 1
INLINE-  2147483647 2147483647    517334.90600   6248161.50000      9594.43519 Case1_F112_NS 2
INLINE-  2147483647 2147483647    517334.84400   6248161.50000      9963.30393 Case1_F112_NS 2
INLINE-  2147483647 2147483647    517344.75000   6248169.00000     10219.14644 Case1_F112_NS 2
INLINE-  2147483647 2147483647    517276.96900   6248227.50000      9599.27320 Case1_F112_NS 3
INLINE-  2147483647 2147483647    517286.34400   6248234.50000      9905.06481 Case1_F112_NS 3
INLINE-  2147483647 2147483647    517295.06200   6248241.50000     10256.77851 Case1_F112_NS 3
INLINE-  2147483647 2147483647    517218.90600   6248293.00000      9604.25121 Case1_F112_NS 4
INLINE-  2147483647 2147483647    517228.09400   6248300.00000      9945.89689 Case1_F112_NS 4
INLINE-  2147483647 2147483647    517231.21900   6248302.50000     10191.83038 Case1_F112_NS 4
INLINE-  2147483647 2147483647    517180.18800   6248342.00000      9605.01821 Case1_F112_NS 5
INLINE-  2147483647 2147483647    517187.21900   6248347.50000      9870.56074 Case1_F112_NS 5
INLINE-  2147483647 2147483647    517196.96900   6248355.00000     10144.23929 Case1_F112_NS 5
