INLINE-  2147483647 2147483647    515761.31200   6249711.50000      9468.30794 Case1_F045_NS 1
INLINE-  2147483647 2147483647    515776.37500   6249723.00000      9565.18513 Case1_F045_NS 1
INLINE-  2147483647 2147483647    515805.68800   6249745.50000      9689.74838 Case1_F045_NS 1
INLINE-  2147483647 2147483647    515789.90600   6249686.00000      9456.50291 Case1_F045_NS 2
INLINE-  2147483647 2147483647    515805.87500   6249698.50000      9575.88415 Case1_F045_NS 2
INLINE-  2147483647 2147483647    515824.43800   6249712.50000      9680.53336 Case1_F045_NS 2
INLINE-  2147483647 2147483647    515833.62500   6249719.50000      9771.33754 Case1_F045_NS 2
INLINE-  2147483647 2147483647    515805.03100   6249666.00000      9445.11689 Case1_F045_NS 3
INLINE-  2147483647 2147483647    515819.96900   6249677.50000      9569.21014 Case1_F045_NS 3
INLINE-  2147483647 2147483647    515838.37500   6249691.50000      9691.34438 Case1_F045_NS 3
INLINE-  2147483647 2147483647    515858.53100   6249707.00000      9811.81262 Case1_F045_NS 3
INLINE-  2147483647 2147483647    515819.25000   6249645.50000      9435.74187 Case1_F045_NS 4
INLINE-  2147483647 2147483647    515835.65600   6249658.00000      9579.68116 Case1_F045_NS 4
INLINE-  2147483647 2147483647    515856.43800   6249674.00000      9727.64546 Case1_F045_NS 4
INLINE-  2147483647 2147483647    515885.03100   6249696.00000      9848.22170 Case1_F045_NS 4
INLINE-  2147483647 2147483647    515841.59400   6249615.50000      9438.30488 Case1_F045_NS 5
INLINE-  2147483647 2147483647    515859.93800   6249629.50000      9592.56419 Case1_F045_NS 5
INLINE-  2147483647 2147483647    515885.25000   6249649.00000      9742.60249 Case1_F045_NS 5
INLINE-  2147483647 2147483647    515920.09400   6249675.50000      9884.85477 Case1_F045_NS 5
INLINE-  2147483647 2147483647    515859.65600   6249598.00000      9446.22989 Case1_F045_NS 6
INLINE-  2147483647 2147483647    515874.75000   6249609.50000      9579.40416 Case1_F045_NS 6
INLINE-  2147483647 2147483647    515899.00000   6249628.00000      9714.38443 Case1_F045_NS 6
INLINE-  2147483647 2147483647    515948.59400   6249666.00000      9916.49083 Case1_F045_NS 6
INLINE-  2147483647 2147483647    515903.53100   6249584.00000      9462.10692 Case1_F045_NS 7
INLINE-  2147483647 2147483647    515917.81200   6249595.00000      9629.34726 Case1_F045_NS 7
INLINE-  2147483647 2147483647    515948.43800   6249618.50000      9787.37457 Case1_F045_NS 7
INLINE-  2147483647 2147483647    515989.96900   6249650.50000      9935.35387 Case1_F045_NS 7
INLINE-  2147483647 2147483647    515946.00000   6249585.00000      9480.27096 Case1_F045_NS 8
INLINE-  2147483647 2147483647    515951.53100   6249589.50000      9629.73026 Case1_F045_NS 8
INLINE-  2147483647 2147483647    515969.09400   6249603.00000      9759.64552 Case1_F045_NS 8
INLINE-  2147483647 2147483647    516026.18800   6249646.50000      9946.80689 Case1_F045_NS 8
