INLINE-  2147483647 2147483647    513997.75000   6248671.50000      8886.68777 Case1_F038_NNE 1
INLINE-  2147483647 2147483647    513936.93800   6248751.00000      9089.13818 Case1_F038_NNE 1
INLINE-  2147483647 2147483647    513860.87500   6248850.50000      9328.39766 Case1_F038_NNE 1
INLINE-  2147483647 2147483647    513773.59400   6248964.50000      9597.74920 Case1_F038_NNE 1
INLINE-  2147483647 2147483647    513686.31200   6249078.50000      9968.70994 Case1_F038_NNE 1
INLINE-  2147483647 2147483647    513612.50000   6249175.00000     10302.62061 Case1_F038_NNE 1
INLINE-  2147483647 2147483647    513531.34400   6249281.00000     10686.72037 Case1_F038_NNE 1
INLINE-  2147483647 2147483647    513408.96900   6249441.00000     11281.42256 Case1_F038_NNE 1
INLINE-  2147483647 2147483647    513973.09400   6248601.00000      8898.58780 Case1_F038_NNE 2
INLINE-  2147483647 2147483647    513778.68800   6248855.00000      9606.68921 Case1_F038_NNE 2
INLINE-  2147483647 2147483647    513682.21900   6248981.00000     10086.71917 Case1_F038_NNE 2
INLINE-  2147483647 2147483647    513582.75000   6249111.00000     10554.92111 Case1_F038_NNE 2
INLINE-  2147483647 2147483647    513448.90600   6249286.00000     11240.22248 Case1_F038_NNE 2
INLINE-  2147483647 2147483647    513957.56200   6248518.50000      8882.94777 Case1_F038_NNE 3
INLINE-  2147483647 2147483647    513836.93800   6248676.00000      9313.30863 Case1_F038_NNE 3
INLINE-  2147483647 2147483647    513721.40600   6248827.00000      9788.40858 Case1_F038_NNE 3
INLINE-  2147483647 2147483647    513571.78100   6249022.50000     10553.32111 Case1_F038_NNE 3
INLINE-  2147483647 2147483647    513470.00000   6249155.50000     11147.82230 Case1_F038_NNE 3
INLINE-  2147483647 2147483647    513910.25000   6248477.50000      8981.47796 Case1_F038_NNE 4
INLINE-  2147483647 2147483647    513835.93800   6248574.50000      9254.96851 Case1_F038_NNE 4
INLINE-  2147483647 2147483647    513727.28100   6248716.50000      9638.51928 Case1_F038_NNE 4
INLINE-  2147483647 2147483647    513656.56200   6248809.00000      9993.34999 Case1_F038_NNE 4
INLINE-  2147483647 2147483647    513546.37500   6248953.00000     10616.42123 Case1_F038_NNE 4
INLINE-  2147483647 2147483647    513468.25000   6249055.00000     11039.32208 Case1_F038_NNE 4
INLINE-  2147483647 2147483647    513872.03100   6248424.50000      8998.85800 Case1_F038_NNE 5
INLINE-  2147483647 2147483647    513787.06200   6248535.50000      9360.01872 Case1_F038_NNE 5
INLINE-  2147483647 2147483647    513723.93800   6248618.00000      9586.68917 Case1_F038_NNE 5
INLINE-  2147483647 2147483647    513601.56200   6248778.00000     10166.71933 Case1_F038_NNE 5
INLINE-  2147483647 2147483647    513465.68800   6248955.50000     10813.32163 Case1_F038_NNE 5
INLINE-  2147483647 2147483647    513818.65600   6248391.50000      9070.75814 Case1_F038_NNE 6
INLINE-  2147483647 2147483647    513673.59400   6248581.00000      9733.34947 Case1_F038_NNE 6
INLINE-  2147483647 2147483647    513545.09400   6248749.00000     10306.31961 Case1_F038_NNE 6
INLINE-  2147483647 2147483647    513458.59400   6248862.00000     10700.42140 Case1_F038_NNE 6
INLINE-  2147483647 2147483647    513780.40600   6248338.50000      9118.30824 Case1_F038_NNE 7
INLINE-  2147483647 2147483647    513684.71900   6248463.50000      9606.68921 Case1_F038_NNE 7
INLINE-  2147483647 2147483647    513606.37500   6248566.00000      9976.16995 Case1_F038_NNE 7
INLINE-  2147483647 2147483647    513515.28100   6248685.00000     10413.32083 Case1_F038_NNE 7
INLINE-  2147483647 2147483647    513466.65600   6248748.50000     10696.32039 Case1_F038_NNE 7
INLINE-  2147483647 2147483647    513745.87500   6248281.00000      9189.61838 Case1_F038_NNE 8
INLINE-  2147483647 2147483647    513666.96900   6248384.00000      9600.60920 Case1_F038_NNE 8
INLINE-  2147483647 2147483647    513556.78100   6248528.00000     10066.71913 Case1_F038_NNE 8
INLINE-  2147483647 2147483647    513468.75000   6248643.00000     10484.21997 Case1_F038_NNE 8
INLINE-  2147483647 2147483647    513726.09400   6248265.50000      9189.61838 Case1_F038_NNE 9
INLINE-  2147483647 2147483647    513646.96900   6248369.00000      9600.60920 Case1_F038_NNE 9
INLINE-  2147483647 2147483647    513537.03100   6248512.50000     10066.71913 Case1_F038_NNE 9
INLINE-  2147483647 2147483647    513464.03100   6248608.00000     10431.12086 Case1_F038_NNE 9
