INLINE-  2147483647 2147483647    516462.81200   6248737.50000      9327.94866 Case1_F076_NS 1
INLINE-  2147483647 2147483647    516457.46900   6248733.50000      9530.92906 Case1_F076_NS 1
INLINE-  2147483647 2147483647    516474.78100   6248746.50000      9881.84976 Case1_F076_NS 1
INLINE-  2147483647 2147483647    516514.68800   6248777.00000     10250.22050 Case1_F076_NS 1
INLINE-  2147483647 2147483647    516560.15600   6248812.00000     10662.72133 Case1_F076_NS 1
INLINE-  2147483647 2147483647    516403.59400   6248786.50000      9265.43853 Case1_F076_NS 2
INLINE-  2147483647 2147483647    516403.59400   6248786.50000      9509.54902 Case1_F076_NS 2
INLINE-  2147483647 2147483647    516411.43800   6248792.50000      9769.59954 Case1_F076_NS 2
INLINE-  2147483647 2147483647    516450.65600   6248822.50000     10146.92029 Case1_F076_NS 2
INLINE-  2147483647 2147483647    516487.93800   6248851.00000     10404.92081 Case1_F076_NS 2
INLINE-  2147483647 2147483647    516531.09400   6248884.00000     10692.62139 Case1_F076_NS 2
INLINE-  2147483647 2147483647    516365.43800   6248804.50000      9190.42838 Case1_F076_NS 3
INLINE-  2147483647 2147483647    516383.03100   6248818.00000      9484.60897 Case1_F076_NS 3
INLINE-  2147483647 2147483647    516404.78100   6248834.50000      9817.91964 Case1_F076_NS 3
INLINE-  2147483647 2147483647    516436.81200   6248859.00000     10146.12029 Case1_F076_NS 3
INLINE-  2147483647 2147483647    516488.84400   6248899.00000     10414.52083 Case1_F076_NS 3
INLINE-  2147483647 2147483647    516559.62500   6248953.00000     10695.22139 Case1_F076_NS 3
INLINE-  2147483647 2147483647    516336.34400   6248829.50000      9167.32833 Case1_F076_NS 4
INLINE-  2147483647 2147483647    516353.21900   6248842.50000      9464.30893 Case1_F076_NS 4
INLINE-  2147483647 2147483647    516380.12500   6248863.00000      9789.51958 Case1_F076_NS 4
INLINE-  2147483647 2147483647    516410.12500   6248886.00000     10085.72017 Case1_F076_NS 4
INLINE-  2147483647 2147483647    516475.50000   6248936.00000     10411.62082 Case1_F076_NS 4
INLINE-  2147483647 2147483647    516542.15600   6248987.00000     10688.02138 Case1_F076_NS 4
INLINE-  2147483647 2147483647    516253.31200   6248860.50000      9070.27814 Case1_F076_NS 5
INLINE-  2147483647 2147483647    516295.37500   6248892.50000      9419.85884 Case1_F076_NS 5
INLINE-  2147483647 2147483647    516333.09400   6248921.50000      9746.25949 Case1_F076_NS 5
INLINE-  2147483647 2147483647    516377.62500   6248955.50000     10039.12008 Case1_F076_NS 5
INLINE-  2147483647 2147483647    516431.75000   6248997.00000     10338.22068 Case1_F076_NS 5
INLINE-  2147483647 2147483647    516553.15600   6249090.00000     10717.82144 Case1_F076_NS 5
INLINE-  2147483647 2147483647    516177.90600   6248897.00000      9057.35811 Case1_F076_NS 6
INLINE-  2147483647 2147483647    516237.96900   6248943.00000      9399.72880 Case1_F076_NS 6
INLINE-  2147483647 2147483647    516274.90600   6248971.50000      9717.74944 Case1_F076_NS 6
INLINE-  2147483647 2147483647    516357.21900   6249034.50000     10205.32041 Case1_F076_NS 6
INLINE-  2147483647 2147483647    516539.06200   6249173.50000     10828.02166 Case1_F076_NS 6
INLINE-  2147483647 2147483647    516140.06200   6248947.00000      9057.35811 Case1_F076_NS 7
INLINE-  2147483647 2147483647    516200.12500   6248993.00000      9397.72880 Case1_F076_NS 7
INLINE-  2147483647 2147483647    516232.93800   6249018.00000      9713.92943 Case1_F076_NS 7
INLINE-  2147483647 2147483647    516314.56200   6249080.50000     10213.02043 Case1_F076_NS 7
INLINE-  2147483647 2147483647    516498.15600   6249221.00000     10825.92165 Case1_F076_NS 7
