INLINE-  2147483647 2147483647    514240.28100   6252982.50000     10749.34150 Case2_F111_EW 1
INLINE-  2147483647 2147483647    514292.34400   6252914.50000     10496.46499 Case2_F111_EW 1
INLINE-  2147483647 2147483647    514319.06200   6252879.50000     10189.76638 Case2_F111_EW 1
INLINE-  2147483647 2147483647    514370.37500   6252812.50000      9650.12630 Case2_F111_EW 1
INLINE-  2147483647 2147483647    514396.75000   6252778.00000      9217.00043 Case2_F111_EW 1
INLINE-  2147483647 2147483647    514145.90600   6253003.00000     11023.95205 Case2_F111_EW 2
INLINE-  2147483647 2147483647    514220.40600   6252905.50000     10636.12727 Case2_F111_EW 2
INLINE-  2147483647 2147483647    514279.50000   6252828.50000     10155.31131 Case2_F111_EW 2
INLINE-  2147483647 2147483647    514324.87500   6252769.00000      9656.58831 Case2_F111_EW 2
INLINE-  2147483647 2147483647    514356.56200   6252727.50000      9186.55137 Case2_F111_EW 2
INLINE-  2147483647 2147483647    514121.75000   6252993.50000     11069.82914 Case2_F111_EW 3
INLINE-  2147483647 2147483647    514190.90600   6252903.00000     10644.68329 Case2_F111_EW 3
INLINE-  2147483647 2147483647    514259.71900   6252813.00000     10161.22732 Case2_F111_EW 3
INLINE-  2147483647 2147483647    514308.00000   6252750.00000      9660.58332 Case2_F111_EW 3
INLINE-  2147483647 2147483647    514337.81200   6252711.00000      9153.90931 Case2_F111_EW 3
INLINE-  2147483647 2147483647    514055.09400   6252977.50000     11079.82216 Case2_F111_EW 4
INLINE-  2147483647 2147483647    514114.81200   6252899.50000     10780.32656 Case2_F111_EW 4
INLINE-  2147483647 2147483647    514167.46900   6252831.00000     10458.62692 Case2_F111_EW 4
INLINE-  2147483647 2147483647    514237.21900   6252739.50000      9950.02990 Case2_F111_EW 4
INLINE-  2147483647 2147483647    514274.18800   6252691.50000      9531.57406 Case2_F111_EW 4
INLINE-  2147483647 2147483647    514293.28100   6252666.50000      9191.63138 Case2_F111_EW 4
INLINE-  2147483647 2147483647    514002.62500   6252943.50000     11107.99422 Case2_F111_EW 5
INLINE-  2147483647 2147483647    514106.75000   6252807.50000     10505.65201 Case2_F111_EW 5
INLINE-  2147483647 2147483647    514172.43800   6252721.50000     10070.55114 Case2_F111_EW 5
INLINE-  2147483647 2147483647    514217.96900   6252662.00000      9618.08424 Case2_F111_EW 5
INLINE-  2147483647 2147483647    514252.43800   6252617.00000      9158.54832 Case2_F111_EW 5
INLINE-  2147483647 2147483647    513977.00000   6252874.00000     11038.79608 Case2_F111_EW 6
INLINE-  2147483647 2147483647    514026.12500   6252810.00000     10744.77049 Case2_F111_EW 6
INLINE-  2147483647 2147483647    514073.06200   6252748.50000     10455.30891 Case2_F111_EW 6
INLINE-  2147483647 2147483647    514137.93800   6252663.50000      9950.02990 Case2_F111_EW 6
INLINE-  2147483647 2147483647    514174.90600   6252615.50000      9531.57406 Case2_F111_EW 6
INLINE-  2147483647 2147483647    514203.12500   6252578.50000      9154.35031 Case2_F111_EW 6
INLINE-  2147483647 2147483647    513935.40600   6252825.50000     11097.48319 Case2_F111_EW 7
INLINE-  2147483647 2147483647    514011.65600   6252726.00000     10623.61925 Case2_F111_EW 7
INLINE-  2147483647 2147483647    514069.15600   6252650.50000     10151.90930 Case2_F111_EW 7
INLINE-  2147483647 2147483647    514113.62500   6252592.50000      9728.16746 Case2_F111_EW 7
INLINE-  2147483647 2147483647    514151.87500   6252542.50000      9264.08553 Case2_F111_EW 7
INLINE-  2147483647 2147483647    514170.03100   6252519.00000      9094.66519 Case2_F111_EW 7
INLINE-  2147483647 2147483647    513910.46900   6252755.00000     11074.73415 Case2_F111_EW 8
INLINE-  2147483647 2147483647    513966.46900   6252682.00000     10666.51833 Case2_F111_EW 8
INLINE-  2147483647 2147483647    514010.21900   6252625.00000     10327.79766 Case2_F111_EW 8
INLINE-  2147483647 2147483647    514060.21900   6252559.50000      9853.38071 Case2_F111_EW 8
INLINE-  2147483647 2147483647    514098.84400   6252509.00000      9397.62980 Case2_F111_EW 8
INLINE-  2147483647 2147483647    514123.71900   6252476.50000      9063.43613 Case2_F111_EW 8
INLINE-  2147483647 2147483647    513893.09400   6252716.00000     11081.27016 Case2_F111_EW 9
INLINE-  2147483647 2147483647    513951.43800   6252640.00000     10633.71227 Case2_F111_EW 9
INLINE-  2147483647 2147483647    514006.34400   6252568.50000     10183.25437 Case2_F111_EW 9
INLINE-  2147483647 2147483647    514044.25000   6252518.50000      9764.45753 Case2_F111_EW 9
INLINE-  2147483647 2147483647    514078.50000   6252474.00000      9339.40368 Case2_F111_EW 9
INLINE-  2147483647 2147483647    514097.93800   6252448.50000      9086.58317 Case2_F111_EW 9
INLINE-  2147483647 2147483647    513869.37500   6252624.00000     10986.73497 Case2_F111_EW 10
INLINE-  2147483647 2147483647    513946.68800   6252523.00000     10332.03566 Case2_F111_EW 10
INLINE-  2147483647 2147483647    514008.18800   6252442.50000      9666.14933 Case2_F111_EW 10
INLINE-  2147483647 2147483647    514027.53100   6252417.00000      9375.29675 Case2_F111_EW 10
INLINE-  2147483647 2147483647    514043.21900   6252396.50000      9082.71817 Case2_F111_EW 10
INLINE-  2147483647 2147483647    513859.84400   6252533.50000     10805.83761 Case2_F111_EW 11
INLINE-  2147483647 2147483647    513949.65600   6252416.00000      9966.60693 Case2_F111_EW 11
INLINE-  2147483647 2147483647    513984.59400   6252370.50000      9472.28894 Case2_F111_EW 11
INLINE-  2147483647 2147483647    513992.93800   6252359.50000      9260.15752 Case2_F111_EW 11
INLINE-  2147483647 2147483647    513999.75000   6252350.50000      9081.02416 Case2_F111_EW 11
INLINE-  2147483647 2147483647    513857.28100   6252434.00000     10591.61918 Case2_F111_EW 12
INLINE-  2147483647 2147483647    513894.59400   6252385.00000     10219.18644 Case2_F111_EW 12
INLINE-  2147483647 2147483647    513928.21900   6252341.00000      9844.48069 Case2_F111_EW 12
INLINE-  2147483647 2147483647    513952.21900   6252310.00000      9464.53293 Case2_F111_EW 12
INLINE-  2147483647 2147483647    513964.00000   6252294.50000      9080.81716 Case2_F111_EW 12
INLINE-  2147483647 2147483647    513838.87500   6252355.00000     10358.13172 Case2_F111_EW 13
INLINE-  2147483647 2147483647    513895.56200   6252281.00000      9853.71471 Case2_F111_EW 13
INLINE-  2147483647 2147483647    513909.28100   6252263.00000      9640.58328 Case2_F111_EW 13
INLINE-  2147483647 2147483647    513920.28100   6252249.00000      9426.48585 Case2_F111_EW 13
INLINE-  2147483647 2147483647    513925.93800   6252241.50000      9211.01742 Case2_F111_EW 13
INLINE-  2147483647 2147483647    513802.65600   6252279.00000     10231.91646 Case2_F111_EW 14
INLINE-  2147483647 2147483647    513863.06200   6252200.00000      9663.82233 Case2_F111_EW 14
INLINE-  2147483647 2147483647    513872.84400   6252187.50000      9481.30196 Case2_F111_EW 14
