INLINE-  2147483647 2147483647    514867.25000   6247390.50000      9711.39942 Case1_F057_NS 1
INLINE-  2147483647 2147483647    514827.31200   6247360.00000     10365.02073 Case1_F057_NS 1
INLINE-  2147483647 2147483647    514776.84400   6247321.50000     11223.82145 Case1_F057_NS 1
INLINE-  2147483647 2147483647    514844.62500   6247420.50000      9711.39942 Case1_F057_NS 2
INLINE-  2147483647 2147483647    514804.43800   6247389.50000     10365.02073 Case1_F057_NS 2
INLINE-  2147483647 2147483647    514754.00000   6247351.00000     11223.82145 Case1_F057_NS 2
INLINE-  2147483647 2147483647    514762.00000   6247514.50000      9424.81885 Case1_F057_NS 3
INLINE-  2147483647 2147483647    514733.75000   6247493.00000     10034.12007 Case1_F057_NS 3
INLINE-  2147483647 2147483647    514671.93800   6247445.50000     11210.92242 Case1_F057_NS 3
INLINE-  2147483647 2147483647    514668.59400   6247600.50000      9409.68882 Case1_F057_NS 4
INLINE-  2147483647 2147483647    514632.21900   6247572.50000     10009.42002 Case1_F057_NS 4
INLINE-  2147483647 2147483647    514567.46900   6247523.00000     11203.92241 Case1_F057_NS 4
INLINE-  2147483647 2147483647    514592.50000   6247699.50000      9409.68882 Case1_F057_NS 5
INLINE-  2147483647 2147483647    514566.75000   6247680.00000      9972.76995 Case1_F057_NS 5
INLINE-  2147483647 2147483647    514495.65600   6247625.50000     11331.42266 Case1_F057_NS 5
INLINE-  2147483647 2147483647    514529.62500   6247809.00000      9411.95882 Case1_F057_NS 6
INLINE-  2147483647 2147483647    514490.62500   6247779.00000      9972.76995 Case1_F057_NS 6
INLINE-  2147483647 2147483647    514394.34400   6247705.50000     11280.22256 Case1_F057_NS 6
INLINE-  2147483647 2147483647    514471.40600   6247921.50000      9373.15875 Case1_F057_NS 7
INLINE-  2147483647 2147483647    514427.31200   6247888.00000      9985.98997 Case1_F057_NS 7
INLINE-  2147483647 2147483647    514322.09400   6247807.50000     11178.42236 Case1_F057_NS 7
INLINE-  2147483647 2147483647    514417.03100   6248037.50000      9349.66870 Case1_F057_NS 8
INLINE-  2147483647 2147483647    514362.34400   6247995.50000      9967.44993 Case1_F057_NS 8
INLINE-  2147483647 2147483647    514221.75000   6247888.00000     11125.02225 Case1_F057_NS 8
INLINE-  2147483647 2147483647    514355.09400   6248147.50000      9339.51868 Case1_F057_NS 9
INLINE-  2147483647 2147483647    514286.50000   6248095.00000      9967.44993 Case1_F057_NS 9
INLINE-  2147483647 2147483647    514184.81200   6248017.00000     10794.92159 Case1_F057_NS 9
INLINE-  2147483647 2147483647    514272.40600   6248241.50000      9372.28874 Case1_F057_NS 10
INLINE-  2147483647 2147483647    514193.93800   6248181.50000     10046.62009 Case1_F057_NS 10
INLINE-  2147483647 2147483647    514110.93800   6248118.00000     10755.32151 Case1_F057_NS 10
INLINE-  2147483647 2147483647    514199.43800   6248343.00000      9279.32856 Case1_F057_NS 11
INLINE-  2147483647 2147483647    514115.96900   6248279.00000     10004.52001 Case1_F057_NS 11
INLINE-  2147483647 2147483647    514020.62500   6248206.00000     10742.42148 Case1_F057_NS 11
INLINE-  2147483647 2147483647    514098.31200   6248470.00000      9219.12844 Case1_F057_NS 12
INLINE-  2147483647 2147483647    514017.12500   6248408.00000      9981.88996 Case1_F057_NS 12
INLINE-  2147483647 2147483647    513921.21900   6248334.50000     11034.82207 Case1_F057_NS 12
INLINE-  2147483647 2147483647    514026.81200   6248573.00000      9247.47849 Case1_F057_NS 13
INLINE-  2147483647 2147483647    513951.00000   6248515.00000     10019.02004 Case1_F057_NS 13
INLINE-  2147483647 2147483647    513840.84400   6248430.50000     11215.52243 Case1_F057_NS 13
