INLINE-  2147483647 2147483647    514045.56200   6248776.00000      9390.43578 Case1_F056_NS 1
INLINE-  2147483647 2147483647    514031.84400   6248765.50000      9818.30064 Case1_F056_NS 1
INLINE-  2147483647 2147483647    514014.06200   6248752.00000     10245.54149 Case1_F056_NS 1
INLINE-  2147483647 2147483647    514068.18800   6248762.00000      9408.80982 Case1_F056_NS 2
INLINE-  2147483647 2147483647    514054.53100   6248751.50000      9818.49064 Case1_F056_NS 2
INLINE-  2147483647 2147483647    514037.40600   6248738.50000     10227.63846 Case1_F056_NS 2
INLINE-  2147483647 2147483647    514090.62500   6248747.50000      9408.84882 Case1_F056_NS 3
INLINE-  2147483647 2147483647    514075.90600   6248736.50000      9831.48166 Case1_F056_NS 3
INLINE-  2147483647 2147483647    514059.31200   6248723.50000     10219.75644 Case1_F056_NS 3
INLINE-  2147483647 2147483647    514124.56200   6248726.50000      9334.74867 Case1_F056_NS 4
INLINE-  2147483647 2147483647    514113.31200   6248717.50000      9639.10828 Case1_F056_NS 4
INLINE-  2147483647 2147483647    514100.50000   6248708.00000      9943.30189 Case1_F056_NS 4
INLINE-  2147483647 2147483647    514085.31200   6248696.50000     10247.06349 Case1_F056_NS 4
INLINE-  2147483647 2147483647    514144.62500   6248710.00000      9302.61061 Case1_F056_NS 5
INLINE-  2147483647 2147483647    514132.25000   6248700.50000      9624.49825 Case1_F056_NS 5
INLINE-  2147483647 2147483647    514118.12500   6248690.00000      9946.09789 Case1_F056_NS 5
INLINE-  2147483647 2147483647    514100.87500   6248676.50000     10267.08453 Case1_F056_NS 5
INLINE-  2147483647 2147483647    514164.06200   6248693.50000      9290.09658 Case1_F056_NS 6
INLINE-  2147483647 2147483647    514151.68800   6248684.00000      9591.58618 Case1_F056_NS 6
INLINE-  2147483647 2147483647    514138.12500   6248674.00000      9892.85879 Case1_F056_NS 6
INLINE-  2147483647 2147483647    514115.84400   6248656.50000     10288.14458 Case1_F056_NS 6
INLINE-  2147483647 2147483647    514181.90600   6248676.00000      9324.79465 Case1_F056_NS 7
INLINE-  2147483647 2147483647    514167.34400   6248664.50000      9653.83731 Case1_F056_NS 7
INLINE-  2147483647 2147483647    514150.56200   6248652.00000      9982.44196 Case1_F056_NS 7
INLINE-  2147483647 2147483647    514130.56200   6248636.50000     10310.32462 Case1_F056_NS 7
INLINE-  2147483647 2147483647    514198.75000   6248657.00000      9369.36874 Case1_F056_NS 8
INLINE-  2147483647 2147483647    514183.81200   6248646.00000      9692.14938 Case1_F056_NS 8
INLINE-  2147483647 2147483647    514166.00000   6248632.00000     10014.30503 Case1_F056_NS 8
INLINE-  2147483647 2147483647    514145.12500   6248616.00000     10335.73567 Case1_F056_NS 8
INLINE-  2147483647 2147483647    514215.40600   6248638.50000      9470.93094 Case1_F056_NS 9
INLINE-  2147483647 2147483647    514193.37500   6248621.50000      9897.77180 Case1_F056_NS 9
INLINE-  2147483647 2147483647    514158.81200   6248595.00000     10386.95877 Case1_F056_NS 9
