INLINE-  2147483647 2147483647    514241.75000   6249477.00000      9293.16898 Case1_F032_NS 1
INLINE-  2147483647 2147483647    514212.09375   6249454.50000      9529.49953 Case1_F032_NS 1
INLINE-  2147483647 2147483647    514100.40625   6249369.00000      9881.48949 Case1_F032_NS 1
INLINE-  2147483647 2147483647    513863.43750   6249187.50000     10318.32044 Case1_F032_NS 1
INLINE-  2147483647 2147483647    514287.03125   6249480.00000      9110.01822 Case1_F032_NS 2
INLINE-  2147483647 2147483647    514227.28125   6249434.50000      9529.49953 Case1_F032_NS 2
INLINE-  2147483647 2147483647    514115.59375   6249349.00000      9881.48949 Case1_F032_NS 2
INLINE-  2147483647 2147483647    513878.65625   6249167.50000     10318.32044 Case1_F032_NS 2
INLINE-  2147483647 2147483647    514355.00000   6249453.50000      9053.71830 Case1_F032_NS 3
INLINE-  2147483647 2147483647    514266.75000   6249386.00000      9552.93903 Case1_F032_NS 3
INLINE-  2147483647 2147483647    514118.03125   6249272.00000      9986.93990 Case1_F032_NS 3
INLINE-  2147483647 2147483647    513916.03125   6249117.50000     10326.02065 Case1_F032_NS 3
INLINE-  2147483647 2147483647    514403.28125   6249412.00000      9020.47800 Case1_F032_NS 4
INLINE-  2147483647 2147483647    514373.21875   6249388.50000      9243.50872 Case1_F032_NS 4
INLINE-  2147483647 2147483647    514315.34375   6249344.50000      9536.05911 Case1_F032_NS 4
INLINE-  2147483647 2147483647    514204.93750   6249260.00000      9904.46024 Case1_F032_NS 4
INLINE-  2147483647 2147483647    513954.68750   6249068.50000     10318.32044 Case1_F032_NS 4
INLINE-  2147483647 2147483647    514433.18750   6249371.50000      9016.48776 Case1_F032_NS 5
INLINE-  2147483647 2147483647    514408.46875   6249353.00000      9239.03801 Case1_F032_NS 5
INLINE-  2147483647 2147483647    514352.46875   6249310.00000      9530.63918 Case1_F032_NS 5
INLINE-  2147483647 2147483647    514202.28125   6249195.00000      9955.03944 Case1_F032_NS 5
INLINE-  2147483647 2147483647    513990.43750   6249033.00000     10259.82032 Case1_F032_NS 5
INLINE-  2147483647 2147483647    514485.43750   6249333.00000      8976.59803 Case1_F032_NS 6
INLINE-  2147483647 2147483647    514475.21875   6249325.00000      9108.61783 Case1_F032_NS 6
INLINE-  2147483647 2147483647    514436.50000   6249295.50000      9368.41913 Case1_F032_NS 6
INLINE-  2147483647 2147483647    514362.43750   6249239.00000      9648.08961 Case1_F032_NS 6
INLINE-  2147483647 2147483647    514264.78125   6249164.00000      9888.05982 Case1_F032_NS 6
INLINE-  2147483647 2147483647    514037.15625   6248990.00000     10192.61999 Case1_F032_NS 6
INLINE-  2147483647 2147483647    514542.28125   6249298.00000      8916.72779 Case1_F032_NS 7
INLINE-  2147483647 2147483647    514533.43750   6249291.00000      8995.79827 Case1_F032_NS 7
INLINE-  2147483647 2147483647    514524.40625   6249284.00000      9127.82783 Case1_F032_NS 7
INLINE-  2147483647 2147483647    514474.37500   6249246.00000      9477.32852 Case1_F032_NS 7
INLINE-  2147483647 2147483647    514384.93750   6249177.50000      9718.51944 Case1_F032_NS 7
INLINE-  2147483647 2147483647    514251.03125   6249075.00000      9971.85002 Case1_F032_NS 7
INLINE-  2147483647 2147483647    514093.09375   6248954.00000     10165.22053 Case1_F032_NS 7
INLINE-  2147483647 2147483647    514601.50000   6249264.50000      8885.83808 Case1_F032_NS 8
INLINE-  2147483647 2147483647    514584.93750   6249252.00000      9056.30815 Case1_F032_NS 8
INLINE-  2147483647 2147483647    514536.78125   6249215.00000      9387.38889 Case1_F032_NS 8
INLINE-  2147483647 2147483647    514456.06250   6249153.00000      9658.43924 Case1_F032_NS 8
INLINE-  2147483647 2147483647    514344.09375   6249067.50000      9905.63016 Case1_F032_NS 8
INLINE-  2147483647 2147483647    514149.53125   6248918.50000     10151.11991 Case1_F032_NS 8
INLINE-  2147483647 2147483647    514661.62500   6249232.00000      8886.37812 Case1_F032_NS 9
INLINE-  2147483647 2147483647    514637.40625   6249213.00000      9071.67830 Case1_F032_NS 9
INLINE-  2147483647 2147483647    514584.78125   6249173.00000      9399.57837 Case1_F032_NS 9
INLINE-  2147483647 2147483647    514483.43750   6249095.50000      9710.89930 Case1_F032_NS 9
INLINE-  2147483647 2147483647    514353.09375   6248995.50000      9973.03948 Case1_F032_NS 9
INLINE-  2147483647 2147483647    514189.50000   6248870.50000     10147.02029 Case1_F032_NS 9
INLINE-  2147483647 2147483647    514660.71875   6249199.50000      8992.95842 Case1_F032_NS 10
INLINE-  2147483647 2147483647    514615.06250   6249164.50000      9355.15836 Case1_F032_NS 10
INLINE-  2147483647 2147483647    514513.40625   6249087.00000      9694.24986 Case1_F032_NS 10
INLINE-  2147483647 2147483647    514377.21875   6248982.50000      9972.59026 Case1_F032_NS 10
INLINE-  2147483647 2147483647    514203.40625   6248849.50000     10147.61990 Case1_F032_NS 10
INLINE-  2147483647 2147483647    514703.65625   6249185.00000      8887.97774 Case1_F032_NS 11
INLINE-  2147483647 2147483647    514633.59375   6249131.50000      9344.48842 Case1_F032_NS 11
INLINE-  2147483647 2147483647    514528.46875   6249051.00000      9725.90910 Case1_F032_NS 11
INLINE-  2147483647 2147483647    514429.50000   6248975.50000      9943.84020 Case1_F032_NS 11
INLINE-  2147483647 2147483647    514225.59375   6248819.50000     10151.11991 Case1_F032_NS 11
INLINE-  2147483647 2147483647    514741.65625   6249135.50000      8887.97774 Case1_F032_NS 12
INLINE-  2147483647 2147483647    514670.96875   6249081.50000      9382.11837 Case1_F032_NS 12
INLINE-  2147483647 2147483647    514577.93750   6249010.50000      9735.05951 Case1_F032_NS 12
INLINE-  2147483647 2147483647    514461.50000   6248921.00000     10025.81986 Case1_F032_NS 12
INLINE-  2147483647 2147483647    514745.65625   6249060.00000      9008.36763 Case1_F032_NS 13
INLINE-  2147483647 2147483647    514697.90625   6249023.50000      9389.61839 Case1_F032_NS 13
INLINE-  2147483647 2147483647    514615.93750   6248960.50000      9735.05951 Case1_F032_NS 13
INLINE-  2147483647 2147483647    514499.46875   6248871.50000     10025.81986 Case1_F032_NS 13
INLINE-  2147483647 2147483647    514763.78125   6248995.00000      9062.09820 Case1_F032_NS 14
INLINE-  2147483647 2147483647    514720.50000   6248962.00000      9408.01882 Case1_F032_NS 14
INLINE-  2147483647 2147483647    514653.90625   6248911.00000      9735.05951 Case1_F032_NS 14
INLINE-  2147483647 2147483647    514511.65625   6248802.00000     10039.11969 Case1_F032_NS 14
