INLINE-  2147483647 2147483647    516113.43750   6247148.00000      8692.15703 Case1_F124_NS 1
INLINE-  2147483647 2147483647    516107.87500   6247144.00000      8744.97745 Case1_F124_NS 1
INLINE-  2147483647 2147483647    516057.15625   6247105.00000      9238.89836 Case1_F124_NS 1
INLINE-  2147483647 2147483647    516147.15625   6247095.50000      8651.36691 Case1_F124_NS 2
INLINE-  2147483647 2147483647    516140.90625   6247090.50000      8729.46765 Case1_F124_NS 2
INLINE-  2147483647 2147483647    516036.06250   6247010.50000      9451.23863 Case1_F124_NS 2
INLINE-  2147483647 2147483647    516170.21875   6247065.50000      8639.30732 Case1_F124_NS 3
INLINE-  2147483647 2147483647    516161.78125   6247059.50000      8702.65705 Case1_F124_NS 3
INLINE-  2147483647 2147483647    516133.00000   6247037.00000      8911.19751 Case1_F124_NS 3
INLINE-  2147483647 2147483647    516059.15625   6246980.50000      9385.77854 Case1_F124_NS 3
INLINE-  2147483647 2147483647    516185.43750   6247046.00000      8622.17740 Case1_F124_NS 4
INLINE-  2147483647 2147483647    516178.96875   6247041.00000      8678.06716 Case1_F124_NS 4
INLINE-  2147483647 2147483647    516143.71875   6247014.00000      8923.80789 Case1_F124_NS 4
INLINE-  2147483647 2147483647    516081.87500   6246966.50000      9305.81842 Case1_F124_NS 4
INLINE-  2147483647 2147483647    516202.40625   6247027.50000      8593.12754 Case1_F124_NS 5
INLINE-  2147483647 2147483647    516193.96875   6247021.00000      8675.77712 Case1_F124_NS 5
INLINE-  2147483647 2147483647    516139.37500   6246979.00000      9061.37847 Case1_F124_NS 5
INLINE-  2147483647 2147483647    516081.09375   6246934.50000      9445.26889 Case1_F124_NS 5
INLINE-  2147483647 2147483647    516219.53125   6246993.50000      8564.92729 Case1_F124_NS 6
INLINE-  2147483647 2147483647    516217.75000   6246992.00000      8648.58761 Case1_F124_NS 6
INLINE-  2147483647 2147483647    516203.34375   6246981.00000      8780.21776 Case1_F124_NS 6
INLINE-  2147483647 2147483647    516184.87500   6246967.00000      8910.17798 Case1_F124_NS 6
INLINE-  2147483647 2147483647    516136.84375   6246930.00000      9258.23824 Case1_F124_NS 6
INLINE-  2147483647 2147483647    516087.81250   6246892.50000      9605.78874 Case1_F124_NS 6
INLINE-  2147483647 2147483647    516244.31250   6246965.00000      8523.66744 Case1_F124_NS 7
INLINE-  2147483647 2147483647    516240.53125   6246962.00000      8608.23694 Case1_F124_NS 7
INLINE-  2147483647 2147483647    516200.81250   6246932.00000      8940.44757 Case1_F124_NS 7
INLINE-  2147483647 2147483647    516155.75000   6246897.50000      9270.14842 Case1_F124_NS 7
INLINE-  2147483647 2147483647    516128.25000   6246876.00000      9498.39888 Case1_F124_NS 7
INLINE-  2147483647 2147483647    516074.84375   6246835.50000      9758.50975 Case1_F124_NS 7
INLINE-  2147483647 2147483647    516266.93750   6246951.00000      8502.50724 Case1_F124_NS 8
INLINE-  2147483647 2147483647    516251.93750   6246939.50000      8641.07685 Case1_F124_NS 8
INLINE-  2147483647 2147483647    516218.18750   6246913.50000      8905.22777 Case1_F124_NS 8
INLINE-  2147483647 2147483647    516172.53125   6246878.50000      9239.94817 Case1_F124_NS 8
INLINE-  2147483647 2147483647    516128.25000   6246845.00000      9540.25931 Case1_F124_NS 8
INLINE-  2147483647 2147483647    516091.12500   6246816.50000      9745.46969 Case1_F124_NS 8
INLINE-  2147483647 2147483647    516045.56250   6246781.50000      9973.01995 Case1_F124_NS 8
INLINE-  2147483647 2147483647    516284.31250   6246932.50000      8525.64693 Case1_F124_NS 9
INLINE-  2147483647 2147483647    516270.81250   6246922.50000      8643.99776 Case1_F124_NS 9
INLINE-  2147483647 2147483647    516228.12500   6246889.50000      8968.94763 Case1_F124_NS 9
INLINE-  2147483647 2147483647    516182.25000   6246854.50000      9292.27835 Case1_F124_NS 9
INLINE-  2147483647 2147483647    516130.84375   6246815.50000      9600.26920 Case1_F124_NS 9
INLINE-  2147483647 2147483647    516064.43750   6246764.50000      9957.77968 Case1_F124_NS 9
INLINE-  2147483647 2147483647    515962.68750   6246686.50000     10493.82079 Case1_F124_NS 9
INLINE-  2147483647 2147483647    516307.59375   6246903.50000      8572.38726 Case1_F124_NS 10
INLINE-  2147483647 2147483647    516296.18750   6246894.50000      8669.33765 Case1_F124_NS 10
INLINE-  2147483647 2147483647    516243.37500   6246854.00000      9055.97807 Case1_F124_NS 10
INLINE-  2147483647 2147483647    516200.78125   6246821.50000      9344.04896 Case1_F124_NS 10
INLINE-  2147483647 2147483647    516155.03125   6246786.50000      9624.95968 Case1_F124_NS 10
INLINE-  2147483647 2147483647    516082.93750   6246731.50000      9951.55018 Case1_F124_NS 10
INLINE-  2147483647 2147483647    515993.31250   6246663.00000     10483.22116 Case1_F124_NS 10
INLINE-  2147483647 2147483647    516332.75000   6246875.50000      8611.05726 Case1_F124_NS 11
INLINE-  2147483647 2147483647    516326.21875   6246870.50000      8676.93728 Case1_F124_NS 11
INLINE-  2147483647 2147483647    516277.65625   6246833.00000      9046.71829 Case1_F124_NS 11
INLINE-  2147483647 2147483647    516232.68750   6246799.00000      9324.05869 Case1_F124_NS 11
INLINE-  2147483647 2147483647    516183.56250   6246761.00000      9580.13928 Case1_F124_NS 11
INLINE-  2147483647 2147483647    516114.87500   6246708.50000      9900.67996 Case1_F124_NS 11
INLINE-  2147483647 2147483647    515990.59375   6246613.50000     10643.92168 Case1_F124_NS 11
INLINE-  2147483647 2147483647    516345.56250   6246853.50000      8622.58756 Case1_F124_NS 12
INLINE-  2147483647 2147483647    516337.34375   6246847.50000      8681.61697 Case1_F124_NS 12
INLINE-  2147483647 2147483647    516291.87500   6246812.50000      9050.42826 Case1_F124_NS 12
INLINE-  2147483647 2147483647    516252.84375   6246782.50000      9304.39849 Case1_F124_NS 12
INLINE-  2147483647 2147483647    516191.40625   6246735.50000      9625.50949 Case1_F124_NS 12
INLINE-  2147483647 2147483647    516099.00000   6246665.00000     10052.72030 Case1_F124_NS 12
INLINE-  2147483647 2147483647    516006.37500   6246594.00000     10624.72144 Case1_F124_NS 12
INLINE-  2147483647 2147483647    516368.31250   6246839.50000      8631.85711 Case1_F124_NS 13
INLINE-  2147483647 2147483647    516348.84375   6246824.50000      8784.39745 Case1_F124_NS 13
INLINE-  2147483647 2147483647    516319.96875   6246802.50000      8988.61759 Case1_F124_NS 13
INLINE-  2147483647 2147483647    516286.31250   6246777.00000      9190.09846 Case1_F124_NS 13
INLINE-  2147483647 2147483647    516199.84375   6246710.50000      9653.69899 Case1_F124_NS 13
INLINE-  2147483647 2147483647    516134.53125   6246660.50000      9956.97011 Case1_F124_NS 13
INLINE-  2147483647 2147483647    516080.53125   6246619.50000     10240.22068 Case1_F124_NS 13
INLINE-  2147483647 2147483647    516020.28125   6246573.50000     10566.12074 Case1_F124_NS 13
INLINE-  2147483647 2147483647    516387.40625   6246807.00000      8671.96754 Case1_F124_NS 14
INLINE-  2147483647 2147483647    516380.96875   6246802.00000      8751.95793 Case1_F124_NS 14
INLINE-  2147483647 2147483647    516347.21875   6246776.50000      9016.58835 Case1_F124_NS 14
INLINE-  2147483647 2147483647    516277.62500   6246723.00000      9392.72875 Case1_F124_NS 14
INLINE-  2147483647 2147483647    516215.18750   6246675.00000      9713.21962 Case1_F124_NS 14
INLINE-  2147483647 2147483647    516131.00000   6246611.00000     10130.32007 Case1_F124_NS 14
INLINE-  2147483647 2147483647    516034.12500   6246536.50000     10644.62090 Case1_F124_NS 14
INLINE-  2147483647 2147483647    516398.59375   6246768.50000      8680.72732 Case1_F124_NS 15
INLINE-  2147483647 2147483647    516393.62500   6246764.50000      8737.51748 Case1_F124_NS 15
INLINE-  2147483647 2147483647    516361.65625   6246740.00000      8978.87831 Case1_F124_NS 15
INLINE-  2147483647 2147483647    516342.90625   6246726.00000      9095.88831 Case1_F124_NS 15
INLINE-  2147483647 2147483647    516294.65625   6246689.00000      9440.69857 Case1_F124_NS 15
INLINE-  2147483647 2147483647    516238.78125   6246646.00000      9740.15913 Case1_F124_NS 15
INLINE-  2147483647 2147483647    516194.90625   6246612.50000      9955.27968 Case1_F124_NS 15
INLINE-  2147483647 2147483647    516137.53125   6246568.50000     10247.82030 Case1_F124_NS 15
INLINE-  2147483647 2147483647    516060.18750   6246509.50000     10690.52138 Case1_F124_NS 15
INLINE-  2147483647 2147483647    516403.84375   6246741.00000      8666.28686 Case1_F124_NS 16
INLINE-  2147483647 2147483647    516392.62500   6246732.50000      8771.73727 Case1_F124_NS 16
INLINE-  2147483647 2147483647    516364.53125   6246711.00000      9004.70844 Case1_F124_NS 16
INLINE-  2147483647 2147483647    516309.65625   6246669.00000      9386.22873 Case1_F124_NS 16
INLINE-  2147483647 2147483647    516277.78125   6246644.50000      9576.05919 Case1_F124_NS 16
INLINE-  2147483647 2147483647    516213.75000   6246595.50000      9937.97984 Case1_F124_NS 16
INLINE-  2147483647 2147483647    516166.59375   6246559.50000     10166.42072 Case1_F124_NS 16
INLINE-  2147483647 2147483647    516129.28125   6246531.00000     10398.62041 Case1_F124_NS 16
INLINE-  2147483647 2147483647    516099.50000   6246508.00000     10590.52118 Case1_F124_NS 16
INLINE-  2147483647 2147483647    516410.46875   6246699.00000      8673.05739 Case1_F124_NS 17
INLINE-  2147483647 2147483647    516396.75000   6246688.50000      8778.73728 Case1_F124_NS 17
INLINE-  2147483647 2147483647    516382.65625   6246677.50000      8915.88795 Case1_F124_NS 17
INLINE-  2147483647 2147483647    516338.09375   6246643.50000      9233.71866 Case1_F124_NS 17
INLINE-  2147483647 2147483647    516301.46875   6246615.50000      9511.58934 Case1_F124_NS 17
INLINE-  2147483647 2147483647    516270.59375   6246591.50000      9707.14930 Case1_F124_NS 17
INLINE-  2147483647 2147483647    516216.28125   6246550.00000     10011.11963 Case1_F124_NS 17
INLINE-  2147483647 2147483647    516176.59375   6246520.00000     10240.12009 Case1_F124_NS 17
INLINE-  2147483647 2147483647    516137.56250   6246490.00000     10497.22119 Case1_F124_NS 17
INLINE-  2147483647 2147483647    516418.84375   6246658.00000      8672.72731 Case1_F124_NS 18
INLINE-  2147483647 2147483647    516379.25000   6246627.50000      8983.38808 Case1_F124_NS 18
INLINE-  2147483647 2147483647    516322.65625   6246584.50000      9433.83918 Case1_F124_NS 18
INLINE-  2147483647 2147483647    516274.90625   6246548.00000      9753.74998 Case1_F124_NS 18
INLINE-  2147483647 2147483647    516220.62500   6246506.50000     10151.11991 Case1_F124_NS 18
INLINE-  2147483647 2147483647    516167.50000   6246465.50000     10549.12071 Case1_F124_NS 18
INLINE-  2147483647 2147483647    516338.68750   6246518.00000      9629.89914 Case1_F124_NS 19
INLINE-  2147483647 2147483647    516313.50000   6246498.50000      9835.14955 Case1_F124_NS 19
INLINE-  2147483647 2147483647    516271.18750   6246466.50000     10136.32008 Case1_F124_NS 19
