INLINE-  2147483647 2147483647    516933.43800   6250512.50000      9688.11938 Case1_F042_EW 1
INLINE-  2147483647 2147483647    516982.03100   6250449.00000      9963.78993 Case1_F042_EW 1
INLINE-  2147483647 2147483647    517081.53100   6250319.00000     10387.32077 Case1_F042_EW 1
INLINE-  2147483647 2147483647    516893.71900   6250482.00000      9688.11938 Case1_F042_EW 2
INLINE-  2147483647 2147483647    516942.31200   6250418.50000      9950.34990 Case1_F042_EW 2
INLINE-  2147483647 2147483647    517041.81200   6250288.50000     10387.32077 Case1_F042_EW 2
INLINE-  2147483647 2147483647    516854.06200   6250451.50000      9691.02938 Case1_F042_EW 3
INLINE-  2147483647 2147483647    516922.28100   6250362.50000     10035.22007 Case1_F042_EW 3
INLINE-  2147483647 2147483647    517000.62500   6250260.00000     10366.02073 Case1_F042_EW 3
INLINE-  2147483647 2147483647    516814.31200   6250421.00000      9688.11938 Case1_F042_EW 4
INLINE-  2147483647 2147483647    516862.90600   6250357.50000      9944.87989 Case1_F042_EW 4
INLINE-  2147483647 2147483647    516957.81200   6250233.50000     10340.62068 Case1_F042_EW 4
INLINE-  2147483647 2147483647    516773.78100   6250392.00000      9664.74933 Case1_F042_EW 5
INLINE-  2147483647 2147483647    516832.28100   6250315.50000      9996.40999 Case1_F042_EW 5
INLINE-  2147483647 2147483647    516910.65600   6250213.00000     10298.62060 Case1_F042_EW 5
INLINE-  2147483647 2147483647    516734.78100   6250340.00000      9724.63845 Case1_F042_EW 6
INLINE-  2147483647 2147483647    516805.50000   6250247.50000     10036.62007 Case1_F042_EW 6
INLINE-  2147483647 2147483647    516852.59400   6250186.00000     10260.82052 Case1_F042_EW 6
