INLINE-  2147483647 2147483647    515949.06250   6246471.50000      9847.13981 Case1_F128_EW 1
INLINE-  2147483647 2147483647    515972.59375   6246441.00000     10125.52025 Case1_F128_EW 1
INLINE-  2147483647 2147483647    516017.40625   6246382.00000     10394.42118 Case1_F128_EW 1
INLINE-  2147483647 2147483647    515983.43750   6246509.00000      9690.08969 Case1_F128_EW 2
INLINE-  2147483647 2147483647    516008.50000   6246476.00000     10060.61973 Case1_F128_EW 2
INLINE-  2147483647 2147483647    516057.12500   6246412.50000     10394.42118 Case1_F128_EW 2
INLINE-  2147483647 2147483647    515998.09375   6246572.00000      9516.64892 Case1_F128_EW 3
INLINE-  2147483647 2147483647    516028.46875   6246532.50000      9873.96018 Case1_F128_EW 3
INLINE-  2147483647 2147483647    516096.81250   6246443.00000     10394.42118 Case1_F128_EW 3
INLINE-  2147483647 2147483647    516027.21875   6246637.00000      9076.11776 Case1_F128_EW 4
INLINE-  2147483647 2147483647    516050.00000   6246607.00000      9552.71930 Case1_F128_EW 4
INLINE-  2147483647 2147483647    516067.46875   6246584.00000      9731.66985 Case1_F128_EW 4
INLINE-  2147483647 2147483647    516102.40625   6246538.50000     10046.02009 Case1_F128_EW 4
INLINE-  2147483647 2147483647    516146.46875   6246481.00000     10394.42118 Case1_F128_EW 4
INLINE-  2147483647 2147483647    516074.56250   6246678.00000      8767.79781 Case1_F128_EW 5
INLINE-  2147483647 2147483647    516074.56250   6246678.00000      8884.97773 Case1_F128_EW 5
INLINE-  2147483647 2147483647    516080.65625   6246670.00000      9105.24868 Case1_F128_EW 5
INLINE-  2147483647 2147483647    516102.65625   6246641.00000      9542.92924 Case1_F128_EW 5
INLINE-  2147483647 2147483647    516136.84375   6246596.50000      9974.97991 Case1_F128_EW 5
INLINE-  2147483647 2147483647    516189.25000   6246528.00000     10394.52079 Case1_F128_EW 5
INLINE-  2147483647 2147483647    516108.18750   6246716.00000      8687.58769 Case1_F128_EW 6
INLINE-  2147483647 2147483647    516115.03125   6246707.00000      8893.40744 Case1_F128_EW 6
INLINE-  2147483647 2147483647    516123.37500   6246696.50000      9217.95887 Case1_F128_EW 6
INLINE-  2147483647 2147483647    516147.68750   6246664.50000      9693.60923 Case1_F128_EW 6
INLINE-  2147483647 2147483647    516175.03125   6246629.00000     10040.81989 Case1_F128_EW 6
INLINE-  2147483647 2147483647    516222.12500   6246567.00000     10394.72098 Case1_F128_EW 6
INLINE-  2147483647 2147483647    516153.28125   6246760.00000      8650.95773 Case1_F128_EW 7
INLINE-  2147483647 2147483647    516162.28125   6246748.00000      8862.04800 Case1_F128_EW 7
INLINE-  2147483647 2147483647    516172.93750   6246734.00000      9217.95887 Case1_F128_EW 7
INLINE-  2147483647 2147483647    516197.21875   6246702.50000      9693.60923 Case1_F128_EW 7
INLINE-  2147483647 2147483647    516224.56250   6246666.50000     10040.81989 Case1_F128_EW 7
INLINE-  2147483647 2147483647    516271.65625   6246605.00000     10394.72098 Case1_F128_EW 7
INLINE-  2147483647 2147483647    516215.87500   6246801.50000      8610.84730 Case1_F128_EW 8
INLINE-  2147483647 2147483647    516220.43750   6246795.50000      8719.88756 Case1_F128_EW 8
INLINE-  2147483647 2147483647    516228.78125   6246785.00000      8967.56774 Case1_F128_EW 8
INLINE-  2147483647 2147483647    516256.87500   6246748.00000      9459.27868 Case1_F128_EW 8
INLINE-  2147483647 2147483647    516297.15625   6246695.50000      9944.97985 Case1_F128_EW 8
INLINE-  2147483647 2147483647    516357.15625   6246617.00000     10416.62044 Case1_F128_EW 8
INLINE-  2147483647 2147483647    516286.87500   6246853.00000      8599.77697 Case1_F128_EW 9
INLINE-  2147483647 2147483647    516291.53125   6246847.00000      8689.53691 Case1_F128_EW 9
INLINE-  2147483647 2147483647    516301.40625   6246834.00000      8940.27765 Case1_F128_EW 9
INLINE-  2147483647 2147483647    516334.84375   6246790.50000      9405.84889 Case1_F128_EW 9
INLINE-  2147483647 2147483647    516384.18750   6246726.00000      9913.01006 Case1_F128_EW 9
INLINE-  2147483647 2147483647    516451.81250   6246637.50000     10443.72108 Case1_F128_EW 9
INLINE-  2147483647 2147483647    516360.93750   6246900.00000      8575.47711 Case1_F128_EW 10
INLINE-  2147483647 2147483647    516363.21875   6246897.00000      8641.88740 Case1_F128_EW 10
INLINE-  2147483647 2147483647    516374.59375   6246882.00000      8920.54811 Case1_F128_EW 10
INLINE-  2147483647 2147483647    516407.25000   6246839.50000      9428.28839 Case1_F128_EW 10
INLINE-  2147483647 2147483647    516458.15625   6246773.00000      9926.17024 Case1_F128_EW 10
INLINE-  2147483647 2147483647    516526.50000   6246683.50000     10480.32077 Case1_F128_EW 10
INLINE-  2147483647 2147483647    516429.65625   6246954.00000      8539.07665 Case1_F128_EW 11
INLINE-  2147483647 2147483647    516435.71875   6246946.50000      8653.12766 Case1_F128_EW 11
INLINE-  2147483647 2147483647    516442.56250   6246937.50000      8799.57717 Case1_F128_EW 11
INLINE-  2147483647 2147483647    516461.56250   6246912.50000      9214.47839 Case1_F128_EW 11
INLINE-  2147483647 2147483647    516495.71875   6246868.00000      9643.81909 Case1_F128_EW 11
INLINE-  2147483647 2147483647    516538.28125   6246812.50000     10015.81984 Case1_F128_EW 11
INLINE-  2147483647 2147483647    516592.96875   6246741.00000     10441.52088 Case1_F128_EW 11
INLINE-  2147483647 2147483647    516499.15625   6247007.50000      8509.11663 Case1_F128_EW 12
INLINE-  2147483647 2147483647    516512.06250   6246990.50000      8799.57717 Case1_F128_EW 12
INLINE-  2147483647 2147483647    516531.03125   6246965.50000      9214.47839 Case1_F128_EW 12
INLINE-  2147483647 2147483647    516578.12500   6246904.00000      9626.07882 Case1_F128_EW 12
INLINE-  2147483647 2147483647    516622.93750   6246845.50000     10010.42041 Case1_F128_EW 12
INLINE-  2147483647 2147483647    516704.21875   6246739.50000     10498.82080 Case1_F128_EW 12
