INLINE-  2147483647 2147483647    516512.90600   6248492.50000      9222.08844 Case1_F078_NS 1
INLINE-  2147483647 2147483647    516552.53100   6248523.00000      9724.08945 Case1_F078_NS 1
INLINE-  2147483647 2147483647    516599.03100   6248558.50000     10114.12023 Case1_F078_NS 1
INLINE-  2147483647 2147483647    516652.50000   6248599.50000     10410.22082 Case1_F078_NS 1
INLINE-  2147483647 2147483647    516471.62500   6248555.50000      9253.89851 Case1_F078_NS 2
INLINE-  2147483647 2147483647    516480.68800   6248562.50000      9608.64922 Case1_F078_NS 2
INLINE-  2147483647 2147483647    516498.46900   6248576.00000      9904.60981 Case1_F078_NS 2
INLINE-  2147483647 2147483647    516527.75000   6248598.50000     10200.52040 Case1_F078_NS 2
INLINE-  2147483647 2147483647    516575.12500   6248634.50000     10481.42096 Case1_F078_NS 2
INLINE-  2147483647 2147483647    516434.59400   6248621.50000      9284.17857 Case1_F078_NS 3
INLINE-  2147483647 2147483647    516426.03100   6248615.00000      9628.84926 Case1_F078_NS 3
INLINE-  2147483647 2147483647    516434.53100   6248621.50000      9883.37877 Case1_F078_NS 3
INLINE-  2147483647 2147483647    516469.46900   6248648.00000     10263.02053 Case1_F078_NS 3
INLINE-  2147483647 2147483647    516523.03100   6248689.00000     10558.72112 Case1_F078_NS 3
INLINE-  2147483647 2147483647    516392.46900   6248668.00000      9293.48859 Case1_F078_NS 4
INLINE-  2147483647 2147483647    516386.87500   6248663.50000      9586.44917 Case1_F078_NS 4
INLINE-  2147483647 2147483647    516399.84400   6248673.50000      9837.90968 Case1_F078_NS 4
INLINE-  2147483647 2147483647    516427.31200   6248694.50000     10272.12054 Case1_F078_NS 4
INLINE-  2147483647 2147483647    516485.21900   6248739.00000     10558.72112 Case1_F078_NS 4
