INLINE-  2147483647 2147483647    514774.56200   6248704.50000      8987.28797 Case1_F053_NS 1
INLINE-  2147483647 2147483647    514668.65600   6248623.50000      9464.77893 Case1_F053_NS 1
INLINE-  2147483647 2147483647    514568.03100   6248546.50000      9795.26959 Case1_F053_NS 1
INLINE-  2147483647 2147483647    514447.28100   6248454.00000     10126.02025 Case1_F053_NS 1
INLINE-  2147483647 2147483647    514748.25000   6248763.00000      8860.05672 Case1_F053_NS 2
INLINE-  2147483647 2147483647    514630.68800   6248673.00000      9464.77893 Case1_F053_NS 2
INLINE-  2147483647 2147483647    514530.06200   6248596.00000      9795.26959 Case1_F053_NS 2
INLINE-  2147483647 2147483647    514420.40600   6248512.00000     10133.22027 Case1_F053_NS 2
INLINE-  2147483647 2147483647    514714.71900   6248816.00000      8870.74774 Case1_F053_NS 3
INLINE-  2147483647 2147483647    514628.28100   6248750.00000      9305.81861 Case1_F053_NS 3
INLINE-  2147483647 2147483647    514522.59400   6248669.00000      9722.80945 Case1_F053_NS 3
INLINE-  2147483647 2147483647    514400.21900   6248575.50000     10121.02024 Case1_F053_NS 3
INLINE-  2147483647 2147483647    514680.37500   6248868.50000      8899.78780 Case1_F053_NS 4
INLINE-  2147483647 2147483647    514554.84400   6248772.50000      9464.77893 Case1_F053_NS 4
INLINE-  2147483647 2147483647    514441.46900   6248685.50000      9914.85983 Case1_F053_NS 4
INLINE-  2147483647 2147483647    514376.78100   6248636.00000     10117.42023 Case1_F053_NS 4
INLINE-  2147483647 2147483647    514646.12500   6248921.00000      8884.45777 Case1_F053_NS 5
INLINE-  2147483647 2147483647    514549.37500   6248847.00000      9322.49864 Case1_F053_NS 5
INLINE-  2147483647 2147483647    514447.81200   6248769.00000      9756.24951 Case1_F053_NS 5
INLINE-  2147483647 2147483647    514332.46900   6248681.00000     10175.02035 Case1_F053_NS 5
INLINE-  2147483647 2147483647    514604.31200   6248967.50000      8899.78780 Case1_F053_NS 6
INLINE-  2147483647 2147483647    514478.78100   6248871.50000      9464.77893 Case1_F053_NS 6
INLINE-  2147483647 2147483647    514389.37500   6248803.00000      9839.69968 Case1_F053_NS 6
INLINE-  2147483647 2147483647    514281.28100   6248720.50000     10241.92048 Case1_F053_NS 6
INLINE-  2147483647 2147483647    514494.65600   6248978.00000      9249.54850 Case1_F053_NS 7
INLINE-  2147483647 2147483647    514422.71900   6248923.00000      9511.72802 Case1_F053_NS 7
INLINE-  2147483647 2147483647    514328.75000   6248851.00000      9894.38979 Case1_F053_NS 7
INLINE-  2147483647 2147483647    514225.37500   6248772.00000     10266.92053 Case1_F053_NS 7
INLINE-  2147483647 2147483647    514282.15600   6248925.50000      9811.52962 Case1_F053_NS 8
INLINE-  2147483647 2147483647    514244.25000   6248896.50000      9942.74989 Case1_F053_NS 8
INLINE-  2147483647 2147483647    514160.65600   6248832.50000     10278.72056 Case1_F053_NS 8
