INLINE-  2147483647 2147483647    514487.37500   6249004.00000      9135.56827 Case1_F033_NS 1
INLINE-  2147483647 2147483647    514518.62500   6249028.00000      9331.09866 Case1_F033_NS 1
INLINE-  2147483647 2147483647    514469.28100   6249037.50000      9169.46834 Case1_F033_NS 2
INLINE-  2147483647 2147483647    514490.53100   6249053.50000      9387.62878 Case1_F033_NS 2
INLINE-  2147483647 2147483647    514442.25000   6249048.00000      9160.89732 Case1_F033_NS 3
INLINE-  2147483647 2147483647    514460.40600   6249062.00000      9319.12864 Case1_F033_NS 3
INLINE-  2147483647 2147483647    514489.25000   6249084.00000      9512.26902 Case1_F033_NS 3
INLINE-  2147483647 2147483647    514396.15600   6249091.50000      9197.40839 Case1_F033_NS 4
INLINE-  2147483647 2147483647    514424.93800   6249113.50000      9401.93880 Case1_F033_NS 4
INLINE-  2147483647 2147483647    514457.46900   6249138.50000      9642.10928 Case1_F033_NS 4
INLINE-  2147483647 2147483647    514348.37500   6249133.50000      9199.53840 Case1_F033_NS 5
INLINE-  2147483647 2147483647    514378.84400   6249157.00000      9420.86884 Case1_F033_NS 5
INLINE-  2147483647 2147483647    514410.09400   6249181.00000      9645.80929 Case1_F033_NS 5
INLINE-  2147483647 2147483647    514292.96900   6249170.00000      9187.61838 Case1_F033_NS 6
INLINE-  2147483647 2147483647    514331.06200   6249199.00000      9437.55788 Case1_F033_NS 6
INLINE-  2147483647 2147483647    514366.18800   6249226.00000      9633.36927 Case1_F033_NS 6
INLINE-  2147483647 2147483647    514241.12500   6249209.00000      9238.85848 Case1_F033_NS 7
INLINE-  2147483647 2147483647    514273.62500   6249234.00000      9413.89883 Case1_F033_NS 7
INLINE-  2147483647 2147483647    514325.31200   6249273.50000      9622.20924 Case1_F033_NS 7
INLINE-  2147483647 2147483647    514183.28100   6249243.50000      9271.52854 Case1_F033_NS 8
INLINE-  2147483647 2147483647    514216.68800   6249269.00000      9410.48782 Case1_F033_NS 8
INLINE-  2147483647 2147483647    514294.59400   6249328.50000      9633.71927 Case1_F033_NS 8
INLINE-  2147483647 2147483647    514141.50000   6249290.00000      9276.39855 Case1_F033_NS 9
INLINE-  2147483647 2147483647    514192.81200   6249329.50000      9458.27892 Case1_F033_NS 9
INLINE-  2147483647 2147483647    514244.12500   6249368.50000      9623.41925 Case1_F033_NS 9
INLINE-  2147483647 2147483647    514127.34400   6249326.50000      9236.09847 Case1_F033_NS 10
INLINE-  2147483647 2147483647    514170.31200   6249359.50000      9455.95891 Case1_F033_NS 10
INLINE-  2147483647 2147483647    514222.62500   6249399.50000      9599.41920 Case1_F033_NS 10
