INLINE-  2147483647 2147483647    514865.25000   6249718.00000      9123.26025 Case1_F027_NS 1
INLINE-  2147483647 2147483647    514886.28100   6249734.00000      9523.37705 Case1_F027_NS 1
INLINE-  2147483647 2147483647    514915.21900   6249756.50000      9984.31197 Case1_F027_NS 1
INLINE-  2147483647 2147483647    514896.34400   6249694.50000      9127.27825 Case1_F027_NS 2
INLINE-  2147483647 2147483647    514910.56200   6249705.50000      9487.21297 Case1_F027_NS 2
INLINE-  2147483647 2147483647    514935.12500   6249724.50000      9857.24971 Case1_F027_NS 2
INLINE-  2147483647 2147483647    514981.56200   6249634.00000      9174.46435 Case1_F027_NS 3
INLINE-  2147483647 2147483647    514994.78100   6249644.00000      9376.50275 Case1_F027_NS 3
INLINE-  2147483647 2147483647    515014.15600   6249659.00000      9627.15825 Case1_F027_NS 3
INLINE-  2147483647 2147483647    515069.43800   6249591.00000      9205.83041 Case1_F027_NS 4
INLINE-  2147483647 2147483647    515091.18800   6249607.50000      9428.39786 Case1_F027_NS 4
INLINE-  2147483647 2147483647    515099.81200   6249551.50000      9205.83041 Case1_F027_NS 5
INLINE-  2147483647 2147483647    515140.37500   6249582.50000      9308.00362 Case1_F027_NS 5
