INLINE-  2147483647 2147483647    516821.34400   6248665.50000      9348.59870 Case1_F075_NS 1
INLINE-  2147483647 2147483647    516838.78100   6248679.00000     10167.92034 Case1_F075_NS 1
INLINE-  2147483647 2147483647    516879.93800   6248710.50000     10824.42165 Case1_F075_NS 1
INLINE-  2147483647 2147483647    516802.12500   6248729.50000      9409.25882 Case1_F075_NS 2
INLINE-  2147483647 2147483647    516835.81200   6248755.50000     10134.62027 Case1_F075_NS 2
INLINE-  2147483647 2147483647    516886.75000   6248794.50000     10856.02171 Case1_F075_NS 2
INLINE-  2147483647 2147483647    516783.65600   6248794.00000      9455.63891 Case1_F075_NS 3
INLINE-  2147483647 2147483647    516813.71900   6248817.00000      9947.37989 Case1_F075_NS 3
INLINE-  2147483647 2147483647    516888.62500   6248874.50000     10876.02175 Case1_F075_NS 3
INLINE-  2147483647 2147483647    516763.59400   6248857.50000      9444.93889 Case1_F075_NS 4
INLINE-  2147483647 2147483647    516798.96900   6248884.50000     10151.82030 Case1_F075_NS 4
INLINE-  2147483647 2147483647    516861.43800   6248932.50000     10851.52170 Case1_F075_NS 4
INLINE-  2147483647 2147483647    516737.93800   6248916.50000      9433.15887 Case1_F075_NS 5
INLINE-  2147483647 2147483647    516752.31200   6248927.50000      9954.19991 Case1_F075_NS 5
INLINE-  2147483647 2147483647    516829.34400   6248986.50000     10813.92163 Case1_F075_NS 5
INLINE-  2147483647 2147483647    516715.00000   6248977.50000      9458.15892 Case1_F075_NS 6
INLINE-  2147483647 2147483647    516724.68800   6248985.00000     10083.42017 Case1_F075_NS 6
INLINE-  2147483647 2147483647    516766.56200   6249017.00000     10804.42161 Case1_F075_NS 6
INLINE-  2147483647 2147483647    516692.21900   6249007.50000      9483.69897 Case1_F075_NS 7
INLINE-  2147483647 2147483647    516699.50000   6249013.00000     10103.92021 Case1_F075_NS 7
INLINE-  2147483647 2147483647    516725.75000   6249033.00000     10722.12144 Case1_F075_NS 7
INLINE-  2147483647 2147483647    516670.93800   6249070.00000      9467.36893 Case1_F075_NS 8
INLINE-  2147483647 2147483647    516667.68800   6249067.50000     10166.71933 Case1_F075_NS 8
INLINE-  2147483647 2147483647    516677.50000   6249075.00000     10776.82155 Case1_F075_NS 8
INLINE-  2147483647 2147483647    516619.93800   6249109.50000      9536.02907 Case1_F075_NS 9
INLINE-  2147483647 2147483647    516623.62500   6249112.50000     10103.92021 Case1_F075_NS 9
INLINE-  2147483647 2147483647    516648.78100   6249131.50000     10865.42173 Case1_F075_NS 9
