INLINE-  2147483647 2147483647    515201.40600   6246544.50000      9557.37611 Case1_F090_NS 1
INLINE-  2147483647 2147483647    515175.06200   6246524.50000      9830.93966 Case1_F090_NS 1
INLINE-  2147483647 2147483647    515145.75000   6246502.00000     10063.93313 Case1_F090_NS 1
INLINE-  2147483647 2147483647    515103.18800   6246469.50000     10306.74161 Case1_F090_NS 1
INLINE-  2147483647 2147483647    515031.18800   6246414.50000     10544.58909 Case1_F090_NS 1
INLINE-  2147483647 2147483647    515186.84400   6246565.00000      9554.22711 Case1_F090_NS 2
INLINE-  2147483647 2147483647    515161.90600   6246546.00000      9813.58363 Case1_F090_NS 2
INLINE-  2147483647 2147483647    515128.18800   6246520.00000     10068.87014 Case1_F090_NS 2
INLINE-  2147483647 2147483647    515081.28100   6246484.00000     10315.49963 Case1_F090_NS 2
INLINE-  2147483647 2147483647    515016.00000   6246434.00000     10544.58909 Case1_F090_NS 2
INLINE-  2147483647 2147483647    515172.00000   6246585.00000      9552.83911 Case1_F090_NS 3
INLINE-  2147483647 2147483647    515146.78100   6246566.00000      9812.13162 Case1_F090_NS 3
INLINE-  2147483647 2147483647    515111.50000   6246539.00000     10066.53613 Case1_F090_NS 3
INLINE-  2147483647 2147483647    515062.34400   6246501.00000     10311.44462 Case1_F090_NS 3
INLINE-  2147483647 2147483647    515000.81200   6246454.00000     10544.58909 Case1_F090_NS 3
INLINE-  2147483647 2147483647    515148.59400   6246614.50000      9557.66312 Case1_F090_NS 4
INLINE-  2147483647 2147483647    515121.68800   6246594.00000      9822.46564 Case1_F090_NS 4
INLINE-  2147483647 2147483647    515087.87500   6246568.00000     10050.07310 Case1_F090_NS 4
INLINE-  2147483647 2147483647    515034.78100   6246527.50000     10298.90060 Case1_F090_NS 4
INLINE-  2147483647 2147483647    514978.00000   6246484.00000     10544.58909 Case1_F090_NS 4
INLINE-  2147483647 2147483647    515119.65600   6246639.50000      9594.10119 Case1_F090_NS 5
INLINE-  2147483647 2147483647    515092.15600   6246618.50000      9840.40368 Case1_F090_NS 5
INLINE-  2147483647 2147483647    515055.18800   6246590.00000     10081.61516 Case1_F090_NS 5
INLINE-  2147483647 2147483647    515007.28100   6246553.50000     10314.88763 Case1_F090_NS 5
INLINE-  2147483647 2147483647    514955.21900   6246513.50000     10544.58909 Case1_F090_NS 5
INLINE-  2147483647 2147483647    515095.62500   6246652.50000      9646.01529 Case1_F090_NS 6
INLINE-  2147483647 2147483647    515071.18800   6246634.00000      9841.81268 Case1_F090_NS 6
INLINE-  2147483647 2147483647    515034.68800   6246606.00000     10083.13817 Case1_F090_NS 6
INLINE-  2147483647 2147483647    514996.81200   6246577.00000     10298.90060 Case1_F090_NS 6
INLINE-  2147483647 2147483647    514940.03100   6246533.50000     10544.58909 Case1_F090_NS 6
