INLINE-  2147483647 2147483647    515770.28100   6250428.00000      9511.30802 Case1_F019_EW 1
INLINE-  2147483647 2147483647    515754.28100   6250449.00000      9745.93949 Case1_F019_EW 1
INLINE-  2147483647 2147483647    515802.18800   6250427.50000      9536.76907 Case1_F019_EW 2
INLINE-  2147483647 2147483647    515781.06200   6250455.00000      9821.70864 Case1_F019_EW 2
INLINE-  2147483647 2147483647    515844.21900   6250434.00000      9558.75912 Case1_F019_EW 3
INLINE-  2147483647 2147483647    515836.59400   6250444.00000      9809.35962 Case1_F019_EW 3
INLINE-  2147483647 2147483647    515823.62500   6250461.00000     10045.82009 Case1_F019_EW 3
INLINE-  2147483647 2147483647    515904.34400   6250438.00000      9570.77914 Case1_F019_EW 4
INLINE-  2147483647 2147483647    515887.03100   6250460.50000      9907.26981 Case1_F019_EW 4
INLINE-  2147483647 2147483647    515855.00000   6250502.50000     10181.02036 Case1_F019_EW 4
INLINE-  2147483647 2147483647    515960.71900   6250446.50000      9631.75926 Case1_F019_EW 5
INLINE-  2147483647 2147483647    515943.40600   6250469.00000      9872.03974 Case1_F019_EW 5
INLINE-  2147483647 2147483647    515881.84400   6250549.50000     10309.32062 Case1_F019_EW 5
INLINE-  2147483647 2147483647    516032.53100   6250455.50000      9648.42930 Case1_F019_EW 6
INLINE-  2147483647 2147483647    516010.40600   6250484.50000      9905.74981 Case1_F019_EW 6
INLINE-  2147483647 2147483647    515917.00000   6250606.50000     10442.52089 Case1_F019_EW 6
INLINE-  2147483647 2147483647    516107.87500   6250460.00000      9671.06934 Case1_F019_EW 7
INLINE-  2147483647 2147483647    516073.75000   6250504.50000      9939.13988 Case1_F019_EW 7
INLINE-  2147483647 2147483647    516031.28100   6250560.00000     10224.32045 Case1_F019_EW 7
INLINE-  2147483647 2147483647    515973.50000   6250635.50000     10515.52103 Case1_F019_EW 7
INLINE-  2147483647 2147483647    516162.81200   6250491.00000      9667.11933 Case1_F019_EW 8
INLINE-  2147483647 2147483647    516135.56200   6250526.50000      9957.65992 Case1_F019_EW 8
INLINE-  2147483647 2147483647    516079.34400   6250600.00000     10248.81950 Case1_F019_EW 8
INLINE-  2147483647 2147483647    516032.28100   6250661.50000     10526.62105 Case1_F019_EW 8
INLINE-  2147483647 2147483647    516203.53100   6250540.50000      9681.84936 Case1_F019_EW 9
INLINE-  2147483647 2147483647    516182.12500   6250568.50000      9955.62991 Case1_F019_EW 9
INLINE-  2147483647 2147483647    516132.75000   6250633.00000     10284.02057 Case1_F019_EW 9
INLINE-  2147483647 2147483647    516058.00000   6250730.50000     10666.40833 Case1_F019_EW 9
INLINE-  2147483647 2147483647    516218.96900   6250602.50000      9725.23845 Case1_F019_EW 10
INLINE-  2147483647 2147483647    516198.62500   6250629.00000      9987.57998 Case1_F019_EW 10
INLINE-  2147483647 2147483647    516172.46900   6250663.50000     10284.02057 Case1_F019_EW 10
INLINE-  2147483647 2147483647    516123.34400   6250727.50000     10566.87713 Case1_F019_EW 10
INLINE-  2147483647 2147483647    516072.06200   6250794.50000     10797.24859 Case1_F019_EW 10
