INLINE-  2147483647 2147483647    514137.62500   6248594.50000      9484.39697 Case1_F055_NS 1
INLINE-  2147483647 2147483647    514137.31200   6248594.50000      9843.81669 Case1_F055_NS 1
INLINE-  2147483647 2147483647    514129.50000   6248588.50000     10140.45128 Case1_F055_NS 1
INLINE-  2147483647 2147483647    514119.21900   6248580.50000     10436.83487 Case1_F055_NS 1
INLINE-  2147483647 2147483647    514156.37500   6248577.50000      9406.99381 Case1_F055_NS 2
INLINE-  2147483647 2147483647    514154.43800   6248576.00000      9757.51552 Case1_F055_NS 2
INLINE-  2147483647 2147483647    514147.93800   6248571.00000     10112.20022 Case1_F055_NS 2
INLINE-  2147483647 2147483647    514135.71900   6248562.00000     10447.02389 Case1_F055_NS 2
INLINE-  2147483647 2147483647    514168.28100   6248555.00000      9356.66371 Case1_F055_NS 3
INLINE-  2147483647 2147483647    514165.62500   6248553.00000      9756.56451 Case1_F055_NS 3
INLINE-  2147483647 2147483647    514162.03100   6248550.50000     10096.29319 Case1_F055_NS 3
INLINE-  2147483647 2147483647    514152.15600   6248543.00000     10456.99791 Case1_F055_NS 3
INLINE-  2147483647 2147483647    514194.37500   6248543.50000      9389.89578 Case1_F055_NS 4
INLINE-  2147483647 2147483647    514189.50000   6248540.00000      9734.41747 Case1_F055_NS 4
INLINE-  2147483647 2147483647    514183.62500   6248535.50000     10096.84919 Case1_F055_NS 4
INLINE-  2147483647 2147483647    514168.46900   6248524.00000     10466.16393 Case1_F055_NS 4
INLINE-  2147483647 2147483647    514220.65600   6248532.50000      9345.04369 Case1_F055_NS 5
INLINE-  2147483647 2147483647    514208.62500   6248523.00000      9728.81746 Case1_F055_NS 5
INLINE-  2147483647 2147483647    514197.75000   6248515.00000     10108.99122 Case1_F055_NS 5
INLINE-  2147483647 2147483647    514184.25000   6248504.50000     10472.60095 Case1_F055_NS 5
INLINE-  2147483647 2147483647    514254.43800   6248511.00000      9338.33268 Case1_F055_NS 6
INLINE-  2147483647 2147483647    514243.90600   6248503.00000      9692.71839 Case1_F055_NS 6
INLINE-  2147483647 2147483647    514228.50000   6248491.00000     10082.72617 Case1_F055_NS 6
INLINE-  2147483647 2147483647    514205.46900   6248473.50000     10468.80994 Case1_F055_NS 6
INLINE-  2147483647 2147483647    514269.28100   6248506.50000      9322.30364 Case1_F055_NS 7
INLINE-  2147483647 2147483647    514255.28100   6248496.00000      9686.82237 Case1_F055_NS 7
INLINE-  2147483647 2147483647    514239.37500   6248483.50000     10074.26415 Case1_F055_NS 7
INLINE-  2147483647 2147483647    514214.25000   6248464.50000     10455.88991 Case1_F055_NS 7
INLINE-  2147483647 2147483647    514292.90600   6248493.00000      9310.67562 Case1_F055_NS 8
INLINE-  2147483647 2147483647    514275.68800   6248480.00000      9736.21047 Case1_F055_NS 8
INLINE-  2147483647 2147483647    514256.62500   6248465.50000     10086.17417 Case1_F055_NS 8
INLINE-  2147483647 2147483647    514231.40600   6248446.00000     10440.70388 Case1_F055_NS 8
INLINE-  2147483647 2147483647    514327.65600   6248472.50000      9318.37964 Case1_F055_NS 9
INLINE-  2147483647 2147483647    514309.81200   6248459.00000      9685.86537 Case1_F055_NS 9
INLINE-  2147483647 2147483647    514286.06200   6248440.50000     10051.96910 Case1_F055_NS 9
INLINE-  2147483647 2147483647    514258.78100   6248420.00000     10417.09883 Case1_F055_NS 9
INLINE-  2147483647 2147483647    514359.59400   6248450.00000      9327.88966 Case1_F055_NS 10
INLINE-  2147483647 2147483647    514340.84400   6248435.50000      9682.08736 Case1_F055_NS 10
INLINE-  2147483647 2147483647    514313.09400   6248414.00000     10056.27011 Case1_F055_NS 10
INLINE-  2147483647 2147483647    514286.87500   6248394.00000     10393.45879 Case1_F055_NS 10
INLINE-  2147483647 2147483647    514391.40600   6248427.00000      9337.63768 Case1_F055_NS 11
INLINE-  2147483647 2147483647    514371.53100   6248411.50000      9681.24736 Case1_F055_NS 11
INLINE-  2147483647 2147483647    514345.37500   6248391.50000     10023.12305 Case1_F055_NS 11
INLINE-  2147483647 2147483647    514317.46900   6248370.50000     10364.45273 Case1_F055_NS 11
INLINE-  2147483647 2147483647    514423.00000   6248404.00000      9347.78770 Case1_F055_NS 12
INLINE-  2147483647 2147483647    514396.59400   6248383.50000      9759.21352 Case1_F055_NS 12
INLINE-  2147483647 2147483647    514349.15600   6248347.50000     10333.71767 Case1_F055_NS 12
