INLINE-  2147483647 2147483647    514586.21900   6253394.50000      9172.50835 Case2_F115_EW 1
INLINE-  2147483647 2147483647    514598.31200   6253378.50000      9444.59489 Case2_F115_EW 1
INLINE-  2147483647 2147483647    514598.03100   6253379.00000      9619.06624 Case2_F115_EW 1
INLINE-  2147483647 2147483647    514599.59400   6253377.00000      9793.49259 Case2_F115_EW 1
INLINE-  2147483647 2147483647    514606.65600   6253408.50000      9179.06736 Case2_F115_EW 2
INLINE-  2147483647 2147483647    514614.37500   6253398.50000      9374.65275 Case2_F115_EW 2
INLINE-  2147483647 2147483647    514618.34400   6253393.50000      9619.69124 Case2_F115_EW 2
INLINE-  2147483647 2147483647    514619.43800   6253392.00000      9793.49259 Case2_F115_EW 2
INLINE-  2147483647 2147483647    514624.59400   6253426.50000      9171.69134 Case2_F115_EW 3
INLINE-  2147483647 2147483647    514633.59400   6253414.50000      9379.08676 Case2_F115_EW 3
INLINE-  2147483647 2147483647    514637.40600   6253409.50000      9587.48417 Case2_F115_EW 3
INLINE-  2147483647 2147483647    514637.96900   6253409.00000      9796.21559 Case2_F115_EW 3
INLINE-  2147483647 2147483647    514641.93800   6253445.00000      9160.72732 Case2_F115_EW 4
INLINE-  2147483647 2147483647    514655.75000   6253427.00000      9464.89093 Case2_F115_EW 4
INLINE-  2147483647 2147483647    514656.25000   6253426.00000      9643.33029 Case2_F115_EW 4
INLINE-  2147483647 2147483647    514655.87500   6253426.50000      9799.12860 Case2_F115_EW 4
INLINE-  2147483647 2147483647    514658.53100   6253464.50000      9144.87329 Case2_F115_EW 5
INLINE-  2147483647 2147483647    514669.93800   6253449.50000      9362.14472 Case2_F115_EW 5
INLINE-  2147483647 2147483647    514674.12500   6253444.00000      9581.09516 Case2_F115_EW 5
INLINE-  2147483647 2147483647    514671.87500   6253447.00000      9800.32460 Case2_F115_EW 5
INLINE-  2147483647 2147483647    514674.46900   6253484.50000      9128.43526 Case2_F115_EW 6
INLINE-  2147483647 2147483647    514686.21900   6253469.50000      9332.90967 Case2_F115_EW 6
INLINE-  2147483647 2147483647    514691.31200   6253462.50000      9611.76922 Case2_F115_EW 6
INLINE-  2147483647 2147483647    514687.06200   6253468.00000      9801.73660 Case2_F115_EW 6
INLINE-  2147483647 2147483647    514688.87500   6253507.00000      9118.18124 Case2_F115_EW 7
INLINE-  2147483647 2147483647    514702.28100   6253489.50000      9346.26469 Case2_F115_EW 7
INLINE-  2147483647 2147483647    514707.65600   6253482.50000      9576.61715 Case2_F115_EW 7
INLINE-  2147483647 2147483647    514701.46900   6253490.50000      9806.79061 Case2_F115_EW 7
INLINE-  2147483647 2147483647    514703.46900   6253529.00000      9111.60422 Case2_F115_EW 8
INLINE-  2147483647 2147483647    514719.00000   6253508.50000      9375.23775 Case2_F115_EW 8
INLINE-  2147483647 2147483647    514723.75000   6253502.50000      9574.21615 Case2_F115_EW 8
INLINE-  2147483647 2147483647    514715.68800   6253513.00000      9812.54663 Case2_F115_EW 8
INLINE-  2147483647 2147483647    514722.21900   6253545.50000      9114.40323 Case2_F115_EW 9
INLINE-  2147483647 2147483647    514734.56200   6253529.50000      9347.26769 Case2_F115_EW 9
INLINE-  2147483647 2147483647    514738.90600   6253524.00000      9582.03516 Case2_F115_EW 9
INLINE-  2147483647 2147483647    514730.34400   6253535.00000      9816.13263 Case2_F115_EW 9
INLINE-  2147483647 2147483647    514742.37500   6253560.50000      9119.93924 Case2_F115_EW 10
INLINE-  2147483647 2147483647    514751.09400   6253549.00000      9321.02264 Case2_F115_EW 10
INLINE-  2147483647 2147483647    514754.43800   6253544.50000      9555.33011 Case2_F115_EW 10
INLINE-  2147483647 2147483647    514744.71900   6253557.50000      9817.19363 Case2_F115_EW 10
INLINE-  2147483647 2147483647    514772.87500   6253582.50000      9123.38325 Case2_F115_EW 11
INLINE-  2147483647 2147483647    514777.21900   6253576.50000      9360.60672 Case2_F115_EW 11
INLINE-  2147483647 2147483647    514777.37500   6253576.50000      9591.33318 Case2_F115_EW 11
INLINE-  2147483647 2147483647    514763.81200   6253594.00000      9808.24062 Case2_F115_EW 11
INLINE-  2147483647 2147483647    514790.50000   6253600.50000      9145.43029 Case2_F115_EW 12
INLINE-  2147483647 2147483647    514794.78100   6253595.00000      9363.64973 Case2_F115_EW 12
INLINE-  2147483647 2147483647    514791.59400   6253599.00000      9581.91416 Case2_F115_EW 12
INLINE-  2147483647 2147483647    514775.75000   6253619.50000      9796.37359 Case2_F115_EW 12
INLINE-  2147483647 2147483647    514805.15600   6253622.50000      9177.60636 Case2_F115_EW 13
INLINE-  2147483647 2147483647    514807.59400   6253619.00000      9375.24675 Case2_F115_EW 13
INLINE-  2147483647 2147483647    514798.75000   6253630.50000      9571.67514 Case2_F115_EW 13
INLINE-  2147483647 2147483647    514781.18800   6253653.50000      9763.98453 Case2_F115_EW 13
INLINE-  2147483647 2147483647    514822.62500   6253640.50000      9180.20836 Case2_F115_EW 14
INLINE-  2147483647 2147483647    514819.09400   6253645.50000      9374.46575 Case2_F115_EW 14
INLINE-  2147483647 2147483647    514808.18800   6253659.50000      9559.85712 Case2_F115_EW 14
INLINE-  2147483647 2147483647    514795.34400   6253676.50000      9744.49549 Case2_F115_EW 14
INLINE-  2147483647 2147483647    514830.28100   6253651.50000      9182.03036 Case2_F115_EW 15
INLINE-  2147483647 2147483647    514827.21900   6253655.50000      9365.54573 Case2_F115_EW 15
INLINE-  2147483647 2147483647    514817.03100   6253668.50000      9547.35009 Case2_F115_EW 15
INLINE-  2147483647 2147483647    514799.78100   6253691.00000      9725.38845 Case2_F115_EW 15
INLINE-  2147483647 2147483647    514848.09400   6253669.00000      9183.10137 Case2_F115_EW 16
INLINE-  2147483647 2147483647    514844.40600   6253674.00000      9327.50566 Case2_F115_EW 16
INLINE-  2147483647 2147483647    514831.43800   6253691.00000      9545.62809 Case2_F115_EW 16
INLINE-  2147483647 2147483647    514814.81200   6253712.50000      9708.53142 Case2_F115_EW 16
INLINE-  2147483647 2147483647    514866.59400   6253686.00000      9185.50637 Case2_F115_EW 17
INLINE-  2147483647 2147483647    514861.56200   6253692.50000      9360.93672 Case2_F115_EW 17
INLINE-  2147483647 2147483647    514850.78100   6253706.50000      9534.60507 Case2_F115_EW 17
INLINE-  2147483647 2147483647    514832.75000   6253730.50000      9704.01541 Case2_F115_EW 17
INLINE-  2147483647 2147483647    514885.50000   6253702.50000      9185.51037 Case2_F115_EW 18
INLINE-  2147483647 2147483647    514881.12500   6253708.00000      9361.45672 Case2_F115_EW 18
INLINE-  2147483647 2147483647    514870.28100   6253722.50000      9535.45307 Case2_F115_EW 18
INLINE-  2147483647 2147483647    514851.84400   6253746.50000      9704.95141 Case2_F115_EW 18
INLINE-  2147483647 2147483647    514894.53100   6253711.50000      9184.63937 Case2_F115_EW 19
INLINE-  2147483647 2147483647    514891.03100   6253716.00000      9361.85472 Case2_F115_EW 19
INLINE-  2147483647 2147483647    514880.09400   6253730.00000      9537.14207 Case2_F115_EW 19
INLINE-  2147483647 2147483647    514861.21900   6253755.00000      9707.61142 Case2_F115_EW 19
INLINE-  2147483647 2147483647    514922.56200   6253736.50000      9180.34536 Case2_F115_EW 20
INLINE-  2147483647 2147483647    514921.21900   6253738.00000      9362.46372 Case2_F115_EW 20
INLINE-  2147483647 2147483647    514910.03100   6253752.50000      9542.36508 Case2_F115_EW 20
INLINE-  2147483647 2147483647    514889.93800   6253779.00000      9716.77043 Case2_F115_EW 20
INLINE-  2147483647 2147483647    514940.12500   6253754.50000      9180.87636 Case2_F115_EW 21
INLINE-  2147483647 2147483647    514941.53100   6253752.50000      9333.88967 Case2_F115_EW 21
INLINE-  2147483647 2147483647    514928.81200   6253769.50000      9550.33110 Case2_F115_EW 21
INLINE-  2147483647 2147483647    514908.71900   6253795.50000      9720.17944 Case2_F115_EW 21
INLINE-  2147483647 2147483647    514964.46900   6253784.50000      9211.38942 Case2_F115_EW 22
INLINE-  2147483647 2147483647    514963.43800   6253786.00000      9372.47774 Case2_F115_EW 22
INLINE-  2147483647 2147483647    514953.50000   6253799.00000      9531.71306 Case2_F115_EW 22
INLINE-  2147483647 2147483647    514936.96900   6253820.50000      9687.00437 Case2_F115_EW 22
