INLINE-  2147483647 2147483647    517228.06200   6248001.00000      9433.93187 Case1_F111_NS 1
INLINE-  2147483647 2147483647    517271.65600   6248034.50000      9670.53534 Case1_F111_NS 1
INLINE-  2147483647 2147483647    517342.53100   6248089.00000     10083.34517 Case1_F111_NS 1
INLINE-  2147483647 2147483647    517407.65600   6248138.50000     10420.92884 Case1_F111_NS 1
INLINE-  2147483647 2147483647    517477.56200   6248192.00000     10696.56939 Case1_F111_NS 1
INLINE-  2147483647 2147483647    517563.43800   6248258.00000     10971.80694 Case1_F111_NS 1
INLINE-  2147483647 2147483647    517167.31200   6248080.50000      9433.93187 Case1_F111_NS 2
INLINE-  2147483647 2147483647    517214.43800   6248116.50000      9687.16237 Case1_F111_NS 2
INLINE-  2147483647 2147483647    517281.78100   6248168.00000     10083.34517 Case1_F111_NS 2
INLINE-  2147483647 2147483647    517346.87500   6248218.00000     10420.92884 Case1_F111_NS 2
INLINE-  2147483647 2147483647    517416.78100   6248271.50000     10696.56939 Case1_F111_NS 2
INLINE-  2147483647 2147483647    517502.68800   6248337.00000     10971.80694 Case1_F111_NS 2
INLINE-  2147483647 2147483647    517133.71900   6248118.00000      9430.73186 Case1_F111_NS 3
INLINE-  2147483647 2147483647    517192.21900   6248162.50000      9760.02952 Case1_F111_NS 3
INLINE-  2147483647 2147483647    517235.65600   6248196.00000     10076.29915 Case1_F111_NS 3
INLINE-  2147483647 2147483647    517307.56200   6248251.00000     10383.23777 Case1_F111_NS 3
INLINE-  2147483647 2147483647    517382.43800   6248308.00000     10686.01537 Case1_F111_NS 3
INLINE-  2147483647 2147483647    517472.31200   6248377.00000     10971.80694 Case1_F111_NS 3
INLINE-  2147483647 2147483647    517114.15600   6248150.00000      9433.93187 Case1_F111_NS 4
INLINE-  2147483647 2147483647    517161.28100   6248186.00000      9687.16237 Case1_F111_NS 4
INLINE-  2147483647 2147483647    517228.59400   6248237.50000     10083.34517 Case1_F111_NS 4
INLINE-  2147483647 2147483647    517293.71900   6248287.50000     10420.92884 Case1_F111_NS 4
INLINE-  2147483647 2147483647    517363.62500   6248341.00000     10696.56939 Case1_F111_NS 4
INLINE-  2147483647 2147483647    517449.53100   6248406.50000     10971.80694 Case1_F111_NS 4
INLINE-  2147483647 2147483647    517084.75000   6248206.00000      9466.78093 Case1_F111_NS 5
INLINE-  2147483647 2147483647    517134.18800   6248244.00000      9787.43857 Case1_F111_NS 5
INLINE-  2147483647 2147483647    517190.03100   6248287.00000     10098.55820 Case1_F111_NS 5
INLINE-  2147483647 2147483647    517255.03100   6248336.50000     10396.43279 Case1_F111_NS 5
INLINE-  2147483647 2147483647    517330.06200   6248394.00000     10689.51538 Case1_F111_NS 5
INLINE-  2147483647 2147483647    517412.62500   6248457.00000     10974.22795 Case1_F111_NS 5
INLINE-  2147483647 2147483647    517081.50000   6248282.50000      9477.04595 Case1_F111_NS 6
INLINE-  2147483647 2147483647    517098.56200   6248295.50000      9709.16942 Case1_F111_NS 6
INLINE-  2147483647 2147483647    517158.59400   6248341.50000     10082.17216 Case1_F111_NS 6
INLINE-  2147483647 2147483647    517225.78100   6248393.00000     10408.66982 Case1_F111_NS 6
INLINE-  2147483647 2147483647    517297.93800   6248448.00000     10686.85737 Case1_F111_NS 6
INLINE-  2147483647 2147483647    517373.56200   6248506.00000     10971.80694 Case1_F111_NS 6
INLINE-  2147483647 2147483647    517047.40600   6248335.00000      9424.38485 Case1_F111_NS 7
INLINE-  2147483647 2147483647    517071.62500   6248353.50000      9658.98532 Case1_F111_NS 7
INLINE-  2147483647 2147483647    517114.09400   6248386.00000      9884.49577 Case1_F111_NS 7
INLINE-  2147483647 2147483647    517159.03100   6248420.50000     10162.91933 Case1_F111_NS 7
INLINE-  2147483647 2147483647    517196.62500   6248449.00000     10410.72182 Case1_F111_NS 7
INLINE-  2147483647 2147483647    517246.78100   6248487.50000     10619.64924 Case1_F111_NS 7
INLINE-  2147483647 2147483647    517322.46900   6248545.50000     10942.50289 Case1_F111_NS 7
INLINE-  2147483647 2147483647    517005.56200   6248381.50000      9477.04595 Case1_F111_NS 8
INLINE-  2147483647 2147483647    517038.71900   6248407.00000      9699.30340 Case1_F111_NS 8
INLINE-  2147483647 2147483647    517098.93800   6248453.00000     10053.30111 Case1_F111_NS 8
INLINE-  2147483647 2147483647    517150.37500   6248492.50000     10427.33885 Case1_F111_NS 8
INLINE-  2147483647 2147483647    517216.28100   6248543.00000     10701.88140 Case1_F111_NS 8
INLINE-  2147483647 2147483647    517291.25000   6248600.50000     10985.93497 Case1_F111_NS 8
INLINE-  2147483647 2147483647    516956.00000   6248422.50000      9448.45190 Case1_F111_NS 9
INLINE-  2147483647 2147483647    516980.09400   6248441.00000      9672.63135 Case1_F111_NS 9
INLINE-  2147483647 2147483647    517012.37500   6248465.50000      9865.76473 Case1_F111_NS 9
INLINE-  2147483647 2147483647    517062.87500   6248504.00000     10235.17447 Case1_F111_NS 9
INLINE-  2147483647 2147483647    517111.50000   6248541.50000     10467.68594 Case1_F111_NS 9
INLINE-  2147483647 2147483647    517182.62500   6248596.00000     10747.09849 Case1_F111_NS 9
INLINE-  2147483647 2147483647    517253.71900   6248650.50000     10983.81497 Case1_F111_NS 9
INLINE-  2147483647 2147483647    516918.28100   6248472.50000      9461.63192 Case1_F111_NS 10
INLINE-  2147483647 2147483647    516941.00000   6248489.50000      9710.25542 Case1_F111_NS 10
INLINE-  2147483647 2147483647    516983.18800   6248522.00000     10022.16104 Case1_F111_NS 10
INLINE-  2147483647 2147483647    517032.78100   6248560.00000     10266.62553 Case1_F111_NS 10
INLINE-  2147483647 2147483647    517066.96900   6248586.00000     10480.38196 Case1_F111_NS 10
INLINE-  2147483647 2147483647    517151.09400   6248650.50000     10800.92360 Case1_F111_NS 10
INLINE-  2147483647 2147483647    517195.81200   6248684.50000     11052.07510 Case1_F111_NS 10
INLINE-  2147483647 2147483647    516863.75000   6248509.00000      9447.93690 Case1_F111_NS 11
INLINE-  2147483647 2147483647    516904.75000   6248540.50000      9735.73847 Case1_F111_NS 11
INLINE-  2147483647 2147483647    516954.65600   6248579.00000     10018.14704 Case1_F111_NS 11
INLINE-  2147483647 2147483647    517003.09400   6248616.00000     10311.04662 Case1_F111_NS 11
INLINE-  2147483647 2147483647    517074.87500   6248671.00000     10640.64828 Case1_F111_NS 11
INLINE-  2147483647 2147483647    517162.21900   6248737.50000     11044.56209 Case1_F111_NS 11
INLINE-  2147483647 2147483647    516817.40600   6248552.50000      9437.19887 Case1_F111_NS 12
INLINE-  2147483647 2147483647    516865.53100   6248589.50000      9703.99541 Case1_F111_NS 12
INLINE-  2147483647 2147483647    516931.65600   6248640.00000     10021.45604 Case1_F111_NS 12
INLINE-  2147483647 2147483647    516972.15600   6248671.00000     10304.72561 Case1_F111_NS 12
INLINE-  2147483647 2147483647    517039.50000   6248722.50000     10652.61331 Case1_F111_NS 12
INLINE-  2147483647 2147483647    517121.87500   6248785.50000     11034.03807 Case1_F111_NS 12
INLINE-  2147483647 2147483647    516820.43800   6248633.50000      9445.92289 Case1_F111_NS 13
INLINE-  2147483647 2147483647    516850.75000   6248656.50000      9705.40341 Case1_F111_NS 13
INLINE-  2147483647 2147483647    516903.46900   6248697.00000     10028.02006 Case1_F111_NS 13
INLINE-  2147483647 2147483647    516952.75000   6248734.50000     10314.50663 Case1_F111_NS 13
INLINE-  2147483647 2147483647    516994.78100   6248767.00000     10633.53327 Case1_F111_NS 13
INLINE-  2147483647 2147483647    517048.12500   6248807.50000     10858.91572 Case1_F111_NS 13
INLINE-  2147483647 2147483647    517108.78100   6248854.00000     11077.46715 Case1_F111_NS 13
