INLINE-  2147483647 2147483647    516892.03100   6248016.00000      9087.59818 Case1_F109_EW 1
INLINE-  2147483647 2147483647    516911.62500   6247990.50000      9286.08857 Case1_F109_EW 1
INLINE-  2147483647 2147483647    516961.00000   6247926.00000      9590.19918 Case1_F109_EW 1
INLINE-  2147483647 2147483647    516840.90600   6248000.50000      9068.45814 Case1_F109_EW 2
INLINE-  2147483647 2147483647    516871.93800   6247960.00000      9286.08857 Case1_F109_EW 2
INLINE-  2147483647 2147483647    516921.31200   6247895.50000      9590.19918 Case1_F109_EW 2
INLINE-  2147483647 2147483647    516764.62500   6247997.50000      8968.88794 Case1_F109_EW 3
INLINE-  2147483647 2147483647    516806.34400   6247943.00000      9263.39753 Case1_F109_EW 3
INLINE-  2147483647 2147483647    516877.09400   6247850.50000      9624.71925 Case1_F109_EW 3
INLINE-  2147483647 2147483647    516725.68800   6247986.50000      8900.52780 Case1_F109_EW 4
INLINE-  2147483647 2147483647    516776.56200   6247920.00000      9255.27851 Case1_F109_EW 4
INLINE-  2147483647 2147483647    516843.50000   6247832.50000      9685.61937 Case1_F109_EW 4
INLINE-  2147483647 2147483647    516671.59400   6247954.50000      8827.05765 Case1_F109_EW 5
INLINE-  2147483647 2147483647    516710.25000   6247904.00000      9182.09836 Case1_F109_EW 5
INLINE-  2147483647 2147483647    516802.87500   6247783.00000      9702.53941 Case1_F109_EW 5
INLINE-  2147483647 2147483647    516612.75000   6247928.50000      8745.06649 Case1_F109_EW 6
INLINE-  2147483647 2147483647    516682.71900   6247837.00000      9333.78867 Case1_F109_EW 6
INLINE-  2147483647 2147483647    516764.65600   6247730.00000      9732.63947 Case1_F109_EW 6
INLINE-  2147483647 2147483647    516552.40600   6247904.50000      8721.28744 Case1_F109_EW 7
INLINE-  2147483647 2147483647    516619.34400   6247817.00000      9260.37852 Case1_F109_EW 7
INLINE-  2147483647 2147483647    516739.43800   6247660.00000      9817.22963 Case1_F109_EW 7
INLINE-  2147483647 2147483647    516487.71900   6247886.00000      8646.11729 Case1_F109_EW 8
INLINE-  2147483647 2147483647    516565.84400   6247784.00000      9291.49858 Case1_F109_EW 8
INLINE-  2147483647 2147483647    516689.75000   6247622.00000      9817.22963 Case1_F109_EW 8
INLINE-  2147483647 2147483647    516424.46900   6247866.00000      8607.57622 Case1_F109_EW 9
INLINE-  2147483647 2147483647    516504.90600   6247761.00000      9244.79849 Case1_F109_EW 9
INLINE-  2147483647 2147483647    516640.00000   6247584.50000      9817.22963 Case1_F109_EW 9
INLINE-  2147483647 2147483647    516389.18800   6247830.00000      8600.16720 Case1_F109_EW 10
INLINE-  2147483647 2147483647    516439.31200   6247764.50000      9025.02805 Case1_F109_EW 10
INLINE-  2147483647 2147483647    516513.84400   6247667.00000      9418.03884 Case1_F109_EW 10
INLINE-  2147483647 2147483647    516611.06200   6247540.00000      9780.36956 Case1_F109_EW 10
INLINE-  2147483647 2147483647    516364.06200   6247801.00000      8591.00718 Case1_F109_EW 11
INLINE-  2147483647 2147483647    516418.00000   6247730.50000      9040.44808 Case1_F109_EW 11
INLINE-  2147483647 2147483647    516493.06200   6247632.50000      9420.88784 Case1_F109_EW 11
INLINE-  2147483647 2147483647    516591.06200   6247504.50000      9764.08953 Case1_F109_EW 11
INLINE-  2147483647 2147483647    516321.28100   6247754.00000      8570.96714 Case1_F109_EW 12
INLINE-  2147483647 2147483647    516388.71900   6247666.00000      9111.22822 Case1_F109_EW 12
INLINE-  2147483647 2147483647    516477.75000   6247549.50000      9466.48893 Case1_F109_EW 12
INLINE-  2147483647 2147483647    516558.93800   6247443.50000      9769.78954 Case1_F109_EW 12
INLINE-  2147483647 2147483647    516280.00000   6247705.00000      8516.28703 Case1_F109_EW 13
INLINE-  2147483647 2147483647    516340.56200   6247626.00000      9015.90703 Case1_F109_EW 13
INLINE-  2147483647 2147483647    516428.09400   6247511.50000      9404.91881 Case1_F109_EW 13
INLINE-  2147483647 2147483647    516526.81200   6247382.50000      9727.62946 Case1_F109_EW 13
INLINE-  2147483647 2147483647    516263.81200   6247623.50000      8542.27708 Case1_F109_EW 14
INLINE-  2147483647 2147483647    516297.12500   6247580.00000      8895.31779 Case1_F109_EW 14
INLINE-  2147483647 2147483647    516384.40600   6247466.00000      9361.74872 Case1_F109_EW 14
INLINE-  2147483647 2147483647    516490.78100   6247327.00000      9714.14943 Case1_F109_EW 14
INLINE-  2147483647 2147483647    516255.18800   6247573.00000      8700.69740 Case1_F109_EW 15
INLINE-  2147483647 2147483647    516302.25000   6247511.50000      9039.76808 Case1_F109_EW 15
INLINE-  2147483647 2147483647    516363.84400   6247431.00000      9372.48874 Case1_F109_EW 15
INLINE-  2147483647 2147483647    516464.87500   6247299.00000      9707.83942 Case1_F109_EW 15
