INLINE-  2147483647 2147483647    517326.09400   6246125.00000      9000.10800 Case1_F155_NS 1
INLINE-  2147483647 2147483647    517367.31200   6246156.50000      9245.83849 Case1_F155_NS 1
INLINE-  2147483647 2147483647    517415.03100   6246193.00000      9492.66899 Case1_F155_NS 1
INLINE-  2147483647 2147483647    517479.00000   6246242.00000      9747.99950 Case1_F155_NS 1
INLINE-  2147483647 2147483647    517592.96900   6246329.00000     10093.32019 Case1_F155_NS 1
INLINE-  2147483647 2147483647    517292.18800   6246177.50000      8984.15797 Case1_F155_NS 2
INLINE-  2147483647 2147483647    517329.31200   6246206.00000      9245.83849 Case1_F155_NS 2
INLINE-  2147483647 2147483647    517387.46900   6246250.50000      9533.71907 Case1_F155_NS 2
INLINE-  2147483647 2147483647    517437.71900   6246289.00000      9756.82951 Case1_F155_NS 2
INLINE-  2147483647 2147483647    517530.59400   6246360.00000     10068.02014 Case1_F155_NS 2
INLINE-  2147483647 2147483647    517253.21900   6246226.50000      9002.69801 Case1_F155_NS 3
INLINE-  2147483647 2147483647    517283.00000   6246249.00000      9172.21834 Case1_F155_NS 3
INLINE-  2147483647 2147483647    517363.87500   6246311.00000      9620.44924 Case1_F155_NS 3
INLINE-  2147483647 2147483647    517418.21900   6246352.50000      9878.16976 Case1_F155_NS 3
INLINE-  2147483647 2147483647    517487.96900   6246406.00000     10129.72026 Case1_F155_NS 3
INLINE-  2147483647 2147483647    517214.53100   6246275.50000      8987.60798 Case1_F155_NS 4
INLINE-  2147483647 2147483647    517245.15600   6246299.00000      9172.21834 Case1_F155_NS 4
INLINE-  2147483647 2147483647    517342.78100   6246373.50000      9713.67943 Case1_F155_NS 4
INLINE-  2147483647 2147483647    517415.62500   6246429.50000     10046.71909 Case1_F155_NS 4
INLINE-  2147483647 2147483647    517456.37500   6246460.50000     10242.32048 Case1_F155_NS 4
INLINE-  2147483647 2147483647    517177.09400   6246325.50000      8928.96786 Case1_F155_NS 5
INLINE-  2147483647 2147483647    517217.40600   6246356.50000      9180.79836 Case1_F155_NS 5
INLINE-  2147483647 2147483647    517301.00000   6246420.50000      9693.00939 Case1_F155_NS 5
INLINE-  2147483647 2147483647    517378.84400   6246480.00000     10083.92017 Case1_F155_NS 5
INLINE-  2147483647 2147483647    517416.21900   6246508.50000     10249.02050 Case1_F155_NS 5
INLINE-  2147483647 2147483647    517172.12500   6246400.50000      8970.69794 Case1_F155_NS 6
INLINE-  2147483647 2147483647    517229.71900   6246444.50000      9434.26887 Case1_F155_NS 6
INLINE-  2147483647 2147483647    517286.15600   6246487.50000      9821.43964 Case1_F155_NS 6
INLINE-  2147483647 2147483647    517358.53100   6246543.00000     10266.31953 Case1_F155_NS 6
