INLINE-  2147483647 2147483647    515062.62500   6249604.50000      9150.33230 Case1_F028_NNW 1
INLINE-  2147483647 2147483647    515017.78100   6249663.00000      9662.16732 Case1_F028_NNW 1
INLINE-  2147483647 2147483647    514971.46900   6249723.50000     10173.10035 Case1_F028_NNW 1
INLINE-  2147483647 2147483647    515112.06200   6249622.00000      9148.65030 Case1_F028_NNW 2
INLINE-  2147483647 2147483647    515068.68800   6249678.50000      9636.44327 Case1_F028_NNW 2
INLINE-  2147483647 2147483647    515025.28100   6249735.50000     10124.23525 Case1_F028_NNW 2
INLINE-  2147483647 2147483647    515147.56200   6249637.50000      9174.38535 Case1_F028_NNW 3
INLINE-  2147483647 2147483647    515113.06200   6249682.50000      9631.90726 Case1_F028_NNW 3
INLINE-  2147483647 2147483647    515077.31200   6249729.00000     10021.92104 Case1_F028_NNW 3
INLINE-  2147483647 2147483647    515196.93800   6249655.00000      9210.38742 Case1_F028_NNW 4
INLINE-  2147483647 2147483647    515171.75000   6249688.00000      9579.06016 Case1_F028_NNW 4
INLINE-  2147483647 2147483647    515142.18800   6249726.50000      9855.17371 Case1_F028_NNW 4
INLINE-  2147483647 2147483647    515229.37500   6249674.50000      9226.98345 Case1_F028_NNW 5
INLINE-  2147483647 2147483647    515211.09400   6249698.50000      9544.84509 Case1_F028_NNW 5
INLINE-  2147483647 2147483647    515177.59400   6249742.00000      9853.66971 Case1_F028_NNW 5
INLINE-  2147483647 2147483647    515262.81200   6249692.50000      9234.56047 Case1_F028_NNW 6
INLINE-  2147483647 2147483647    515242.43800   6249719.00000      9602.99021 Case1_F028_NNW 6
INLINE-  2147483647 2147483647    515213.87500   6249756.50000      9849.36970 Case1_F028_NNW 6
INLINE-  2147483647 2147483647    515318.50000   6249702.00000      9208.38742 Case1_F028_NNW 7
INLINE-  2147483647 2147483647    515297.53100   6249729.50000      9609.99522 Case1_F028_NNW 7
