INLINE-  2147483647 2147483647    516391.03100   6251845.50000      9679.22836 Case2_F139_NS 1
INLINE-  2147483647 2147483647    516405.34400   6251856.50000      9949.76490 Case2_F139_NS 1
INLINE-  2147483647 2147483647    516440.90600   6251884.00000     10228.10246 Case2_F139_NS 1
INLINE-  2147483647 2147483647    516402.62500   6251823.00000      9714.91243 Case2_F139_NS 2
INLINE-  2147483647 2147483647    516421.50000   6251837.50000      9933.52287 Case2_F139_NS 2
INLINE-  2147483647 2147483647    516472.87500   6251877.00000     10361.39772 Case2_F139_NS 2
INLINE-  2147483647 2147483647    516420.28100   6251805.00000      9698.99640 Case2_F139_NS 3
INLINE-  2147483647 2147483647    516453.09400   6251830.50000     10023.88705 Case2_F139_NS 3
INLINE-  2147483647 2147483647    516491.06200   6251859.50000     10346.54169 Case2_F139_NS 3
INLINE-  2147483647 2147483647    516439.87500   6251788.50000      9689.56338 Case2_F139_NS 4
INLINE-  2147483647 2147483647    516466.40600   6251809.00000      9946.72089 Case2_F139_NS 4
INLINE-  2147483647 2147483647    516508.78100   6251841.50000     10325.88865 Case2_F139_NS 4
INLINE-  2147483647 2147483647    516464.25000   6251776.00000      9709.99042 Case2_F139_NS 5
INLINE-  2147483647 2147483647    516492.09400   6251797.00000      9998.74900 Case2_F139_NS 5
INLINE-  2147483647 2147483647    516524.18800   6251821.50000     10285.73457 Case2_F139_NS 5
INLINE-  2147483647 2147483647    516489.71900   6251764.00000      9725.28745 Case2_F139_NS 6
INLINE-  2147483647 2147483647    516512.50000   6251781.50000      9995.39299 Case2_F139_NS 6
INLINE-  2147483647 2147483647    516539.68800   6251802.00000     10242.42848 Case2_F139_NS 6
INLINE-  2147483647 2147483647    516528.34400   6251746.00000      9687.27737 Case2_F139_NS 7
INLINE-  2147483647 2147483647    516548.12500   6251761.50000      9938.39788 Case2_F139_NS 7
INLINE-  2147483647 2147483647    516566.78100   6251775.50000     10159.76932 Case2_F139_NS 7
