INLINE-  2147483647 2147483647    514611.78100   6250252.50000      9245.03049 Case1_F005_NNE 1
INLINE-  2147483647 2147483647    514639.15600   6250248.00000      9686.04437 Case1_F005_NNE 1
INLINE-  2147483647 2147483647    514721.09400   6250235.50000     10246.56349 Case1_F005_NNE 1
INLINE-  2147483647 2147483647    514604.21900   6250172.50000      9289.07158 Case1_F005_NNE 2
INLINE-  2147483647 2147483647    514626.96900   6250169.00000      9686.04437 Case1_F005_NNE 2
INLINE-  2147483647 2147483647    514672.62500   6250162.00000     10126.89925 Case1_F005_NNE 2
INLINE-  2147483647 2147483647    514603.06200   6250128.00000      9262.68253 Case1_F005_NNE 3
INLINE-  2147483647 2147483647    514628.46900   6250124.00000      9686.05737 Case1_F005_NNE 3
INLINE-  2147483647 2147483647    514654.25000   6250120.00000     10122.82725 Case1_F005_NNE 3
INLINE-  2147483647 2147483647    514622.18800   6250063.00000      9383.46777 Case1_F005_NNE 4
INLINE-  2147483647 2147483647    514630.96900   6250061.50000      9771.60354 Case1_F005_NNE 4
INLINE-  2147483647 2147483647    514643.50000   6250059.50000     10050.50810 Case1_F005_NNE 4
INLINE-  2147483647 2147483647    514611.53100   6249993.00000      9373.68475 Case1_F005_NNE 5
INLINE-  2147483647 2147483647    514637.68800   6249989.00000      9831.09166 Case1_F005_NNE 5
INLINE-  2147483647 2147483647    514598.84400   6249887.50000      9402.02280 Case1_F005_NNE 6
INLINE-  2147483647 2147483647    514617.84400   6249884.50000      9741.24948 Case1_F005_NNE 6
