INLINE-  2147483647 2147483647    514846.56200   6253166.00000      9372.12774 Case2_F117_NS 1
INLINE-  2147483647 2147483647    514834.25000   6253156.50000      9887.05277 Case2_F117_NS 1
INLINE-  2147483647 2147483647    514871.34400   6253185.00000     10342.49168 Case2_F117_NS 1
INLINE-  2147483647 2147483647    514928.62500   6253229.00000     10808.83062 Case2_F117_NS 1
INLINE-  2147483647 2147483647    514867.18800   6253103.00000      9286.91557 Case2_F117_NS 2
INLINE-  2147483647 2147483647    514876.40600   6253110.00000      9834.67967 Case2_F117_NS 2
INLINE-  2147483647 2147483647    514918.40600   6253142.50000     10376.57775 Case2_F117_NS 2
INLINE-  2147483647 2147483647    514998.75000   6253203.50000     10900.23480 Case2_F117_NS 2
INLINE-  2147483647 2147483647    514891.50000   6253043.00000      9219.73744 Case2_F117_NS 3
INLINE-  2147483647 2147483647    514927.56200   6253070.50000      9949.72490 Case2_F117_NS 3
INLINE-  2147483647 2147483647    514977.43800   6253109.00000     10497.58800 Case2_F117_NS 3
INLINE-  2147483647 2147483647    515064.21900   6253175.00000     10978.30996 Case2_F117_NS 3
INLINE-  2147483647 2147483647    514933.28100   6252996.50000      9238.01148 Case2_F117_NS 4
INLINE-  2147483647 2147483647    514973.34400   6253027.00000      9963.88393 Case2_F117_NS 4
INLINE-  2147483647 2147483647    515026.25000   6253067.50000     10507.53902 Case2_F117_NS 4
INLINE-  2147483647 2147483647    515102.18800   6253125.50000     10978.30996 Case2_F117_NS 4
INLINE-  2147483647 2147483647    514969.75000   6252945.50000      9158.05032 Case2_F117_NS 5
INLINE-  2147483647 2147483647    514985.87500   6252958.00000      9609.89122 Case2_F117_NS 5
INLINE-  2147483647 2147483647    515018.93800   6252983.00000      9967.93594 Case2_F117_NS 5
INLINE-  2147483647 2147483647    515074.59400   6253025.50000     10496.16499 Case2_F117_NS 5
INLINE-  2147483647 2147483647    515140.15600   6253076.00000     10978.30996 Case2_F117_NS 5
INLINE-  2147483647 2147483647    515007.71900   6252896.00000      9158.05032 Case2_F117_NS 6
INLINE-  2147483647 2147483647    515023.84400   6252908.00000      9609.89122 Case2_F117_NS 6
INLINE-  2147483647 2147483647    515060.59400   6252936.50000      9982.65097 Case2_F117_NS 6
INLINE-  2147483647 2147483647    515108.40600   6252973.00000     10505.04601 Case2_F117_NS 6
INLINE-  2147483647 2147483647    515185.09400   6253031.50000     11026.90005 Case2_F117_NS 6
INLINE-  2147483647 2147483647    515053.50000   6252852.00000      9187.30537 Case2_F117_NS 7
INLINE-  2147483647 2147483647    515070.00000   6252865.00000      9604.32621 Case2_F117_NS 7
INLINE-  2147483647 2147483647    515098.56200   6252886.50000      9982.65097 Case2_F117_NS 7
INLINE-  2147483647 2147483647    515146.96900   6252924.00000     10498.30300 Case2_F117_NS 7
INLINE-  2147483647 2147483647    515194.78100   6252960.50000     10781.56456 Case2_F117_NS 7
INLINE-  2147483647 2147483647    515251.03100   6253003.50000     11059.23412 Case2_F117_NS 7
INLINE-  2147483647 2147483647    515091.56200   6252802.50000      9363.59673 Case2_F117_NS 8
INLINE-  2147483647 2147483647    515107.96900   6252815.00000      9604.32621 Case2_F117_NS 8
INLINE-  2147483647 2147483647    515145.62500   6252844.00000      9996.53099 Case2_F117_NS 8
INLINE-  2147483647 2147483647    515208.40600   6252892.00000     10503.07201 Case2_F117_NS 8
INLINE-  2147483647 2147483647    515252.53100   6252926.00000     10788.93658 Case2_F117_NS 8
INLINE-  2147483647 2147483647    515316.87500   6252975.00000     11111.13922 Case2_F117_NS 8
INLINE-  2147483647 2147483647    515146.50000   6252766.00000      9444.38389 Case2_F117_NS 9
INLINE-  2147483647 2147483647    515155.90600   6252773.00000      9604.95121 Case2_F117_NS 9
INLINE-  2147483647 2147483647    515191.28100   6252800.50000     10001.82700 Case2_F117_NS 9
INLINE-  2147483647 2147483647    515246.37500   6252842.50000     10503.07201 Case2_F117_NS 9
INLINE-  2147483647 2147483647    515290.50000   6252876.00000     10788.93658 Case2_F117_NS 9
INLINE-  2147483647 2147483647    515353.96900   6252925.00000     11111.35122 Case2_F117_NS 9
INLINE-  2147483647 2147483647    515176.87500   6252726.50000      9444.38389 Case2_F117_NS 10
INLINE-  2147483647 2147483647    515193.15600   6252739.00000      9602.81721 Case2_F117_NS 10
INLINE-  2147483647 2147483647    515221.65600   6252760.50000     10001.82700 Case2_F117_NS 10
INLINE-  2147483647 2147483647    515276.75000   6252802.50000     10503.07201 Case2_F117_NS 10
INLINE-  2147483647 2147483647    515320.90600   6252836.50000     10788.93658 Case2_F117_NS 10
INLINE-  2147483647 2147483647    515381.34400   6252883.00000     11042.64809 Case2_F117_NS 10
INLINE-  2147483647 2147483647    515232.43800   6252690.00000      9460.83692 Case2_F117_NS 11
INLINE-  2147483647 2147483647    515241.68800   6252697.00000      9610.72122 Case2_F117_NS 11
INLINE-  2147483647 2147483647    515276.68800   6252724.00000     10019.54704 Case2_F117_NS 11
INLINE-  2147483647 2147483647    515328.00000   6252763.50000     10481.70096 Case2_F117_NS 11
INLINE-  2147483647 2147483647    515377.46900   6252801.00000     10954.18791 Case2_F117_NS 11
