INLINE-  2147483647 2147483647    516737.65600   6251119.50000      9665.64233 Case1_F023_NS 1
INLINE-  2147483647 2147483647    516754.12500   6251132.00000     10009.33202 Case1_F023_NS 1
INLINE-  2147483647 2147483647    516780.31200   6251152.00000     10464.96393 Case1_F023_NS 1
INLINE-  2147483647 2147483647    516812.93800   6251177.00000     10830.34766 Case1_F023_NS 1
INLINE-  2147483647 2147483647    516846.34400   6251202.50000     11206.73041 Case1_F023_NS 1
INLINE-  2147483647 2147483647    516769.21900   6251096.50000      9750.54550 Case1_F023_NS 2
INLINE-  2147483647 2147483647    516779.71900   6251104.50000     10044.88909 Case1_F023_NS 2
INLINE-  2147483647 2147483647    516807.40600   6251125.50000     10547.45309 Case1_F023_NS 2
INLINE-  2147483647 2147483647    516841.21900   6251151.50000     10867.96474 Case1_F023_NS 2
INLINE-  2147483647 2147483647    516880.18800   6251181.50000     11270.64154 Case1_F023_NS 2
INLINE-  2147483647 2147483647    516785.50000   6251061.50000      9724.65845 Case1_F023_NS 3
INLINE-  2147483647 2147483647    516800.12500   6251073.00000     10127.23925 Case1_F023_NS 3
INLINE-  2147483647 2147483647    516826.37500   6251093.00000     10527.45705 Case1_F023_NS 3
INLINE-  2147483647 2147483647    516865.03100   6251122.50000     10923.56685 Case1_F023_NS 3
INLINE-  2147483647 2147483647    516902.56200   6251151.50000     11320.16564 Case1_F023_NS 3
INLINE-  2147483647 2147483647    516800.28100   6251026.00000      9683.18037 Case1_F023_NS 4
INLINE-  2147483647 2147483647    516812.81200   6251035.50000     10053.25311 Case1_F023_NS 4
INLINE-  2147483647 2147483647    516849.87500   6251064.00000     10595.68119 Case1_F023_NS 4
INLINE-  2147483647 2147483647    516891.93800   6251096.00000     11027.87806 Case1_F023_NS 4
INLINE-  2147483647 2147483647    516921.31200   6251118.50000     11322.56365 Case1_F023_NS 4
INLINE-  2147483647 2147483647    516823.06200   6250996.00000      9683.18037 Case1_F023_NS 5
INLINE-  2147483647 2147483647    516835.59400   6251005.50000     10053.25311 Case1_F023_NS 5
INLINE-  2147483647 2147483647    516869.28100   6251031.50000     10495.52799 Case1_F023_NS 5
INLINE-  2147483647 2147483647    516896.65600   6251052.50000     10819.68464 Case1_F023_NS 5
INLINE-  2147483647 2147483647    516924.96900   6251074.00000     11143.52329 Case1_F023_NS 5
INLINE-  2147483647 2147483647    516860.87500   6250978.00000      9730.25346 Case1_F023_NS 6
INLINE-  2147483647 2147483647    516875.78100   6250989.00000     10096.23119 Case1_F023_NS 6
INLINE-  2147483647 2147483647    516890.15600   6251000.00000     10402.93481 Case1_F023_NS 6
INLINE-  2147483647 2147483647    516916.84400   6251020.50000     10759.72352 Case1_F023_NS 6
INLINE-  2147483647 2147483647    516947.59400   6251044.00000     11115.21723 Case1_F023_NS 6
INLINE-  2147483647 2147483647    516887.56200   6250966.50000      9690.28738 Case1_F023_NS 7
INLINE-  2147483647 2147483647    516897.50000   6250974.50000      9991.89098 Case1_F023_NS 7
INLINE-  2147483647 2147483647    516918.00000   6250990.00000     10487.26297 Case1_F023_NS 7
INLINE-  2147483647 2147483647    516941.25000   6251008.00000     10804.27761 Case1_F023_NS 7
INLINE-  2147483647 2147483647    516968.43800   6251028.50000     11120.15724 Case1_F023_NS 7
INLINE-  2147483647 2147483647    516929.65600   6250967.50000      9717.76944 Case1_F023_NS 8
INLINE-  2147483647 2147483647    516931.31200   6250968.50000      9969.62694 Case1_F023_NS 8
INLINE-  2147483647 2147483647    516957.12500   6250988.50000     10520.84104 Case1_F023_NS 8
INLINE-  2147483647 2147483647    516978.50000   6251005.00000     10817.30863 Case1_F023_NS 8
INLINE-  2147483647 2147483647    517008.40600   6251027.50000     11233.46147 Case1_F023_NS 8
