INLINE-  2147483647 2147483647    514348.68800   6253430.00000      9371.61274 Case2_F086_NS 1
INLINE-  2147483647 2147483647    514377.43800   6253452.00000      9650.38330 Case2_F086_NS 1
INLINE-  2147483647 2147483647    514423.56200   6253487.50000     10000.72700 Case2_F086_NS 1
INLINE-  2147483647 2147483647    514341.09400   6253440.00000      9371.61274 Case2_F086_NS 2
INLINE-  2147483647 2147483647    514369.84400   6253462.00000      9650.38330 Case2_F086_NS 2
INLINE-  2147483647 2147483647    514415.96900   6253497.50000     10000.72700 Case2_F086_NS 2
INLINE-  2147483647 2147483647    514327.40600   6253461.00000      9386.67577 Case2_F086_NS 3
INLINE-  2147483647 2147483647    514351.25000   6253479.50000      9660.11232 Case2_F086_NS 3
INLINE-  2147483647 2147483647    514390.53100   6253509.50000      9992.92799 Case2_F086_NS 3
INLINE-  2147483647 2147483647    514295.12500   6253531.00000      9404.66381 Case2_F086_NS 4
INLINE-  2147483647 2147483647    514305.87500   6253539.00000      9671.13534 Case2_F086_NS 4
INLINE-  2147483647 2147483647    514332.25000   6253559.00000      9957.55092 Case2_F086_NS 4
INLINE-  2147483647 2147483647    514243.65600   6253586.00000      9392.56679 Case2_F086_NS 5
INLINE-  2147483647 2147483647    514257.75000   6253596.50000      9683.86937 Case2_F086_NS 5
INLINE-  2147483647 2147483647    514296.87500   6253626.50000      9943.30689 Case2_F086_NS 5
INLINE-  2147483647 2147483647    514188.56200   6253638.00000      9372.47974 Case2_F086_NS 6
INLINE-  2147483647 2147483647    514204.34400   6253650.00000      9699.05240 Case2_F086_NS 6
INLINE-  2147483647 2147483647    514263.15600   6253695.00000     10007.98602 Case2_F086_NS 6
INLINE-  2147483647 2147483647    514096.09400   6253662.00000      9422.96785 Case2_F086_NS 7
INLINE-  2147483647 2147483647    514136.09400   6253692.50000      9655.90631 Case2_F086_NS 7
INLINE-  2147483647 2147483647    514195.18800   6253737.50000      9959.99692 Case2_F086_NS 7
INLINE-  2147483647 2147483647    514039.75000   6253713.00000      9427.02085 Case2_F086_NS 8
INLINE-  2147483647 2147483647    514077.59400   6253742.00000      9700.30040 Case2_F086_NS 8
INLINE-  2147483647 2147483647    514127.90600   6253780.50000      9979.49296 Case2_F086_NS 8
INLINE-  2147483647 2147483647    513942.96900   6253733.50000      9407.05781 Case2_F086_NS 9
INLINE-  2147483647 2147483647    513977.87500   6253760.00000      9641.90828 Case2_F086_NS 9
INLINE-  2147483647 2147483647    514034.81200   6253803.50000      9938.12188 Case2_F086_NS 9
INLINE-  2147483647 2147483647    513868.43800   6253771.00000      9376.61075 Case2_F086_NS 10
INLINE-  2147483647 2147483647    513902.21900   6253796.50000      9618.43324 Case2_F086_NS 10
INLINE-  2147483647 2147483647    513964.71900   6253844.50000      9931.90486 Case2_F086_NS 10
INLINE-  2147483647 2147483647    513800.68800   6253813.50000      9282.33056 Case2_F086_NS 11
INLINE-  2147483647 2147483647    513826.12500   6253833.00000      9502.62301 Case2_F086_NS 11
INLINE-  2147483647 2147483647    513849.09400   6253850.50000      9634.47227 Case2_F086_NS 11
INLINE-  2147483647 2147483647    513927.00000   6253910.00000     10029.27806 Case2_F086_NS 11
INLINE-  2147483647 2147483647    513726.21900   6253851.00000      9248.37050 Case2_F086_NS 12
INLINE-  2147483647 2147483647    513753.59400   6253872.00000      9482.87397 Case2_F086_NS 12
INLINE-  2147483647 2147483647    513780.21900   6253892.00000      9651.69330 Case2_F086_NS 12
INLINE-  2147483647 2147483647    513852.28100   6253947.50000      9998.91300 Case2_F086_NS 12
INLINE-  2147483647 2147483647    513689.59400   6253917.00000      9388.07978 Case2_F086_NS 13
INLINE-  2147483647 2147483647    513723.56200   6253943.00000      9618.50524 Case2_F086_NS 13
INLINE-  2147483647 2147483647    513819.84400   6254017.00000     10005.55701 Case2_F086_NS 13
INLINE-  2147483647 2147483647    513593.68800   6253938.00000      9203.60041 Case2_F086_NS 14
INLINE-  2147483647 2147483647    513649.78100   6253981.00000      9550.35010 Case2_F086_NS 14
INLINE-  2147483647 2147483647    513689.68800   6254011.50000      9726.51345 Case2_F086_NS 14
INLINE-  2147483647 2147483647    513833.59400   6254122.00000     10173.45935 Case2_F086_NS 14
INLINE-  2147483647 2147483647    513542.71900   6253993.50000      9131.71526 Case2_F086_NS 15
INLINE-  2147483647 2147483647    513581.12500   6254023.00000      9375.83775 Case2_F086_NS 15
INLINE-  2147483647 2147483647    513639.37500   6254067.50000      9669.51334 Case2_F086_NS 15
INLINE-  2147483647 2147483647    513702.34400   6254116.00000      9882.95777 Case2_F086_NS 15
INLINE-  2147483647 2147483647    513768.37500   6254166.50000     10092.78419 Case2_F086_NS 15
INLINE-  2147483647 2147483647    513521.50000   6254072.00000      9255.70951 Case2_F086_NS 16
INLINE-  2147483647 2147483647    513561.75000   6254102.50000      9502.46400 Case2_F086_NS 16
INLINE-  2147483647 2147483647    513591.96900   6254126.00000      9643.20729 Case2_F086_NS 16
INLINE-  2147483647 2147483647    513731.93800   6254233.00000     10112.06122 Case2_F086_NS 16
INLINE-  2147483647 2147483647    513463.68800   6254122.00000      9257.82452 Case2_F086_NS 17
INLINE-  2147483647 2147483647    513500.59400   6254150.50000      9465.74893 Case2_F086_NS 17
INLINE-  2147483647 2147483647    513551.71900   6254189.50000      9683.45737 Case2_F086_NS 17
INLINE-  2147483647 2147483647    513611.81200   6254235.50000      9889.62378 Case2_F086_NS 17
INLINE-  2147483647 2147483647    513674.53100   6254283.50000     10092.71919 Case2_F086_NS 17
INLINE-  2147483647 2147483647    513418.06200   6254181.50000      9322.46964 Case2_F086_NS 18
INLINE-  2147483647 2147483647    513487.53100   6254234.50000      9623.89825 Case2_F086_NS 18
INLINE-  2147483647 2147483647    513610.21900   6254328.50000     10089.37218 Case2_F086_NS 18
INLINE-  2147483647 2147483647    513372.50000   6254241.00000      9322.46964 Case2_F086_NS 19
INLINE-  2147483647 2147483647    513441.96900   6254294.50000      9623.89825 Case2_F086_NS 19
INLINE-  2147483647 2147483647    513564.65600   6254388.00000     10089.37218 Case2_F086_NS 19
