INLINE-  2147483647 2147483647    515083.12500   6248940.00000      9025.08105 Case1_F049_EW 1
INLINE-  2147483647 2147483647    515101.75000   6248915.50000      9414.79583 Case1_F049_EW 1
INLINE-  2147483647 2147483647    515126.84400   6248883.00000      9802.08360 Case1_F049_EW 1
INLINE-  2147483647 2147483647    515111.43800   6248964.50000      9045.58409 Case1_F049_EW 2
INLINE-  2147483647 2147483647    515131.43800   6248938.50000      9405.97581 Case1_F049_EW 2
INLINE-  2147483647 2147483647    515154.68800   6248908.00000      9765.03353 Case1_F049_EW 2
INLINE-  2147483647 2147483647    515141.28100   6248987.50000      9028.51806 Case1_F049_EW 3
INLINE-  2147483647 2147483647    515159.12500   6248964.00000      9379.25476 Case1_F049_EW 3
INLINE-  2147483647 2147483647    515182.50000   6248933.50000      9727.73846 Case1_F049_EW 3
INLINE-  2147483647 2147483647    515160.90600   6249003.00000      9011.00102 Case1_F049_EW 4
INLINE-  2147483647 2147483647    515177.37500   6248981.50000      9373.61175 Case1_F049_EW 4
INLINE-  2147483647 2147483647    515200.34400   6248951.50000      9689.58038 Case1_F049_EW 4
INLINE-  2147483647 2147483647    515188.81200   6249028.00000      9018.87004 Case1_F049_EW 5
INLINE-  2147483647 2147483647    515202.31200   6249010.50000      9336.97167 Case1_F049_EW 5
INLINE-  2147483647 2147483647    515228.12500   6248976.50000      9649.55030 Case1_F049_EW 5
INLINE-  2147483647 2147483647    515206.25000   6249046.50000      9024.49905 Case1_F049_EW 6
INLINE-  2147483647 2147483647    515221.90600   6249026.00000      9372.24474 Case1_F049_EW 6
INLINE-  2147483647 2147483647    515246.00000   6248994.50000      9613.88223 Case1_F049_EW 6
INLINE-  2147483647 2147483647    515222.87500   6249066.00000      9002.01800 Case1_F049_EW 7
INLINE-  2147483647 2147483647    515230.62500   6249055.50000      9201.09840 Case1_F049_EW 7
INLINE-  2147483647 2147483647    515242.81200   6249040.00000      9398.44280 Case1_F049_EW 7
INLINE-  2147483647 2147483647    515263.50000   6249013.00000      9591.02418 Case1_F049_EW 7
INLINE-  2147483647 2147483647    515249.43800   6249093.00000      8987.24297 Case1_F049_EW 8
INLINE-  2147483647 2147483647    515257.34400   6249082.50000      9167.25833 Case1_F049_EW 8
INLINE-  2147483647 2147483647    515269.25000   6249067.00000      9358.66972 Case1_F049_EW 8
INLINE-  2147483647 2147483647    515292.00000   6249037.00000      9576.62415 Case1_F049_EW 8
INLINE-  2147483647 2147483647    515275.87500   6249120.00000      9010.50602 Case1_F049_EW 9
INLINE-  2147483647 2147483647    515295.59400   6249094.00000      9297.73660 Case1_F049_EW 9
INLINE-  2147483647 2147483647    515324.03100   6249057.00000      9579.98916 Case1_F049_EW 9
INLINE-  2147483647 2147483647    515295.84400   6249135.00000      9025.24605 Case1_F049_EW 10
INLINE-  2147483647 2147483647    515312.56200   6249113.00000      9265.39553 Case1_F049_EW 10
INLINE-  2147483647 2147483647    515346.50000   6249069.00000      9584.73917 Case1_F049_EW 10
INLINE-  2147483647 2147483647    515326.34400   6249157.00000      9052.38110 Case1_F049_EW 11
INLINE-  2147483647 2147483647    515346.15600   6249131.00000      9323.03265 Case1_F049_EW 11
INLINE-  2147483647 2147483647    515377.53100   6249090.00000      9579.13616 Case1_F049_EW 11
INLINE-  2147483647 2147483647    515344.90600   6249174.00000      9047.49809 Case1_F049_EW 12
INLINE-  2147483647 2147483647    515364.68800   6249148.00000      9287.84258 Case1_F049_EW 12
INLINE-  2147483647 2147483647    515397.65600   6249105.00000      9564.38913 Case1_F049_EW 12
INLINE-  2147483647 2147483647    515377.25000   6249193.00000      9047.63310 Case1_F049_EW 13
INLINE-  2147483647 2147483647    515395.81200   6249169.00000      9296.79459 Case1_F049_EW 13
INLINE-  2147483647 2147483647    515424.84400   6249131.00000      9538.97208 Case1_F049_EW 13
INLINE-  2147483647 2147483647    515399.03100   6249206.00000      9057.37411 Case1_F049_EW 14
INLINE-  2147483647 2147483647    515415.28100   6249184.50000      9294.47959 Case1_F049_EW 14
INLINE-  2147483647 2147483647    515441.68800   6249150.00000      9512.51103 Case1_F049_EW 14
INLINE-  2147483647 2147483647    515417.40600   6249223.00000      9093.00619 Case1_F049_EW 15
INLINE-  2147483647 2147483647    515435.56200   6249199.50000      9303.25961 Case1_F049_EW 15
INLINE-  2147483647 2147483647    515462.06200   6249164.50000      9507.33301 Case1_F049_EW 15
INLINE-  2147483647 2147483647    515445.84400   6249247.50000      9127.93126 Case1_F049_EW 16
INLINE-  2147483647 2147483647    515473.68800   6249211.00000      9377.14175 Case1_F049_EW 16
INLINE-  2147483647 2147483647    515492.71900   6249186.50000      9505.36901 Case1_F049_EW 16
INLINE-  2147483647 2147483647    515468.25000   6249259.50000      9130.83526 Case1_F049_EW 17
INLINE-  2147483647 2147483647    515487.53100   6249234.00000      9314.46163 Case1_F049_EW 17
INLINE-  2147483647 2147483647    515511.50000   6249203.00000      9494.18499 Case1_F049_EW 17
INLINE-  2147483647 2147483647    515501.15600   6249278.00000      9132.15326 Case1_F049_EW 18
INLINE-  2147483647 2147483647    515519.71900   6249254.00000      9319.64464 Case1_F049_EW 18
INLINE-  2147483647 2147483647    515539.81200   6249227.50000      9481.20996 Case1_F049_EW 18
INLINE-  2147483647 2147483647    515533.21900   6249298.00000      9145.94229 Case1_F049_EW 19
INLINE-  2147483647 2147483647    515549.56200   6249276.50000      9308.70962 Case1_F049_EW 19
INLINE-  2147483647 2147483647    515568.34400   6249252.00000      9469.65194 Case1_F049_EW 19
INLINE-  2147483647 2147483647    515555.21900   6249310.50000      9163.65433 Case1_F049_EW 20
INLINE-  2147483647 2147483647    515571.59400   6249289.00000      9317.88364 Case1_F049_EW 20
INLINE-  2147483647 2147483647    515586.93800   6249269.00000      9457.86492 Case1_F049_EW 20
