INLINE-  2147483647 2147483647    517847.75000   6248063.00000      9847.69970 Case1_F119_EW 1
INLINE-  2147483647 2147483647    517821.81200   6248097.00000     10096.02019 Case1_F119_EW 1
INLINE-  2147483647 2147483647    517752.09400   6248188.00000     10529.62106 Case1_F119_EW 1
INLINE-  2147483647 2147483647    517827.81200   6248048.00000      9847.69970 Case1_F119_EW 2
INLINE-  2147483647 2147483647    517802.09400   6248081.50000     10092.52019 Case1_F119_EW 2
INLINE-  2147483647 2147483647    517732.12500   6248173.00000     10529.62106 Case1_F119_EW 2
INLINE-  2147483647 2147483647    517752.15600   6247941.00000      9687.35937 Case1_F119_EW 3
INLINE-  2147483647 2147483647    517703.56200   6248004.50000     10077.92016 Case1_F119_EW 3
INLINE-  2147483647 2147483647    517638.93800   6248089.00000     10633.62127 Case1_F119_EW 3
INLINE-  2147483647 2147483647    517707.15600   6247897.00000      9636.52927 Case1_F119_EW 4
INLINE-  2147483647 2147483647    517685.81200   6247925.00000      9823.21965 Case1_F119_EW 4
INLINE-  2147483647 2147483647    517665.96900   6247951.00000      9987.72998 Case1_F119_EW 4
INLINE-  2147483647 2147483647    517656.81200   6247860.00000      9609.88922 Case1_F119_EW 5
INLINE-  2147483647 2147483647    517627.78100   6247898.00000      9843.33969 Case1_F119_EW 5
INLINE-  2147483647 2147483647    517610.25000   6247921.00000     10004.32001 Case1_F119_EW 5
INLINE-  2147483647 2147483647    517598.78100   6247833.00000      9607.30921 Case1_F119_EW 6
INLINE-  2147483647 2147483647    517576.65600   6247862.00000      9813.35963 Case1_F119_EW 6
INLINE-  2147483647 2147483647    517559.09400   6247885.00000      9952.51991 Case1_F119_EW 6
INLINE-  2147483647 2147483647    517568.84400   6247810.50000      9607.30921 Case1_F119_EW 7
INLINE-  2147483647 2147483647    517546.93800   6247839.00000      9813.35963 Case1_F119_EW 7
INLINE-  2147483647 2147483647    517529.40600   6247862.00000      9952.51991 Case1_F119_EW 7
