INLINE-  2147483647 2147483647    512327.37500   6254999.00000      9664.68333 Case2_F014_NS 1
INLINE-  2147483647 2147483647    512382.75000   6255041.50000     10074.20115 Case2_F014_NS 1
INLINE-  2147483647 2147483647    512437.56200   6255083.50000     10361.16472 Case2_F014_NS 1
INLINE-  2147483647 2147483647    512527.12500   6255152.00000     10717.17843 Case2_F014_NS 1
INLINE-  2147483647 2147483647    512647.71900   6255244.50000     11061.94212 Case2_F014_NS 1
INLINE-  2147483647 2147483647    512255.12500   6255022.50000      9672.83535 Case2_F014_NS 2
INLINE-  2147483647 2147483647    512295.96900   6255054.00000     10021.13204 Case2_F014_NS 2
INLINE-  2147483647 2147483647    512342.09400   6255089.00000     10343.19469 Case2_F014_NS 2
INLINE-  2147483647 2147483647    512409.46900   6255141.00000     10711.20742 Case2_F014_NS 2
INLINE-  2147483647 2147483647    512529.09400   6255232.50000     11031.20706 Case2_F014_NS 2
INLINE-  2147483647 2147483647    512218.31200   6255057.50000      9682.81137 Case2_F014_NS 3
INLINE-  2147483647 2147483647    512251.68800   6255083.00000     10055.71711 Case2_F014_NS 3
INLINE-  2147483647 2147483647    512307.03100   6255125.50000     10417.13183 Case2_F014_NS 3
INLINE-  2147483647 2147483647    512382.43800   6255183.00000     10764.29953 Case2_F014_NS 3
INLINE-  2147483647 2147483647    512477.71900   6255256.00000     11090.37418 Case2_F014_NS 3
INLINE-  2147483647 2147483647    512179.15600   6255090.50000      9687.26237 Case2_F014_NS 4
INLINE-  2147483647 2147483647    512206.46900   6255111.50000     10091.82918 Case2_F014_NS 4
INLINE-  2147483647 2147483647    512223.84400   6255124.50000     10243.03249 Case2_F014_NS 4
INLINE-  2147483647 2147483647    512342.65600   6255215.50000     10741.84348 Case2_F014_NS 4
INLINE-  2147483647 2147483647    512439.59400   6255289.50000     11109.17122 Case2_F014_NS 4
INLINE-  2147483647 2147483647    512141.56200   6255109.00000      9672.41234 Case2_F014_NS 5
INLINE-  2147483647 2147483647    512168.68800   6255129.50000     10075.61215 Case2_F014_NS 5
INLINE-  2147483647 2147483647    512201.06200   6255154.50000     10243.03249 Case2_F014_NS 5
INLINE-  2147483647 2147483647    512333.18800   6255255.50000     10758.13052 Case2_F014_NS 5
INLINE-  2147483647 2147483647    512431.06200   6255330.50000     11116.72123 Case2_F014_NS 5
INLINE-  2147483647 2147483647    512088.12500   6255146.50000      9660.66432 Case2_F014_NS 6
INLINE-  2147483647 2147483647    512123.25000   6255173.50000     10037.66508 Case2_F014_NS 6
INLINE-  2147483647 2147483647    512161.15600   6255202.50000     10269.82154 Case2_F014_NS 6
INLINE-  2147483647 2147483647    512294.09400   6255304.50000     10742.31148 Case2_F014_NS 6
INLINE-  2147483647 2147483647    512405.28100   6255389.50000     11099.88720 Case2_F014_NS 6
INLINE-  2147483647 2147483647    512046.68800   6255178.00000      9653.41231 Case2_F014_NS 7
INLINE-  2147483647 2147483647    512092.87500   6255213.00000     10037.66508 Case2_F014_NS 7
INLINE-  2147483647 2147483647    512143.68800   6255252.00000     10293.21159 Case2_F014_NS 7
INLINE-  2147483647 2147483647    512252.28100   6255335.00000     10673.80235 Case2_F014_NS 7
INLINE-  2147483647 2147483647    512374.65600   6255429.00000     11030.27206 Case2_F014_NS 7
INLINE-  2147483647 2147483647    512008.71900   6255227.50000      9653.41231 Case2_F014_NS 8
INLINE-  2147483647 2147483647    512066.65600   6255272.00000     10039.12708 Case2_F014_NS 8
INLINE-  2147483647 2147483647    512177.15600   6255356.50000     10492.53599 Case2_F014_NS 8
INLINE-  2147483647 2147483647    512269.31200   6255427.00000     10802.91161 Case2_F014_NS 8
INLINE-  2147483647 2147483647    512361.90600   6255498.00000     11082.72117 Case2_F014_NS 8
INLINE-  2147483647 2147483647    512015.28100   6255295.50000      9699.58940 Case2_F014_NS 9
INLINE-  2147483647 2147483647    512070.18800   6255337.50000     10094.67019 Case2_F014_NS 9
INLINE-  2147483647 2147483647    512139.40600   6255390.50000     10453.98891 Case2_F014_NS 9
INLINE-  2147483647 2147483647    512356.00000   6255556.00000     11200.24840 Case2_F014_NS 9
INLINE-  2147483647 2147483647    511987.90600   6255337.50000      9742.00748 Case2_F014_NS 10
INLINE-  2147483647 2147483647    512033.65600   6255372.50000     10096.90319 Case2_F014_NS 10
INLINE-  2147483647 2147483647    512109.03100   6255430.00000     10453.98891 Case2_F014_NS 10
INLINE-  2147483647 2147483647    512325.62500   6255596.00000     11200.24840 Case2_F014_NS 10
