INLINE-  2147483647 2147483647    515534.68800   6250386.00000      9410.30882 Case1_F013_EW 1
INLINE-  2147483647 2147483647    515514.09400   6250413.00000      9766.63953 Case1_F013_EW 1
INLINE-  2147483647 2147483647    515485.31200   6250450.50000     10198.32040 Case1_F013_EW 1
INLINE-  2147483647 2147483647    515479.00000   6250356.00000      9457.84892 Case1_F013_EW 2
INLINE-  2147483647 2147483647    515462.96900   6250377.00000      9734.02947 Case1_F013_EW 2
INLINE-  2147483647 2147483647    515420.46900   6250432.50000     10146.62029 Case1_F013_EW 2
INLINE-  2147483647 2147483647    515406.53100   6250348.00000      9364.03873 Case1_F013_EW 3
INLINE-  2147483647 2147483647    515398.87500   6250358.00000      9738.71948 Case1_F013_EW 3
INLINE-  2147483647 2147483647    515370.87500   6250394.50000     10146.62029 Case1_F013_EW 3
INLINE-  2147483647 2147483647    515343.09400   6250328.00000      9394.35879 Case1_F013_EW 4
INLINE-  2147483647 2147483647    515336.46900   6250336.50000      9715.88843 Case1_F013_EW 4
INLINE-  2147483647 2147483647    515322.75000   6250354.50000     10041.12008 Case1_F013_EW 4
INLINE-  2147483647 2147483647    515293.56200   6250310.50000      9372.52875 Case1_F013_EW 5
INLINE-  2147483647 2147483647    515279.31200   6250329.00000      9708.11942 Case1_F013_EW 5
INLINE-  2147483647 2147483647    515257.93800   6250357.00000     10020.62004 Case1_F013_EW 5
INLINE-  2147483647 2147483647    515266.09400   6250284.50000      9329.37866 Case1_F013_EW 6
INLINE-  2147483647 2147483647    515236.59400   6250323.00000      9716.51943 Case1_F013_EW 6
INLINE-  2147483647 2147483647    515208.34400   6250360.00000      9994.68999 Case1_F013_EW 6
INLINE-  2147483647 2147483647    515240.12500   6250277.50000      9320.36864 Case1_F013_EW 7
INLINE-  2147483647 2147483647    515203.75000   6250325.00000      9694.32939 Case1_F013_EW 7
INLINE-  2147483647 2147483647    515172.68800   6250365.50000      9997.05999 Case1_F013_EW 7
