INLINE-  2147483647 2147483647    516437.68800   6248280.50000      9006.30701 Case1_F106_EW 1
INLINE-  2147483647 2147483647    516490.84400   6248211.00000      9353.54871 Case1_F106_EW 1
INLINE-  2147483647 2147483647    516552.96900   6248130.00000      9636.55927 Case1_F106_EW 1
INLINE-  2147483647 2147483647    516642.78100   6248012.50000      9851.79970 Case1_F106_EW 1
INLINE-  2147483647 2147483647    516382.00000   6248250.50000      8987.95698 Case1_F106_EW 2
INLINE-  2147483647 2147483647    516435.93800   6248180.00000      9327.22865 Case1_F106_EW 2
INLINE-  2147483647 2147483647    516503.37500   6248092.00000      9622.42924 Case1_F106_EW 2
INLINE-  2147483647 2147483647    516616.59400   6247944.00000      9878.01976 Case1_F106_EW 2
INLINE-  2147483647 2147483647    516332.37500   6248212.50000      8987.95698 Case1_F106_EW 3
INLINE-  2147483647 2147483647    516408.21900   6248113.50000      9483.61897 Case1_F106_EW 3
INLINE-  2147483647 2147483647    516469.78100   6248033.00000      9695.22939 Case1_F106_EW 3
INLINE-  2147483647 2147483647    516562.40600   6247912.00000      9891.45978 Case1_F106_EW 3
INLINE-  2147483647 2147483647    516282.78100   6248174.50000      8987.95698 Case1_F106_EW 4
INLINE-  2147483647 2147483647    516356.31200   6248078.50000      9528.23906 Case1_F106_EW 4
INLINE-  2147483647 2147483647    516491.43800   6247902.00000      9891.67978 Case1_F106_EW 4
INLINE-  2147483647 2147483647    516233.15600   6248136.50000      8987.95698 Case1_F106_EW 5
INLINE-  2147483647 2147483647    516299.09400   6248050.50000      9501.15900 Case1_F106_EW 5
INLINE-  2147483647 2147483647    516438.78100   6247868.00000      9897.37979 Case1_F106_EW 5
INLINE-  2147483647 2147483647    516183.50000   6248098.50000      8987.95698 Case1_F106_EW 6
INLINE-  2147483647 2147483647    516257.06200   6248002.50000      9528.23906 Case1_F106_EW 6
INLINE-  2147483647 2147483647    516391.40600   6247827.00000      9904.70981 Case1_F106_EW 6
