INLINE-  2147483647 2147483647    517805.50000   6245201.00000      9878.43976 Case1_F153_NS 1
INLINE-  2147483647 2147483647    517755.15600   6245162.50000     10025.12005 Case1_F153_NS 1
INLINE-  2147483647 2147483647    517597.34400   6245042.00000     10464.12093 Case1_F153_NS 1
INLINE-  2147483647 2147483647    517427.09400   6244911.50000     10707.32141 Case1_F153_NS 1
INLINE-  2147483647 2147483647    517779.43800   6245307.00000      9727.58946 Case1_F153_NS 2
INLINE-  2147483647 2147483647    517694.50000   6245242.00000     10025.12005 Case1_F153_NS 2
INLINE-  2147483647 2147483647    517536.43800   6245121.00000     10464.12093 Case1_F153_NS 2
INLINE-  2147483647 2147483647    517371.81200   6244995.00000     10761.02152 Case1_F153_NS 2
INLINE-  2147483647 2147483647    517679.71900   6245372.50000      9764.04953 Case1_F153_NS 3
INLINE-  2147483647 2147483647    517601.37500   6245312.50000     10024.62005 Case1_F153_NS 3
INLINE-  2147483647 2147483647    517457.56200   6245202.50000     10455.42091 Case1_F153_NS 3
INLINE-  2147483647 2147483647    517303.43800   6245084.50000     10761.02152 Case1_F153_NS 3
INLINE-  2147483647 2147483647    517595.96900   6245450.00000      9753.08951 Case1_F153_NS 4
INLINE-  2147483647 2147483647    517523.90600   6245395.00000     10024.12005 Case1_F153_NS 4
INLINE-  2147483647 2147483647    517389.25000   6245292.00000     10455.42091 Case1_F153_NS 4
INLINE-  2147483647 2147483647    517235.12500   6245174.00000     10761.02152 Case1_F153_NS 4
INLINE-  2147483647 2147483647    517551.87500   6245573.50000      9491.13898 Case1_F153_NS 5
INLINE-  2147483647 2147483647    517426.18800   6245477.50000     10042.32008 Case1_F153_NS 5
INLINE-  2147483647 2147483647    517250.46900   6245343.00000     10496.42099 Case1_F153_NS 5
INLINE-  2147483647 2147483647    517080.78100   6245213.00000     10821.32064 Case1_F153_NS 5
INLINE-  2147483647 2147483647    517462.43800   6245647.00000      9449.93890 Case1_F153_NS 6
INLINE-  2147483647 2147483647    517297.90600   6245521.00000     10035.92007 Case1_F153_NS 6
INLINE-  2147483647 2147483647    517089.37500   6245361.50000     10549.92110 Case1_F153_NS 6
INLINE-  2147483647 2147483647    516891.12500   6245209.50000     10910.92182 Case1_F153_NS 6
INLINE-  2147483647 2147483647    517339.71900   6245710.50000      9487.15797 Case1_F153_NS 7
INLINE-  2147483647 2147483647    517146.34400   6245562.50000     10129.32026 Case1_F153_NS 7
INLINE-  2147483647 2147483647    516950.06200   6245412.00000     10573.32115 Case1_F153_NS 7
INLINE-  2147483647 2147483647    516714.59400   6245232.00000     10978.12196 Case1_F153_NS 7
INLINE-  2147483647 2147483647    517270.12500   6245814.50000      9447.92890 Case1_F153_NS 8
INLINE-  2147483647 2147483647    517034.40600   6245634.00000     10112.52023 Case1_F153_NS 8
INLINE-  2147483647 2147483647    516799.21900   6245454.00000     10616.42123 Case1_F153_NS 8
INLINE-  2147483647 2147483647    516620.96900   6245317.50000     10938.12188 Case1_F153_NS 8
INLINE-  2147483647 2147483647    517166.96900   6245861.50000      9364.05873 Case1_F153_NS 9
INLINE-  2147483647 2147483647    517018.87500   6245748.00000      9848.95970 Case1_F153_NS 9
INLINE-  2147483647 2147483647    516860.06200   6245626.50000     10223.22045 Case1_F153_NS 9
INLINE-  2147483647 2147483647    516669.93800   6245481.00000     10576.62115 Case1_F153_NS 9
INLINE-  2147483647 2147483647    517074.93800   6245901.00000      9299.32860 Case1_F153_NS 10
INLINE-  2147483647 2147483647    516923.21900   6245785.00000      9833.03967 Case1_F153_NS 10
INLINE-  2147483647 2147483647    516713.03100   6245624.00000     10324.02065 Case1_F153_NS 10
