INLINE-  2147483647 2147483647    513745.62500   6252496.50000      9006.39790 Case2_F108_NS 1
INLINE-  2147483647 2147483647    513732.81250   6252486.50000      9100.29847 Case2_F108_NS 1
INLINE-  2147483647 2147483647    513723.59375   6252479.50000      9199.55844 Case2_F108_NS 1
INLINE-  2147483647 2147483647    513647.75000   6252421.50000      9641.07885 Case2_F108_NS 1
INLINE-  2147483647 2147483647    513779.43750   6252443.50000      9022.81785 Case2_F108_NS 2
INLINE-  2147483647 2147483647    513773.18750   6252439.00000      9069.99861 Case2_F108_NS 2
INLINE-  2147483647 2147483647    513760.46875   6252429.00000      9191.26838 Case2_F108_NS 2
INLINE-  2147483647 2147483647    513695.34375   6252379.50000      9652.93923 Case2_F108_NS 2
INLINE-  2147483647 2147483647    513815.90625   6252393.00000      9033.03760 Case2_F108_NS 3
INLINE-  2147483647 2147483647    513811.84375   6252390.00000      9083.12852 Case2_F108_NS 3
INLINE-  2147483647 2147483647    513798.43750   6252379.50000      9191.26838 Case2_F108_NS 3
INLINE-  2147483647 2147483647    513732.93750   6252329.50000      9680.63948 Case2_F108_NS 3
INLINE-  2147483647 2147483647    513643.59375   6252261.00000     10414.62044 Case2_F108_NS 3
INLINE-  2147483647 2147483647    513856.56250   6252345.50000      9026.06786 Case2_F108_NS 4
INLINE-  2147483647 2147483647    513847.43750   6252338.50000      9103.67836 Case2_F108_NS 4
INLINE-  2147483647 2147483647    513813.90625   6252312.50000      9376.65840 Case2_F108_NS 4
INLINE-  2147483647 2147483647    513780.03125   6252287.00000      9675.49982 Case2_F108_NS 4
INLINE-  2147483647 2147483647    513694.18750   6252221.00000     10358.82052 Case2_F108_NS 4
INLINE-  2147483647 2147483647    513894.56250   6252296.00000      8996.17815 Case2_F108_NS 5
INLINE-  2147483647 2147483647    513886.71875   6252290.00000      9032.56787 Case2_F108_NS 5
INLINE-  2147483647 2147483647    513869.34375   6252276.50000      9230.01846 Case2_F108_NS 5
INLINE-  2147483647 2147483647    513828.15625   6252245.00000      9600.63932 Case2_F108_NS 5
INLINE-  2147483647 2147483647    513743.75000   6252180.50000     10339.52068 Case2_F108_NS 5
INLINE-  2147483647 2147483647    513932.43750   6252246.00000      8937.95831 Case2_F108_NS 6
INLINE-  2147483647 2147483647    513928.25000   6252243.00000      9028.27782 Case2_F108_NS 6
INLINE-  2147483647 2147483647    513918.03125   6252235.00000      9206.82798 Case2_F108_NS 6
INLINE-  2147483647 2147483647    513868.68750   6252197.50000      9611.38934 Case2_F108_NS 6
INLINE-  2147483647 2147483647    513836.75000   6252173.00000      9909.52958 Case2_F108_NS 6
INLINE-  2147483647 2147483647    513795.53125   6252141.50000     10316.22083 Case2_F108_NS 6
INLINE-  2147483647 2147483647    513978.65625   6252203.00000      8910.84790 Case2_F108_NS 7
INLINE-  2147483647 2147483647    513966.43750   6252193.50000      9100.92836 Case2_F108_NS 7
INLINE-  2147483647 2147483647    513936.65625   6252170.50000      9399.25903 Case2_F108_NS 7
INLINE-  2147483647 2147483647    513911.34375   6252151.00000      9604.90886 Case2_F108_NS 7
INLINE-  2147483647 2147483647    513876.09375   6252124.50000      9875.84983 Case2_F108_NS 7
INLINE-  2147483647 2147483647    513826.06250   6252086.00000     10329.42105 Case2_F108_NS 7
INLINE-  2147483647 2147483647    514032.31250   6252165.00000      8871.74821 Case2_F108_NS 8
INLINE-  2147483647 2147483647    514020.18750   6252156.00000      8969.15759 Case2_F108_NS 8
INLINE-  2147483647 2147483647    513966.18750   6252114.50000      9481.07853 Case2_F108_NS 8
INLINE-  2147483647 2147483647    513937.50000   6252092.50000      9684.66976 Case2_F108_NS 8
INLINE-  2147483647 2147483647    513918.65625   6252078.00000      9835.15932 Case2_F108_NS 8
INLINE-  2147483647 2147483647    513852.34375   6252027.50000     10336.92106 Case2_F108_NS 8
INLINE-  2147483647 2147483647    514068.00000   6252114.00000      8830.15731 Case2_F108_NS 9
INLINE-  2147483647 2147483647    514048.84375   6252099.00000      9026.73778 Case2_F108_NS 9
INLINE-  2147483647 2147483647    514015.28125   6252073.50000      9344.44838 Case2_F108_NS 9
INLINE-  2147483647 2147483647    513984.31250   6252049.50000      9590.00941 Case2_F108_NS 9
INLINE-  2147483647 2147483647    513951.06250   6252024.50000      9796.19928 Case2_F108_NS 9
INLINE-  2147483647 2147483647    513879.59375   6251969.50000     10347.22089 Case2_F108_NS 9
INLINE-  2147483647 2147483647    514094.65625   6252055.50000      8816.64752 Case2_F108_NS 10
INLINE-  2147483647 2147483647    514080.75000   6252045.00000      9018.82761 Case2_F108_NS 10
INLINE-  2147483647 2147483647    514053.28125   6252024.00000      9344.44838 Case2_F108_NS 10
INLINE-  2147483647 2147483647    514005.53125   6251987.50000      9677.30939 Case2_F108_NS 10
INLINE-  2147483647 2147483647    513972.56250   6251962.00000      9907.88017 Case2_F108_NS 10
INLINE-  2147483647 2147483647    513910.12500   6251914.50000     10354.42110 Case2_F108_NS 10
INLINE-  2147483647 2147483647    514131.84375   6252005.00000      8825.93757 Case2_F108_NS 11
INLINE-  2147483647 2147483647    514126.00000   6252001.00000      8999.41839 Case2_F108_NS 11
INLINE-  2147483647 2147483647    514091.25000   6251974.00000      9344.44838 Case2_F108_NS 11
INLINE-  2147483647 2147483647    514060.65625   6251951.00000      9561.47908 Case2_F108_NS 11
INLINE-  2147483647 2147483647    514014.81250   6251915.50000      9870.97970 Case2_F108_NS 11
INLINE-  2147483647 2147483647    513950.96875   6251867.00000     10292.12019 Case2_F108_NS 11
INLINE-  2147483647 2147483647    514167.84375   6251954.00000      8910.91821 Case2_F108_NS 12
INLINE-  2147483647 2147483647    514149.56250   6251940.00000      9094.66858 Case2_F108_NS 12
INLINE-  2147483647 2147483647    514111.84375   6251911.50000      9403.22877 Case2_F108_NS 12
INLINE-  2147483647 2147483647    514088.62500   6251893.50000      9555.08942 Case2_F108_NS 12
INLINE-  2147483647 2147483647    514029.75000   6251848.50000      9948.69958 Case2_F108_NS 12
INLINE-  2147483647 2147483647    514194.40625   6251895.50000      9025.39793 Case2_F108_NS 13
INLINE-  2147483647 2147483647    514147.65625   6251860.00000      9357.97868 Case2_F108_NS 13
INLINE-  2147483647 2147483647    514101.28125   6251824.50000      9646.94898 Case2_F108_NS 13
