INLINE-  2147483647 2147483647    515516.03100   6250971.50000      9331.39466 Case2_F128_NS 1
INLINE-  2147483647 2147483647    515532.03100   6250983.50000      9667.26133 Case2_F128_NS 1
INLINE-  2147483647 2147483647    515546.93800   6250995.00000     10045.90209 Case2_F128_NS 1
INLINE-  2147483647 2147483647    515581.40600   6251021.50000     10347.45869 Case2_F128_NS 1
INLINE-  2147483647 2147483647    515618.62500   6251050.00000     10664.64633 Case2_F128_NS 1
INLINE-  2147483647 2147483647    515481.75000   6251024.00000      9336.41967 Case2_F128_NS 2
INLINE-  2147483647 2147483647    515493.43800   6251033.00000      9669.47834 Case2_F128_NS 2
INLINE-  2147483647 2147483647    515508.56200   6251044.50000     10002.02100 Case2_F128_NS 2
INLINE-  2147483647 2147483647    515541.65600   6251070.00000     10329.11466 Case2_F128_NS 2
INLINE-  2147483647 2147483647    515579.00000   6251098.50000     10654.44931 Case2_F128_NS 2
INLINE-  2147483647 2147483647    515440.06200   6251070.50000      9331.39466 Case2_F128_NS 3
INLINE-  2147483647 2147483647    515449.40600   6251078.00000      9629.39026 Case2_F128_NS 3
INLINE-  2147483647 2147483647    515472.90600   6251096.00000     10029.24106 Case2_F128_NS 3
INLINE-  2147483647 2147483647    515505.46900   6251121.00000     10347.45869 Case2_F128_NS 3
INLINE-  2147483647 2147483647    515542.65600   6251149.50000     10664.64633 Case2_F128_NS 3
INLINE-  2147483647 2147483647    515372.68800   6251113.50000      9302.05360 Case2_F128_NS 4
INLINE-  2147483647 2147483647    515392.62500   6251129.00000      9661.81632 Case2_F128_NS 4
INLINE-  2147483647 2147483647    515422.06200   6251151.50000     10018.95004 Case2_F128_NS 4
INLINE-  2147483647 2147483647    515461.21900   6251181.50000     10372.36474 Case2_F128_NS 4
INLINE-  2147483647 2147483647    515506.59400   6251216.00000     10722.74245 Case2_F128_NS 4
INLINE-  2147483647 2147483647    515304.15600   6251155.50000      9270.65154 Case2_F128_NS 5
INLINE-  2147483647 2147483647    515333.15600   6251178.00000      9655.70631 Case2_F128_NS 5
INLINE-  2147483647 2147483647    515372.37500   6251208.00000     10037.07307 Case2_F128_NS 5
INLINE-  2147483647 2147483647    515418.53100   6251243.00000     10415.17883 Case2_F128_NS 5
INLINE-  2147483647 2147483647    515471.75000   6251284.00000     10789.51358 Case2_F128_NS 5
INLINE-  2147483647 2147483647    515266.06200   6251189.50000      9257.52152 Case2_F128_NS 6
INLINE-  2147483647 2147483647    515296.31200   6251212.50000      9662.11432 Case2_F128_NS 6
INLINE-  2147483647 2147483647    515339.06200   6251245.00000     10062.13112 Case2_F128_NS 6
INLINE-  2147483647 2147483647    515390.62500   6251284.50000     10457.86692 Case2_F128_NS 6
INLINE-  2147483647 2147483647    515450.03100   6251330.00000     10849.13170 Case2_F128_NS 6
INLINE-  2147483647 2147483647    515234.81200   6251212.50000      9243.51049 Case2_F128_NS 7
INLINE-  2147483647 2147483647    515260.84400   6251232.50000      9599.66020 Case2_F128_NS 7
INLINE-  2147483647 2147483647    515308.68800   6251269.00000     10053.83011 Case2_F128_NS 7
INLINE-  2147483647 2147483647    515352.03100   6251302.50000     10388.52378 Case2_F128_NS 7
INLINE-  2147483647 2147483647    515430.12500   6251362.00000     10896.19779 Case2_F128_NS 7
INLINE-  2147483647 2147483647    515191.00000   6251242.00000      9222.86445 Case2_F128_NS 8
INLINE-  2147483647 2147483647    515227.62500   6251270.00000      9639.35928 Case2_F128_NS 8
INLINE-  2147483647 2147483647    515268.18800   6251301.00000     10054.14911 Case2_F128_NS 8
INLINE-  2147483647 2147483647    515321.00000   6251341.50000     10463.53693 Case2_F128_NS 8
INLINE-  2147483647 2147483647    515377.75000   6251385.00000     10870.69974 Case2_F128_NS 8
INLINE-  2147483647 2147483647    515160.15600   6251281.50000      9222.26244 Case2_F128_NS 9
INLINE-  2147483647 2147483647    515190.28100   6251304.50000      9569.17514 Case2_F128_NS 9
INLINE-  2147483647 2147483647    515224.50000   6251330.50000     10015.60603 Case2_F128_NS 9
INLINE-  2147483647 2147483647    515270.90600   6251366.00000     10392.99979 Case2_F128_NS 9
INLINE-  2147483647 2147483647    515325.12500   6251407.50000     10829.89666 Case2_F128_NS 9
INLINE-  2147483647 2147483647    515125.90600   6251318.00000      9221.54644 Case2_F128_NS 10
INLINE-  2147483647 2147483647    515159.68800   6251344.00000      9626.34125 Case2_F128_NS 10
INLINE-  2147483647 2147483647    515194.21900   6251370.50000     10030.81706 Case2_F128_NS 10
INLINE-  2147483647 2147483647    515244.59400   6251409.00000     10428.57586 Case2_F128_NS 10
INLINE-  2147483647 2147483647    515293.62500   6251446.50000     10826.98465 Case2_F128_NS 10
INLINE-  2147483647 2147483647    515092.03100   6251355.00000      9220.98444 Case2_F128_NS 11
INLINE-  2147483647 2147483647    515120.53100   6251377.00000      9572.61315 Case2_F128_NS 11
INLINE-  2147483647 2147483647    515162.46900   6251409.00000     10016.88903 Case2_F128_NS 11
INLINE-  2147483647 2147483647    515210.15600   6251445.50000     10392.99979 Case2_F128_NS 11
INLINE-  2147483647 2147483647    515264.37500   6251487.00000     10829.89666 Case2_F128_NS 11
INLINE-  2147483647 2147483647    515061.34400   6251394.50000      9220.93644 Case2_F128_NS 12
INLINE-  2147483647 2147483647    515094.56200   6251420.00000      9625.85325 Case2_F128_NS 12
INLINE-  2147483647 2147483647    515133.31200   6251449.50000     10028.76006 Case2_F128_NS 12
INLINE-  2147483647 2147483647    515179.84400   6251485.50000     10428.28286 Case2_F128_NS 12
INLINE-  2147483647 2147483647    515228.31200   6251522.50000     10826.90365 Case2_F128_NS 12
INLINE-  2147483647 2147483647    515031.25000   6251434.50000      9220.98444 Case2_F128_NS 13
INLINE-  2147483647 2147483647    515059.78100   6251456.50000      9572.61315 Case2_F128_NS 13
INLINE-  2147483647 2147483647    515101.68800   6251488.50000     10016.88903 Case2_F128_NS 13
INLINE-  2147483647 2147483647    515140.78100   6251518.50000     10387.57378 Case2_F128_NS 13
INLINE-  2147483647 2147483647    515192.59400   6251558.00000     10823.72565 Case2_F128_NS 13
INLINE-  2147483647 2147483647    514994.59400   6251485.00000      9222.79445 Case2_F128_NS 14
INLINE-  2147483647 2147483647    515027.28100   6251510.00000      9625.74425 Case2_F128_NS 14
INLINE-  2147483647 2147483647    515065.37500   6251539.50000     10026.77205 Case2_F128_NS 14
INLINE-  2147483647 2147483647    515106.84400   6251571.00000     10426.43085 Case2_F128_NS 14
INLINE-  2147483647 2147483647    515154.15600   6251607.50000     10823.45165 Case2_F128_NS 14
INLINE-  2147483647 2147483647    514962.90600   6251524.00000      9220.98444 Case2_F128_NS 15
INLINE-  2147483647 2147483647    514991.40600   6251545.50000      9572.61315 Case2_F128_NS 15
INLINE-  2147483647 2147483647    515033.31200   6251578.00000     10010.14202 Case2_F128_NS 15
INLINE-  2147483647 2147483647    515072.40600   6251607.50000     10387.57378 Case2_F128_NS 15
INLINE-  2147483647 2147483647    515124.21900   6251647.50000     10823.72565 Case2_F128_NS 15
INLINE-  2147483647 2147483647    514934.28100   6251580.50000      9131.63626 Case2_F128_NS 16
INLINE-  2147483647 2147483647    514953.31200   6251595.00000      9613.99323 Case2_F128_NS 16
INLINE-  2147483647 2147483647    514995.46900   6251627.50000     10018.50304 Case2_F128_NS 16
INLINE-  2147483647 2147483647    515040.62500   6251662.00000     10421.70184 Case2_F128_NS 16
INLINE-  2147483647 2147483647    515088.46900   6251698.50000     10823.66065 Case2_F128_NS 16
INLINE-  2147483647 2147483647    514888.37500   6251624.00000      9154.36031 Case2_F128_NS 17
INLINE-  2147483647 2147483647    514908.75000   6251640.00000      9577.57416 Case2_F128_NS 17
INLINE-  2147483647 2147483647    514945.65600   6251668.00000      9996.26799 Case2_F128_NS 17
INLINE-  2147483647 2147483647    514994.09400   6251705.00000     10410.30882 Case2_F128_NS 17
INLINE-  2147483647 2147483647    515043.37500   6251743.00000     10823.93165 Case2_F128_NS 17
INLINE-  2147483647 2147483647    514842.15600   6251667.50000      9183.46837 Case2_F128_NS 18
INLINE-  2147483647 2147483647    514865.46900   6251685.50000      9578.57816 Case2_F128_NS 18
INLINE-  2147483647 2147483647    514895.59400   6251708.50000      9997.76700 Case2_F128_NS 18
INLINE-  2147483647 2147483647    514945.43800   6251746.50000     10410.96482 Case2_F128_NS 18
INLINE-  2147483647 2147483647    514994.93800   6251784.50000     10824.33865 Case2_F128_NS 18
INLINE-  2147483647 2147483647    514811.65600   6251723.00000      9131.08226 Case2_F128_NS 19
INLINE-  2147483647 2147483647    514815.43800   6251726.00000      9560.66412 Case2_F128_NS 19
INLINE-  2147483647 2147483647    514836.93800   6251742.50000      9988.82898 Case2_F128_NS 19
INLINE-  2147483647 2147483647    514887.87500   6251781.00000     10406.85081 Case2_F128_NS 19
INLINE-  2147483647 2147483647    514938.31200   6251820.00000     10825.11965 Case2_F128_NS 19
INLINE-  2147483647 2147483647    514779.87500   6251761.50000      9078.07116 Case2_F128_NS 20
INLINE-  2147483647 2147483647    514768.87500   6251753.00000      9479.70696 Case2_F128_NS 20
INLINE-  2147483647 2147483647    514785.75000   6251766.00000      9974.63995 Case2_F128_NS 20
INLINE-  2147483647 2147483647    514837.21900   6251805.50000     10400.32580 Case2_F128_NS 20
INLINE-  2147483647 2147483647    514888.78100   6251845.00000     10825.97065 Case2_F128_NS 20
INLINE-  2147483647 2147483647    514702.37500   6251828.00000      9107.33521 Case2_F128_NS 21
INLINE-  2147483647 2147483647    514690.15600   6251819.00000      9544.66309 Case2_F128_NS 21
INLINE-  2147483647 2147483647    514703.84400   6251829.00000      9981.92796 Case2_F128_NS 21
INLINE-  2147483647 2147483647    514750.78100   6251865.00000     10409.74682 Case2_F128_NS 21
INLINE-  2147483647 2147483647    514798.75000   6251902.00000     10837.06867 Case2_F128_NS 21
INLINE-  2147483647 2147483647    514629.90600   6251883.00000      9151.46730 Case2_F128_NS 22
INLINE-  2147483647 2147483647    514620.43800   6251875.50000      9477.60296 Case2_F128_NS 22
INLINE-  2147483647 2147483647    514632.53100   6251885.00000      9961.08092 Case2_F128_NS 22
INLINE-  2147483647 2147483647    514675.71900   6251918.00000     10419.64984 Case2_F128_NS 22
INLINE-  2147483647 2147483647    514718.68800   6251951.00000     10830.62066 Case2_F128_NS 22
INLINE-  2147483647 2147483647    514572.71900   6251917.50000      9180.70436 Case2_F128_NS 23
INLINE-  2147483647 2147483647    514574.84400   6251919.50000      9526.12105 Case2_F128_NS 23
INLINE-  2147483647 2147483647    514595.37500   6251935.00000      9915.45383 Case2_F128_NS 23
INLINE-  2147483647 2147483647    514626.03100   6251958.50000     10329.43066 Case2_F128_NS 23
INLINE-  2147483647 2147483647    514670.40600   6251992.50000     10737.42147 Case2_F128_NS 23
INLINE-  2147483647 2147483647    514527.46900   6251962.00000      9189.53838 Case2_F128_NS 24
INLINE-  2147483647 2147483647    514538.09400   6251970.00000      9468.01894 Case2_F128_NS 24
INLINE-  2147483647 2147483647    514557.59400   6251985.00000      9957.95392 Case2_F128_NS 24
INLINE-  2147483647 2147483647    514591.93800   6252011.00000     10390.00978 Case2_F128_NS 24
INLINE-  2147483647 2147483647    514625.03100   6252036.50000     10642.88529 Case2_F128_NS 24
