INLINE-  2147483647 2147483647    514572.03125   6249021.50000      8888.82735 Case1_F034_NS 1
INLINE-  2147483647 2147483647    514511.37500   6248975.00000      9184.30841 Case1_F034_NS 1
INLINE-  2147483647 2147483647    514526.37500   6249081.00000      8888.82735 Case1_F034_NS 2
INLINE-  2147483647 2147483647    514448.43750   6249021.50000      9193.87874 Case1_F034_NS 2
INLINE-  2147483647 2147483647    514362.96875   6248956.00000      9397.46899 Case1_F034_NS 2
INLINE-  2147483647 2147483647    514481.34375   6249125.50000      8941.29816 Case1_F034_NS 3
INLINE-  2147483647 2147483647    514410.37500   6249071.00000      9193.87874 Case1_F034_NS 3
INLINE-  2147483647 2147483647    514323.59375   6249004.50000      9377.84883 Case1_F034_NS 3
INLINE-  2147483647 2147483647    514430.96875   6249165.50000      8973.43787 Case1_F034_NS 4
INLINE-  2147483647 2147483647    514413.78125   6249152.50000      9035.22803 Case1_F034_NS 4
INLINE-  2147483647 2147483647    514372.18750   6249120.50000      9175.62870 Case1_F034_NS 4
INLINE-  2147483647 2147483647    514285.53125   6249054.00000      9377.84883 Case1_F034_NS 4
INLINE-  2147483647 2147483647    514386.93750   6249210.50000      8994.29826 Case1_F034_NS 5
INLINE-  2147483647 2147483647    514331.43750   6249168.00000      9144.57786 Case1_F034_NS 5
INLINE-  2147483647 2147483647    514235.65625   6249094.50000      9358.86833 Case1_F034_NS 5
INLINE-  2147483647 2147483647    514306.06250   6249227.00000      9031.00830 Case1_F034_NS 6
INLINE-  2147483647 2147483647    514281.06250   6249208.00000      9127.80829 Case1_F034_NS 6
INLINE-  2147483647 2147483647    514172.65625   6249125.00000      9399.10864 Case1_F034_NS 6
INLINE-  2147483647 2147483647    514263.12500   6249273.00000      9039.43800 Case1_F034_NS 7
INLINE-  2147483647 2147483647    514218.75000   6249239.00000      9186.60822 Case1_F034_NS 7
INLINE-  2147483647 2147483647    514108.75000   6249155.00000      9444.84897 Case1_F034_NS 7
INLINE-  2147483647 2147483647    514213.12500   6249313.50000      9052.64799 Case1_F034_NS 8
INLINE-  2147483647 2147483647    514192.00000   6249297.50000      9120.43816 Case1_F034_NS 8
INLINE-  2147483647 2147483647    514140.78125   6249258.00000      9277.78809 Case1_F034_NS 8
INLINE-  2147483647 2147483647    514047.15625   6249186.50000      9474.51895 Case1_F034_NS 8
INLINE-  2147483647 2147483647    514164.75000   6249355.00000      9064.39801 Case1_F034_NS 9
INLINE-  2147483647 2147483647    514135.93750   6249333.00000      9166.55837 Case1_F034_NS 9
INLINE-  2147483647 2147483647    513987.03125   6249219.00000      9530.77883 Case1_F034_NS 9
INLINE-  2147483647 2147483647    513917.65625   6249166.00000      9606.47917 Case1_F034_NS 9
INLINE-  2147483647 2147483647    514128.59375   6249390.50000      9099.43812 Case1_F034_NS 10
INLINE-  2147483647 2147483647    514099.50000   6249368.00000      9208.64830 Case1_F034_NS 10
INLINE-  2147483647 2147483647    513970.56250   6249269.50000      9487.18890 Case1_F034_NS 10
INLINE-  2147483647 2147483647    513826.03125   6249159.00000      9672.09942 Case1_F034_NS 10
