INLINE-  2147483647 2147483647    513876.09400   6248457.50000      9465.01893 Case1_F039_NS 1
INLINE-  2147483647 2147483647    513812.12500   6248408.50000     10198.52040 Case1_F039_NS 1
INLINE-  2147483647 2147483647    513739.59400   6248353.00000     10907.72182 Case1_F039_NS 1
INLINE-  2147483647 2147483647    513766.87500   6248531.50000      9468.22894 Case1_F039_NS 2
INLINE-  2147483647 2147483647    513720.50000   6248496.00000     10200.82040 Case1_F039_NS 2
INLINE-  2147483647 2147483647    513651.96900   6248443.50000     10847.72170 Case1_F039_NS 2
INLINE-  2147483647 2147483647    513713.28100   6248569.00000      9511.30802 Case1_F039_NS 3
INLINE-  2147483647 2147483647    513662.34400   6248530.00000     10158.81932 Case1_F039_NS 3
INLINE-  2147483647 2147483647    513610.53100   6248490.50000     10824.42165 Case1_F039_NS 3
INLINE-  2147483647 2147483647    513682.12500   6248624.00000      9557.76912 Case1_F039_NS 4
INLINE-  2147483647 2147483647    513592.87500   6248555.50000     10804.02161 Case1_F039_NS 4
INLINE-  2147483647 2147483647    513633.12500   6248665.00000      9677.61936 Case1_F039_NS 5
INLINE-  2147483647 2147483647    513597.37500   6248637.50000     10192.82039 Case1_F039_NS 5
INLINE-  2147483647 2147483647    513561.93800   6248610.50000     10708.02142 Case1_F039_NS 5
INLINE-  2147483647 2147483647    513587.34400   6248708.50000      9987.32997 Case1_F039_NS 6
INLINE-  2147483647 2147483647    513517.31200   6248655.00000     10732.02146 Case1_F039_NS 6
