INLINE-  2147483647 2147483647    516046.71900   6246436.00000      8745.63649 Case1_F126_NS 1
INLINE-  2147483647 2147483647    516086.65600   6246466.50000      8821.35164 Case1_F126_NS 1
INLINE-  2147483647 2147483647    516142.84400   6246509.50000      8887.14477 Case1_F126_NS 1
INLINE-  2147483647 2147483647    516231.75000   6246577.50000      8968.66394 Case1_F126_NS 1
INLINE-  2147483647 2147483647    516024.46900   6246466.50000      8747.50550 Case1_F126_NS 2
INLINE-  2147483647 2147483647    516081.68800   6246510.00000      8835.13467 Case1_F126_NS 2
INLINE-  2147483647 2147483647    516143.87500   6246557.50000      8907.70682 Case1_F126_NS 2
INLINE-  2147483647 2147483647    516209.12500   6246607.50000      8968.96294 Case1_F126_NS 2
INLINE-  2147483647 2147483647    516008.71900   6246486.00000      8745.63649 Case1_F126_NS 3
INLINE-  2147483647 2147483647    516048.59400   6246516.50000      8800.89660 Case1_F126_NS 3
INLINE-  2147483647 2147483647    516098.25000   6246554.50000      8872.50575 Case1_F126_NS 3
INLINE-  2147483647 2147483647    516193.78100   6246627.50000      8968.66394 Case1_F126_NS 3
INLINE-  2147483647 2147483647    515989.40600   6246502.50000      8731.58946 Case1_F126_NS 4
INLINE-  2147483647 2147483647    516047.03100   6246546.50000      8825.58565 Case1_F126_NS 4
INLINE-  2147483647 2147483647    516109.40600   6246594.50000      8906.37181 Case1_F126_NS 4
INLINE-  2147483647 2147483647    516177.40600   6246646.50000      8966.41993 Case1_F126_NS 4
INLINE-  2147483647 2147483647    515975.84400   6246508.00000      8711.33542 Case1_F126_NS 5
INLINE-  2147483647 2147483647    516030.81200   6246550.00000      8820.92964 Case1_F126_NS 5
INLINE-  2147483647 2147483647    516095.03100   6246599.00000      8907.57682 Case1_F126_NS 5
INLINE-  2147483647 2147483647    516168.00000   6246655.00000      8962.32292 Case1_F126_NS 5
INLINE-  2147483647 2147483647    515949.15600   6246519.00000      8673.32035 Case1_F126_NS 6
INLINE-  2147483647 2147483647    515977.03100   6246540.00000      8760.08452 Case1_F126_NS 6
INLINE-  2147483647 2147483647    516042.50000   6246590.50000      8882.94277 Case1_F126_NS 6
INLINE-  2147483647 2147483647    516149.37500   6246672.00000      8952.12290 Case1_F126_NS 6
INLINE-  2147483647 2147483647    515932.18800   6246537.50000      8671.89234 Case1_F126_NS 7
INLINE-  2147483647 2147483647    515983.68800   6246576.50000      8802.91761 Case1_F126_NS 7
INLINE-  2147483647 2147483647    516053.50000   6246630.00000      8889.16378 Case1_F126_NS 7
INLINE-  2147483647 2147483647    516133.62500   6246691.50000      8934.91087 Case1_F126_NS 7
INLINE-  2147483647 2147483647    515911.62500   6246569.00000      8677.44335 Case1_F126_NS 8
INLINE-  2147483647 2147483647    515983.68800   6246624.00000      8819.91064 Case1_F126_NS 8
INLINE-  2147483647 2147483647    516112.56200   6246722.50000      8917.44383 Case1_F126_NS 8
INLINE-  2147483647 2147483647    515904.90600   6246595.00000      8668.02334 Case1_F126_NS 9
INLINE-  2147483647 2147483647    515992.09400   6246662.00000      8831.58566 Case1_F126_NS 9
INLINE-  2147483647 2147483647    516104.87500   6246748.00000      8914.54483 Case1_F126_NS 9
INLINE-  2147483647 2147483647    515902.50000   6246625.00000      8654.93631 Case1_F126_NS 10
INLINE-  2147483647 2147483647    515970.40600   6246676.50000      8805.76361 Case1_F126_NS 10
INLINE-  2147483647 2147483647    516098.25000   6246774.50000      8915.50983 Case1_F126_NS 10
INLINE-  2147483647 2147483647    515914.00000   6246665.00000      8636.70527 Case1_F126_NS 11
INLINE-  2147483647 2147483647    515977.87500   6246714.00000      8802.40760 Case1_F126_NS 11
INLINE-  2147483647 2147483647    516084.53100   6246795.50000      8915.33183 Case1_F126_NS 11
INLINE-  2147483647 2147483647    515942.71900   6246703.00000      8621.32924 Case1_F126_NS 12
INLINE-  2147483647 2147483647    515991.25000   6246740.00000      8795.34659 Case1_F126_NS 12
INLINE-  2147483647 2147483647    516076.31200   6246805.00000      8915.40883 Case1_F126_NS 12
INLINE-  2147483647 2147483647    515943.87500   6246719.50000      8620.23224 Case1_F126_NS 13
INLINE-  2147483647 2147483647    515995.12500   6246758.50000      8787.03657 Case1_F126_NS 13
INLINE-  2147483647 2147483647    516067.87500   6246814.50000      8915.50983 Case1_F126_NS 13
INLINE-  2147483647 2147483647    515932.62500   6246742.50000      8577.86116 Case1_F126_NS 14
INLINE-  2147483647 2147483647    515978.28100   6246777.00000      8767.38053 Case1_F126_NS 14
INLINE-  2147483647 2147483647    516052.40600   6246834.00000      8915.53983 Case1_F126_NS 14
INLINE-  2147483647 2147483647    515909.84400   6246772.00000      8577.85616 Case1_F126_NS 15
INLINE-  2147483647 2147483647    515955.31200   6246807.00000      8767.84154 Case1_F126_NS 15
INLINE-  2147483647 2147483647    516029.65600   6246863.50000      8915.53783 Case1_F126_NS 15
INLINE-  2147483647 2147483647    515885.12500   6246800.50000      8580.17316 Case1_F126_NS 16
INLINE-  2147483647 2147483647    515931.53100   6246836.00000      8769.40554 Case1_F126_NS 16
INLINE-  2147483647 2147483647    516006.93800   6246893.50000      8915.52883 Case1_F126_NS 16
INLINE-  2147483647 2147483647    515865.68800   6246817.00000      8585.27017 Case1_F126_NS 17
INLINE-  2147483647 2147483647    515919.15600   6246858.00000      8787.03657 Case1_F126_NS 17
INLINE-  2147483647 2147483647    515991.90600   6246913.50000      8915.50983 Case1_F126_NS 17
