INLINE-  2147483647 2147483647    517047.37500   6246415.00000      9013.00826 Case1_F123_NS 1
INLINE-  2147483647 2147483647    517046.87500   6246414.50000      9103.47817 Case1_F123_NS 1
INLINE-  2147483647 2147483647    517066.15625   6246429.50000      9424.32842 Case1_F123_NS 1
INLINE-  2147483647 2147483647    517103.87500   6246458.50000      9800.36921 Case1_F123_NS 1
INLINE-  2147483647 2147483647    517163.31250   6246504.00000     10165.02033 Case1_F123_NS 1
INLINE-  2147483647 2147483647    517009.40625   6246464.50000      9013.00826 Case1_F123_NS 2
INLINE-  2147483647 2147483647    517008.90625   6246464.50000      9103.47817 Case1_F123_NS 2
INLINE-  2147483647 2147483647    517028.15625   6246479.00000      9424.32842 Case1_F123_NS 2
INLINE-  2147483647 2147483647    517065.87500   6246508.00000      9800.36921 Case1_F123_NS 2
INLINE-  2147483647 2147483647    517125.34375   6246553.50000     10165.02033 Case1_F123_NS 2
INLINE-  2147483647 2147483647    516951.87500   6246499.50000      8979.67812 Case1_F123_NS 3
INLINE-  2147483647 2147483647    516949.18750   6246497.50000      9041.93801 Case1_F123_NS 3
INLINE-  2147483647 2147483647    516974.21875   6246516.50000      9397.32836 Case1_F123_NS 3
INLINE-  2147483647 2147483647    517018.78125   6246550.50000      9852.22967 Case1_F123_NS 3
INLINE-  2147483647 2147483647    517063.25000   6246584.50000     10117.02023 Case1_F123_NS 3
INLINE-  2147483647 2147483647    516876.46875   6246520.50000      8859.90737 Case1_F123_NS 4
INLINE-  2147483647 2147483647    516879.93750   6246523.00000      8927.32742 Case1_F123_NS 4
INLINE-  2147483647 2147483647    516906.84375   6246543.50000      9193.86800 Case1_F123_NS 4
INLINE-  2147483647 2147483647    516933.06250   6246563.50000      9507.76902 Case1_F123_NS 4
INLINE-  2147483647 2147483647    516968.68750   6246591.00000      9817.89952 Case1_F123_NS 4
INLINE-  2147483647 2147483647    517021.00000   6246631.00000     10118.11985 Case1_F123_NS 4
INLINE-  2147483647 2147483647    516817.34375   6246554.00000      8804.36722 Case1_F123_NS 5
INLINE-  2147483647 2147483647    516843.84375   6246574.00000      9013.39791 Case1_F123_NS 5
INLINE-  2147483647 2147483647    516889.62500   6246609.00000      9519.29931 Case1_F123_NS 5
INLINE-  2147483647 2147483647    516924.37500   6246635.50000      9796.98932 Case1_F123_NS 5
INLINE-  2147483647 2147483647    516983.62500   6246681.00000     10130.72046 Case1_F123_NS 5
INLINE-  2147483647 2147483647    516770.53125   6246596.50000      8806.55765 Case1_F123_NS 6
INLINE-  2147483647 2147483647    516777.00000   6246601.50000      8869.47770 Case1_F123_NS 6
INLINE-  2147483647 2147483647    516802.21875   6246621.00000      9068.61775 Case1_F123_NS 6
INLINE-  2147483647 2147483647    516845.50000   6246654.00000      9465.34901 Case1_F123_NS 6
INLINE-  2147483647 2147483647    516898.59375   6246694.50000      9857.61932 Case1_F123_NS 6
INLINE-  2147483647 2147483647    516948.62500   6246733.00000     10149.02030 Case1_F123_NS 6
INLINE-  2147483647 2147483647    516755.40625   6246663.50000      8859.32729 Case1_F123_NS 7
INLINE-  2147483647 2147483647    516760.06250   6246667.50000      8919.99831 Case1_F123_NS 7
INLINE-  2147483647 2147483647    516792.40625   6246692.00000      9184.58868 Case1_F123_NS 7
INLINE-  2147483647 2147483647    516913.34375   6246784.50000     10164.22052 Case1_F123_NS 7
INLINE-  2147483647 2147483647    516694.71875   6246743.00000      8853.63782 Case1_F123_NS 8
INLINE-  2147483647 2147483647    516727.18750   6246768.00000      9188.84846 Case1_F123_NS 8
INLINE-  2147483647 2147483647    516852.56250   6246864.00000     10164.22052 Case1_F123_NS 8
INLINE-  2147483647 2147483647    516609.65625   6246835.50000      8702.43733 Case1_F123_NS 9
INLINE-  2147483647 2147483647    516667.21875   6246879.50000      9190.69807 Case1_F123_NS 9
INLINE-  2147483647 2147483647    516776.40625   6246963.00000     10164.22052 Case1_F123_NS 9
INLINE-  2147483647 2147483647    516541.12500   6246940.50000      8553.41750 Case1_F123_NS 10
INLINE-  2147483647 2147483647    516596.71875   6246983.00000      9189.84846 Case1_F123_NS 10
INLINE-  2147483647 2147483647    516655.50000   6247028.00000      9676.83967 Case1_F123_NS 10
INLINE-  2147483647 2147483647    516717.53125   6247075.50000     10162.11993 Case1_F123_NS 10
INLINE-  2147483647 2147483647    516477.50000   6247049.00000      8508.43694 Case1_F123_NS 11
INLINE-  2147483647 2147483647    516492.37500   6247060.50000      8911.34790 Case1_F123_NS 11
INLINE-  2147483647 2147483647    516512.12500   6247075.50000      9177.58867 Case1_F123_NS 11
INLINE-  2147483647 2147483647    516583.81250   6247130.50000      9730.49993 Case1_F123_NS 11
INLINE-  2147483647 2147483647    516644.06250   6247176.50000     10159.32012 Case1_F123_NS 11
INLINE-  2147483647 2147483647    516397.40625   6247129.50000      8519.08735 Case1_F123_NS 12
INLINE-  2147483647 2147483647    516398.50000   6247130.50000      8568.95757 Case1_F123_NS 12
INLINE-  2147483647 2147483647    516421.15625   6247147.50000      8945.70832 Case1_F123_NS 12
INLINE-  2147483647 2147483647    516452.40625   6247171.50000      9237.40812 Case1_F123_NS 12
INLINE-  2147483647 2147483647    516519.12500   6247222.50000      9734.62982 Case1_F123_NS 12
INLINE-  2147483647 2147483647    516582.93750   6247271.50000     10204.22060 Case1_F123_NS 12
INLINE-  2147483647 2147483647    516357.75000   6247178.00000      8556.54739 Case1_F123_NS 13
INLINE-  2147483647 2147483647    516359.62500   6247179.00000      8643.78682 Case1_F123_NS 13
INLINE-  2147483647 2147483647    516376.53125   6247192.00000      8927.94754 Case1_F123_NS 13
INLINE-  2147483647 2147483647    516414.84375   6247221.50000      9237.40812 Case1_F123_NS 13
INLINE-  2147483647 2147483647    516480.93750   6247272.00000      9734.62982 Case1_F123_NS 13
INLINE-  2147483647 2147483647    516546.37500   6247322.00000     10188.61999 Case1_F123_NS 13
INLINE-  2147483647 2147483647    516318.18750   6247226.00000      8578.00739 Case1_F123_NS 14
INLINE-  2147483647 2147483647    516319.09375   6247227.00000      8652.58762 Case1_F123_NS 14
INLINE-  2147483647 2147483647    516337.06250   6247240.50000      8846.63781 Case1_F123_NS 14
INLINE-  2147483647 2147483647    516376.65625   6247271.00000      9237.40812 Case1_F123_NS 14
INLINE-  2147483647 2147483647    516443.37500   6247322.00000      9734.62982 Case1_F123_NS 14
INLINE-  2147483647 2147483647    516508.18750   6247371.50000     10188.61999 Case1_F123_NS 14
INLINE-  2147483647 2147483647    516274.75000   6247271.50000      8604.87756 Case1_F123_NS 15
INLINE-  2147483647 2147483647    516294.31250   6247286.50000      8954.91830 Case1_F123_NS 15
INLINE-  2147483647 2147483647    516324.28125   6247309.50000      9267.19822 Case1_F123_NS 15
INLINE-  2147483647 2147483647    516392.18750   6247361.50000      9739.49995 Case1_F123_NS 15
INLINE-  2147483647 2147483647    516452.25000   6247407.50000     10085.81998 Case1_F123_NS 15
INLINE-  2147483647 2147483647    516236.37500   6247321.00000      8652.79758 Case1_F123_NS 16
INLINE-  2147483647 2147483647    516263.18750   6247341.50000      9085.60801 Case1_F123_NS 16
INLINE-  2147483647 2147483647    516299.21875   6247369.00000      9439.01888 Case1_F123_NS 16
INLINE-  2147483647 2147483647    516356.59375   6247413.00000      9760.66991 Case1_F123_NS 16
INLINE-  2147483647 2147483647    516406.21875   6247451.00000     10055.81992 Case1_F123_NS 16
INLINE-  2147483647 2147483647    516192.06250   6247365.50000      8723.26745 Case1_F123_NS 17
INLINE-  2147483647 2147483647    516198.90625   6247371.00000      8891.33810 Case1_F123_NS 17
INLINE-  2147483647 2147483647    516210.71875   6247380.00000      9128.68818 Case1_F123_NS 17
INLINE-  2147483647 2147483647    516239.59375   6247402.00000      9367.85858 Case1_F123_NS 17
INLINE-  2147483647 2147483647    516270.87500   6247426.00000      9576.26915 Case1_F123_NS 17
INLINE-  2147483647 2147483647    516164.75000   6247407.50000      8719.66783 Case1_F123_NS 18
INLINE-  2147483647 2147483647    516168.40625   6247410.50000      8891.33810 Case1_F123_NS 18
INLINE-  2147483647 2147483647    516180.21875   6247419.50000      9128.68818 Case1_F123_NS 18
INLINE-  2147483647 2147483647    516209.31250   6247442.00000      9367.85858 Case1_F123_NS 18
INLINE-  2147483647 2147483647    516224.31250   6247453.50000      9472.36855 Case1_F123_NS 18
INLINE-  2147483647 2147483647    516240.37500   6247465.50000      9576.26915 Case1_F123_NS 18
