INLINE-  2147483647 2147483647    516426.50000   6251558.00000      9632.67527 Case2_F138_NS 1
INLINE-  2147483647 2147483647    516487.34400   6251604.50000     10095.20419 Case2_F138_NS 1
INLINE-  2147483647 2147483647    516580.09400   6251675.50000     10576.22215 Case2_F138_NS 1
INLINE-  2147483647 2147483647    516764.78100   6251817.00000     11538.74308 Case2_F138_NS 1
INLINE-  2147483647 2147483647    516916.87500   6251933.50000     12524.42705 Case2_F138_NS 1
INLINE-  2147483647 2147483647    517080.06200   6252058.50000     13502.83901 Case2_F138_NS 1
INLINE-  2147483647 2147483647    516420.96900   6251632.50000      9592.93319 Case2_F138_NS 2
INLINE-  2147483647 2147483647    516524.34400   6251711.50000     10386.13477 Case2_F138_NS 2
INLINE-  2147483647 2147483647    516664.50000   6251819.00000     11158.14732 Case2_F138_NS 2
INLINE-  2147483647 2147483647    516790.53100   6251915.50000     11939.72588 Case2_F138_NS 2
INLINE-  2147483647 2147483647    516911.75000   6252008.00000     12724.56645 Case2_F138_NS 2
INLINE-  2147483647 2147483647    517042.53100   6252108.00000     13503.17001 Case2_F138_NS 2
INLINE-  2147483647 2147483647    516407.65600   6251717.00000      9571.52514 Case2_F138_NS 3
INLINE-  2147483647 2147483647    516454.78100   6251753.00000     10124.22525 Case2_F138_NS 3
INLINE-  2147483647 2147483647    516546.75000   6251823.50000     10687.29437 Case2_F138_NS 3
INLINE-  2147483647 2147483647    516665.06200   6251914.00000     11433.31087 Case2_F138_NS 3
INLINE-  2147483647 2147483647    516831.90600   6252041.50000     12530.75006 Case2_F138_NS 3
INLINE-  2147483647 2147483647    516992.78100   6252164.50000     13500.08000 Case2_F138_NS 3
INLINE-  2147483647 2147483647    516388.96900   6251828.50000      9612.29422 Case2_F138_NS 4
INLINE-  2147483647 2147483647    516447.65600   6251873.50000     10405.35581 Case2_F138_NS 4
INLINE-  2147483647 2147483647    516552.18800   6251953.50000     11180.48336 Case2_F138_NS 4
INLINE-  2147483647 2147483647    516664.50000   6252039.00000     11951.46690 Case2_F138_NS 4
INLINE-  2147483647 2147483647    516783.12500   6252130.00000     12718.64244 Case2_F138_NS 4
INLINE-  2147483647 2147483647    516907.53100   6252225.50000     13482.06696 Case2_F138_NS 4
INLINE-  2147483647 2147483647    516357.21900   6251945.50000      9669.07934 Case2_F138_NS 5
INLINE-  2147483647 2147483647    516370.81200   6251956.00000     10112.29922 Case2_F138_NS 5
INLINE-  2147483647 2147483647    516404.84400   6251982.00000     10546.32109 Case2_F138_NS 5
INLINE-  2147483647 2147483647    516468.03100   6252030.50000     11118.89124 Case2_F138_NS 5
INLINE-  2147483647 2147483647    516526.93800   6252075.50000     11584.99217 Case2_F138_NS 5
INLINE-  2147483647 2147483647    516668.65600   6252184.00000     12522.71105 Case2_F138_NS 5
INLINE-  2147483647 2147483647    516809.93800   6252292.00000     13460.52892 Case2_F138_NS 5
INLINE-  2147483647 2147483647    516311.37500   6252036.50000      9693.73239 Case2_F138_NS 6
INLINE-  2147483647 2147483647    516350.12500   6252066.00000     10328.69766 Case2_F138_NS 6
INLINE-  2147483647 2147483647    516416.93800   6252117.50000     10955.14891 Case2_F138_NS 6
INLINE-  2147483647 2147483647    516487.03100   6252171.00000     11580.26316 Case2_F138_NS 6
INLINE-  2147483647 2147483647    516579.59400   6252242.00000     12193.56139 Case2_F138_NS 6
INLINE-  2147483647 2147483647    516658.96900   6252302.50000     12813.26763 Case2_F138_NS 6
INLINE-  2147483647 2147483647    516721.56200   6252350.50000     13440.20788 Case2_F138_NS 6
INLINE-  2147483647 2147483647    516256.31200   6252136.00000      9699.99640 Case2_F138_NS 7
INLINE-  2147483647 2147483647    516279.65600   6252154.00000     10071.61914 Case2_F138_NS 7
INLINE-  2147483647 2147483647    516357.90600   6252214.00000     10720.87544 Case2_F138_NS 7
INLINE-  2147483647 2147483647    516457.59400   6252290.00000     11664.52533 Case2_F138_NS 7
INLINE-  2147483647 2147483647    516573.15600   6252378.50000     12452.10890 Case2_F138_NS 7
INLINE-  2147483647 2147483647    516644.40600   6252433.00000     13433.71887 Case2_F138_NS 7
INLINE-  2147483647 2147483647    516226.75000   6252223.50000      9679.24836 Case2_F138_NS 8
INLINE-  2147483647 2147483647    516288.40600   6252271.00000     10442.60289 Case2_F138_NS 8
INLINE-  2147483647 2147483647    516366.06200   6252330.00000     11200.99540 Case2_F138_NS 8
INLINE-  2147483647 2147483647    516456.06200   6252399.00000     11953.48691 Case2_F138_NS 8
INLINE-  2147483647 2147483647    516552.90600   6252473.00000     12702.43740 Case2_F138_NS 8
INLINE-  2147483647 2147483647    516628.12500   6252531.00000     13460.89092 Case2_F138_NS 8
INLINE-  2147483647 2147483647    516209.56200   6252305.00000      9647.13629 Case2_F138_NS 9
INLINE-  2147483647 2147483647    516234.25000   6252323.50000     10135.84427 Case2_F138_NS 9
INLINE-  2147483647 2147483647    516271.37500   6252352.00000     10584.13017 Case2_F138_NS 9
INLINE-  2147483647 2147483647    516360.75000   6252420.50000     11507.65002 Case2_F138_NS 9
INLINE-  2147483647 2147483647    516447.25000   6252487.00000     12211.36042 Case2_F138_NS 9
INLINE-  2147483647 2147483647    516635.78100   6252631.00000     13500.08000 Case2_F138_NS 9
