INLINE-  2147483647 2147483647    515622.65600   6249227.50000      9228.21846 Case1_F046_NS 1
INLINE-  2147483647 2147483647    515675.56200   6249268.00000      9351.68870 Case1_F046_NS 1
INLINE-  2147483647 2147483647    515571.40600   6249298.50000      9193.94839 Case1_F046_NS 2
INLINE-  2147483647 2147483647    515616.59400   6249333.00000      9443.28889 Case1_F046_NS 2
INLINE-  2147483647 2147483647    515653.15600   6249361.00000      9606.38921 Case1_F046_NS 2
INLINE-  2147483647 2147483647    515518.09400   6249368.00000      9157.73832 Case1_F046_NS 3
INLINE-  2147483647 2147483647    515576.25000   6249412.50000      9404.60881 Case1_F046_NS 3
INLINE-  2147483647 2147483647    515627.71900   6249452.00000      9571.38914 Case1_F046_NS 3
INLINE-  2147483647 2147483647    515486.96900   6249438.50000      9183.78837 Case1_F046_NS 4
INLINE-  2147483647 2147483647    515530.34400   6249471.50000      9430.80886 Case1_F046_NS 4
