INLINE-  2147483647 2147483647    516212.40600   6245943.00000      9092.79419 Case1_F144_EW 1
INLINE-  2147483647 2147483647    516146.46900   6245974.00000      9443.93489 Case1_F144_EW 1
INLINE-  2147483647 2147483647    516084.28100   6246003.50000      9677.49535 Case1_F144_EW 1
INLINE-  2147483647 2147483647    516209.81200   6245845.00000      9036.97007 Case1_F144_EW 2
INLINE-  2147483647 2147483647    516121.12500   6245887.00000      9424.53985 Case1_F144_EW 2
INLINE-  2147483647 2147483647    516026.15600   6245931.50000      9699.92840 Case1_F144_EW 2
INLINE-  2147483647 2147483647    516178.75000   6245798.00000      9023.48705 Case1_F144_EW 3
INLINE-  2147483647 2147483647    516109.93800   6245830.50000      9384.43977 Case1_F144_EW 3
INLINE-  2147483647 2147483647    515997.65600   6245883.50000      9726.94345 Case1_F144_EW 3
INLINE-  2147483647 2147483647    516155.56200   6245747.00000      9018.77604 Case1_F144_EW 4
INLINE-  2147483647 2147483647    516073.50000   6245786.00000      9424.53985 Case1_F144_EW 4
INLINE-  2147483647 2147483647    515972.03100   6245833.50000      9763.47253 Case1_F144_EW 4
INLINE-  2147483647 2147483647    516137.50000   6245725.00000      9044.86809 Case1_F144_EW 5
INLINE-  2147483647 2147483647    516066.00000   6245759.00000      9408.12982 Case1_F144_EW 5
INLINE-  2147483647 2147483647    515930.28100   6245823.00000      9936.93787 Case1_F144_EW 5
INLINE-  2147483647 2147483647    516079.81200   6245616.50000      9062.47312 Case1_F144_EW 6
INLINE-  2147483647 2147483647    516002.93800   6245652.50000      9438.99588 Case1_F144_EW 6
INLINE-  2147483647 2147483647    515853.34400   6245723.00000      9983.70397 Case1_F144_EW 6
INLINE-  2147483647 2147483647    516019.59400   6245534.00000      9001.54100 Case1_F144_EW 7
INLINE-  2147483647 2147483647    515937.53100   6245572.50000      9488.92898 Case1_F144_EW 7
INLINE-  2147483647 2147483647    515792.84400   6245641.00000      9987.60998 Case1_F144_EW 7
INLINE-  2147483647 2147483647    515952.59400   6245485.50000      9082.53517 Case1_F144_EW 8
INLINE-  2147483647 2147483647    515884.12500   6245518.00000      9437.53388 Case1_F144_EW 8
INLINE-  2147483647 2147483647    515746.56200   6245582.50000      9921.78084 Case1_F144_EW 8
INLINE-  2147483647 2147483647    515789.75000   6245378.50000      9088.41118 Case1_F144_EW 9
INLINE-  2147483647 2147483647    515739.96900   6245402.00000      9405.00881 Case1_F144_EW 9
INLINE-  2147483647 2147483647    515678.81200   6245431.00000      9731.68546 Case1_F144_EW 9
INLINE-  2147483647 2147483647    515567.53100   6245483.00000     10236.87547 Case1_F144_EW 9
INLINE-  2147483647 2147483647    515710.31200   6245268.00000      9104.30721 Case1_F144_EW 10
INLINE-  2147483647 2147483647    515666.53100   6245288.50000      9413.68383 Case1_F144_EW 10
INLINE-  2147483647 2147483647    515588.59400   6245325.50000      9849.13870 Case1_F144_EW 10
INLINE-  2147483647 2147483647    515507.40600   6245363.50000     10282.78457 Case1_F144_EW 10
