INLINE-  2147483647 2147483647    515310.84400   6250493.50000      9352.43870 Case1_F012_EW 1
INLINE-  2147483647 2147483647    515275.21900   6250540.00000      9524.65805 Case1_F012_EW 1
INLINE-  2147483647 2147483647    515313.68800   6250407.50000      9334.38867 Case1_F012_EW 2
INLINE-  2147483647 2147483647    515281.12500   6250450.00000      9426.61885 Case1_F012_EW 2
INLINE-  2147483647 2147483647    515248.28100   6250493.00000      9528.40806 Case1_F012_EW 2
INLINE-  2147483647 2147483647    515315.00000   6250303.00000      9284.05857 Case1_F012_EW 3
INLINE-  2147483647 2147483647    515255.71900   6250380.50000      9481.96896 Case1_F012_EW 3
INLINE-  2147483647 2147483647    515206.34400   6250445.00000      9639.50928 Case1_F012_EW 3
INLINE-  2147483647 2147483647    515314.68800   6250200.50000      9236.18847 Case1_F012_EW 4
INLINE-  2147483647 2147483647    515268.37500   6250261.00000      9417.97784 Case1_F012_EW 4
INLINE-  2147483647 2147483647    515209.09400   6250338.50000      9576.86915 Case1_F012_EW 4
INLINE-  2147483647 2147483647    515155.90600   6250408.00000      9754.31951 Case1_F012_EW 4
INLINE-  2147483647 2147483647    515267.09400   6250057.00000      9226.04845 Case1_F012_EW 5
INLINE-  2147483647 2147483647    515169.12500   6250185.00000      9525.22905 Case1_F012_EW 5
INLINE-  2147483647 2147483647    515048.25000   6250343.00000      9855.25971 Case1_F012_EW 5
INLINE-  2147483647 2147483647    515193.56200   6249947.50000      9199.51840 Case1_F012_EW 6
INLINE-  2147483647 2147483647    515113.90600   6250051.50000      9481.42896 Case1_F012_EW 6
INLINE-  2147483647 2147483647    514912.62500   6250314.50000     10014.21903 Case1_F012_EW 6
INLINE-  2147483647 2147483647    515140.00000   6249873.50000      9247.68850 Case1_F012_EW 7
INLINE-  2147483647 2147483647    515064.93800   6249971.50000      9459.16892 Case1_F012_EW 7
INLINE-  2147483647 2147483647    514979.15600   6250083.50000      9637.35927 Case1_F012_EW 7
INLINE-  2147483647 2147483647    514906.12500   6250179.00000      9803.30961 Case1_F012_EW 7
INLINE-  2147483647 2147483647    515069.96900   6249841.50000      9216.45843 Case1_F012_EW 8
INLINE-  2147483647 2147483647    515010.68800   6249919.00000      9453.60891 Case1_F012_EW 8
INLINE-  2147483647 2147483647    514936.12500   6250016.50000      9638.86928 Case1_F012_EW 8
INLINE-  2147483647 2147483647    514861.81200   6250113.50000      9801.80960 Case1_F012_EW 8
INLINE-  2147483647 2147483647    514988.18800   6249804.50000      9234.34847 Case1_F012_EW 9
INLINE-  2147483647 2147483647    514924.59400   6249887.50000      9440.65888 Case1_F012_EW 9
INLINE-  2147483647 2147483647    514834.00000   6250006.00000      9669.63834 Case1_F012_EW 9
INLINE-  2147483647 2147483647    514941.59400   6249762.50000      9223.05845 Case1_F012_EW 10
INLINE-  2147483647 2147483647    514868.06200   6249858.50000      9411.19882 Case1_F012_EW 10
INLINE-  2147483647 2147483647    514798.09400   6249950.00000      9582.73917 Case1_F012_EW 10
INLINE-  2147483647 2147483647    514876.09400   6249724.50000      9172.85835 Case1_F012_EW 11
INLINE-  2147483647 2147483647    514809.18800   6249812.00000      9327.58866 Case1_F012_EW 11
INLINE-  2147483647 2147483647    514746.84400   6249893.50000      9457.22891 Case1_F012_EW 11
INLINE-  2147483647 2147483647    514818.12500   6249697.50000      9149.47830 Case1_F012_EW 12
INLINE-  2147483647 2147483647    514729.06200   6249814.00000      9348.65870 Case1_F012_EW 12
