INLINE-  2147483647 2147483647    515444.87500   6248729.50000      8847.32769 Case1_F063_NS 1
INLINE-  2147483647 2147483647    515417.50000   6248708.50000      8997.96200 Case1_F063_NS 1
INLINE-  2147483647 2147483647    515376.87500   6248677.50000      9222.02044 Case1_F063_NS 1
INLINE-  2147483647 2147483647    515297.68800   6248617.00000      9529.31406 Case1_F063_NS 1
INLINE-  2147483647 2147483647    515188.06200   6248533.00000      9890.50378 Case1_F063_NS 1
INLINE-  2147483647 2147483647    515472.21900   6248687.50000      8853.30171 Case1_F063_NS 2
INLINE-  2147483647 2147483647    515407.21900   6248638.00000      9215.10043 Case1_F063_NS 2
INLINE-  2147483647 2147483647    515320.09400   6248571.00000      9557.47811 Case1_F063_NS 2
INLINE-  2147483647 2147483647    515221.84400   6248496.00000      9887.39877 Case1_F063_NS 2
INLINE-  2147483647 2147483647    515491.21900   6248655.00000      8860.25172 Case1_F063_NS 3
INLINE-  2147483647 2147483647    515428.00000   6248606.50000      9211.03642 Case1_F063_NS 3
INLINE-  2147483647 2147483647    515344.34400   6248542.50000      9544.31409 Case1_F063_NS 3
INLINE-  2147483647 2147483647    515251.03100   6248471.00000      9867.03573 Case1_F063_NS 3
INLINE-  2147483647 2147483647    515507.87500   6248620.50000      8869.64674 Case1_F063_NS 4
INLINE-  2147483647 2147483647    515472.75000   6248593.50000      9079.66816 Case1_F063_NS 4
INLINE-  2147483647 2147483647    515408.65600   6248544.50000      9350.34970 Case1_F063_NS 4
INLINE-  2147483647 2147483647    515293.62500   6248456.50000      9774.81055 Case1_F063_NS 4
INLINE-  2147483647 2147483647    515526.59400   6248603.50000      8852.96471 Case1_F063_NS 5
INLINE-  2147483647 2147483647    515467.56200   6248558.00000      9184.49837 Case1_F063_NS 5
INLINE-  2147483647 2147483647    515386.09400   6248495.50000      9496.26199 Case1_F063_NS 5
INLINE-  2147483647 2147483647    515300.62500   6248430.50000      9803.81061 Case1_F063_NS 5
INLINE-  2147483647 2147483647    515553.93800   6248577.00000      8836.84767 Case1_F063_NS 6
INLINE-  2147483647 2147483647    515493.75000   6248531.00000      9184.09837 Case1_F063_NS 6
INLINE-  2147483647 2147483647    515452.71900   6248499.50000      9344.80269 Case1_F063_NS 6
INLINE-  2147483647 2147483647    515391.59400   6248453.00000      9559.99712 Case1_F063_NS 6
INLINE-  2147483647 2147483647    515326.96900   6248403.50000      9790.97058 Case1_F063_NS 6
INLINE-  2147483647 2147483647    515570.87500   6248558.50000      8823.82365 Case1_F063_NS 7
INLINE-  2147483647 2147483647    515525.25000   6248523.50000      9078.62016 Case1_F063_NS 7
INLINE-  2147483647 2147483647    515469.46900   6248481.00000      9324.84165 Case1_F063_NS 7
INLINE-  2147483647 2147483647    515405.56200   6248432.00000      9563.07113 Case1_F063_NS 7
INLINE-  2147483647 2147483647    515339.21900   6248381.00000      9798.66960 Case1_F063_NS 7
INLINE-  2147483647 2147483647    515594.68800   6248529.50000      8810.90662 Case1_F063_NS 8
INLINE-  2147483647 2147483647    515544.50000   6248491.00000      9068.91814 Case1_F063_NS 8
INLINE-  2147483647 2147483647    515515.56200   6248469.00000      9197.24039 Case1_F063_NS 8
INLINE-  2147483647 2147483647    515468.65600   6248433.00000      9410.25482 Case1_F063_NS 8
INLINE-  2147483647 2147483647    515357.12500   6248347.50000      9812.31862 Case1_F063_NS 8
