INLINE-  2147483647 2147483647    515813.93800   6251207.50000      9593.58319 Case1_F016_NNE 1
INLINE-  2147483647 2147483647    515834.71900   6251207.50000      9904.11581 Case1_F016_NNE 1
INLINE-  2147483647 2147483647    515874.00000   6251207.00000     10175.14735 Case1_F016_NNE 1
INLINE-  2147483647 2147483647    516003.53100   6251205.50000     10778.56256 Case1_F016_NNE 1
INLINE-  2147483647 2147483647    516079.21900   6251204.50000     11041.62408 Case1_F016_NNE 1
INLINE-  2147483647 2147483647    515824.46900   6251145.00000      9560.46812 Case1_F016_NNE 2
INLINE-  2147483647 2147483647    515834.00000   6251145.00000      9904.11581 Case1_F016_NNE 2
INLINE-  2147483647 2147483647    515873.25000   6251144.50000     10175.14735 Case1_F016_NNE 2
INLINE-  2147483647 2147483647    516002.81200   6251143.00000     10778.56256 Case1_F016_NNE 2
INLINE-  2147483647 2147483647    516078.46900   6251142.00000     11041.62408 Case1_F016_NNE 2
INLINE-  2147483647 2147483647    515825.09400   6251082.50000      9723.97045 Case1_F016_NNE 3
INLINE-  2147483647 2147483647    515833.25000   6251082.50000      9904.11581 Case1_F016_NNE 3
INLINE-  2147483647 2147483647    515872.53100   6251082.00000     10175.14735 Case1_F016_NNE 3
INLINE-  2147483647 2147483647    516002.06200   6251080.50000     10778.56256 Case1_F016_NNE 3
INLINE-  2147483647 2147483647    516077.75000   6251079.50000     11041.62408 Case1_F016_NNE 3
INLINE-  2147483647 2147483647    515804.96900   6250995.00000      9553.44911 Case1_F016_NNE 4
INLINE-  2147483647 2147483647    515827.31200   6250995.00000      9866.62873 Case1_F016_NNE 4
INLINE-  2147483647 2147483647    515871.50000   6250994.50000     10175.14735 Case1_F016_NNE 4
INLINE-  2147483647 2147483647    516001.03100   6250993.00000     10778.56256 Case1_F016_NNE 4
INLINE-  2147483647 2147483647    516076.71900   6250992.00000     11041.62408 Case1_F016_NNE 4
INLINE-  2147483647 2147483647    515800.06200   6250932.50000      9543.04209 Case1_F016_NNE 5
INLINE-  2147483647 2147483647    515826.56200   6250932.50000      9866.62873 Case1_F016_NNE 5
INLINE-  2147483647 2147483647    515870.75000   6250932.00000     10175.14735 Case1_F016_NNE 5
INLINE-  2147483647 2147483647    516000.31200   6250930.50000     10778.56256 Case1_F016_NNE 5
INLINE-  2147483647 2147483647    516075.96900   6250929.50000     11041.62408 Case1_F016_NNE 5
INLINE-  2147483647 2147483647    515864.93800   6250808.50000      9525.86405 Case1_F016_NNE 6
INLINE-  2147483647 2147483647    515855.93800   6250808.50000      9714.54843 Case1_F016_NNE 6
INLINE-  2147483647 2147483647    515871.87500   6250808.00000      9935.65187 Case1_F016_NNE 6
INLINE-  2147483647 2147483647    515885.37500   6250808.00000     10319.23964 Case1_F016_NNE 6
INLINE-  2147483647 2147483647    515991.43800   6250807.00000     10865.72773 Case1_F016_NNE 6
INLINE-  2147483647 2147483647    516150.59400   6250805.00000     11082.81917 Case1_F016_NNE 6
INLINE-  2147483647 2147483647    515874.06200   6250763.00000      9537.23207 Case1_F016_NNE 7
INLINE-  2147483647 2147483647    515861.68800   6250763.50000      9767.79354 Case1_F016_NNE 7
INLINE-  2147483647 2147483647    515867.12500   6250763.50000     10028.07606 Case1_F016_NNE 7
INLINE-  2147483647 2147483647    515893.31200   6250763.00000     10349.61070 Case1_F016_NNE 7
INLINE-  2147483647 2147483647    515990.90600   6250762.00000     10865.72773 Case1_F016_NNE 7
INLINE-  2147483647 2147483647    516150.06200   6250760.00000     11082.81917 Case1_F016_NNE 7
INLINE-  2147483647 2147483647    515880.06200   6250718.00000      9526.55605 Case1_F016_NNE 8
INLINE-  2147483647 2147483647    515867.84400   6250718.50000      9763.37653 Case1_F016_NNE 8
INLINE-  2147483647 2147483647    515868.96900   6250718.50000      9973.81495 Case1_F016_NNE 8
INLINE-  2147483647 2147483647    515892.78100   6250718.00000     10349.61070 Case1_F016_NNE 8
INLINE-  2147483647 2147483647    515990.37500   6250717.00000     10865.72773 Case1_F016_NNE 8
INLINE-  2147483647 2147483647    516149.53100   6250715.00000     11082.81917 Case1_F016_NNE 8
INLINE-  2147483647 2147483647    515869.46900   6250691.00000      9591.51318 Case1_F016_NNE 9
INLINE-  2147483647 2147483647    515867.50000   6250691.00000      9763.37653 Case1_F016_NNE 9
INLINE-  2147483647 2147483647    515881.21900   6250691.00000      9978.39496 Case1_F016_NNE 9
INLINE-  2147483647 2147483647    515994.06200   6250689.50000     10530.44906 Case1_F016_NNE 9
INLINE-  2147483647 2147483647    516049.65600   6250689.00000     10728.37946 Case1_F016_NNE 9
INLINE-  2147483647 2147483647    516149.21900   6250687.50000     11082.81917 Case1_F016_NNE 9
