INLINE-  2147483647 2147483647    513906.68750   6251046.00000      9523.25928 Case2_F121_NNE 1
INLINE-  2147483647 2147483647    513958.00000   6251022.50000      9977.72015 Case2_F121_NNE 1
INLINE-  2147483647 2147483647    513917.87500   6251072.00000      9523.25928 Case2_F121_NNE 2
INLINE-  2147483647 2147483647    513969.31250   6251048.50000      9977.72015 Case2_F121_NNE 2
INLINE-  2147483647 2147483647    513929.93750   6251097.00000      9523.25928 Case2_F121_NNE 3
INLINE-  2147483647 2147483647    513981.25000   6251073.00000      9977.72015 Case2_F121_NNE 3
INLINE-  2147483647 2147483647    513943.21875   6251201.50000      9393.35863 Case2_F121_NNE 4
INLINE-  2147483647 2147483647    513980.93750   6251184.50000      9709.34950 Case2_F121_NNE 4
INLINE-  2147483647 2147483647    514043.96875   6251156.00000     10051.92049 Case2_F121_NNE 4
INLINE-  2147483647 2147483647    513940.53125   6251289.00000      9300.44829 Case2_F121_NNE 5
INLINE-  2147483647 2147483647    514083.81250   6251224.00000     10040.11969 Case2_F121_NNE 5
INLINE-  2147483647 2147483647    513954.15625   6251400.50000      9125.68817 Case2_F121_NNE 6
INLINE-  2147483647 2147483647    514133.09375   6251318.50000     10013.02003 Case2_F121_NNE 6
INLINE-  2147483647 2147483647    513962.56250   6251446.00000      9021.38816 Case2_F121_NNE 7
INLINE-  2147483647 2147483647    514026.56250   6251416.50000      9436.33919 Case2_F121_NNE 7
INLINE-  2147483647 2147483647    514151.56250   6251359.50000     10013.02003 Case2_F121_NNE 7
INLINE-  2147483647 2147483647    513969.34375   6251492.00000      8931.88798 Case2_F121_NNE 8
INLINE-  2147483647 2147483647    514014.59375   6251471.50000      9249.34858 Case2_F121_NNE 8
INLINE-  2147483647 2147483647    514086.50000   6251438.50000      9634.85911 Case2_F121_NNE 8
INLINE-  2147483647 2147483647    514170.12500   6251400.50000     10013.22022 Case2_F121_NNE 8
INLINE-  2147483647 2147483647    514010.87500   6251602.50000      8841.88780 Case2_F121_NNE 9
INLINE-  2147483647 2147483647    514066.15625   6251577.50000      9237.14836 Case2_F121_NNE 9
INLINE-  2147483647 2147483647    514132.96875   6251546.50000      9624.04952 Case2_F121_NNE 9
INLINE-  2147483647 2147483647    514219.18750   6251507.00000     10013.11964 Case2_F121_NNE 9
INLINE-  2147483647 2147483647    514025.75000   6251626.50000      8826.44734 Case2_F121_NNE 10
INLINE-  2147483647 2147483647    514061.68750   6251610.00000      9134.41866 Case2_F121_NNE 10
INLINE-  2147483647 2147483647    514105.37500   6251590.00000      9436.33919 Case2_F121_NNE 10
INLINE-  2147483647 2147483647    514230.37500   6251533.00000     10013.02003 Case2_F121_NNE 10
INLINE-  2147483647 2147483647    514034.71875   6251671.00000      8786.78710 Case2_F121_NNE 11
INLINE-  2147483647 2147483647    514081.40625   6251650.50000      9141.54856 Case2_F121_NNE 11
INLINE-  2147483647 2147483647    514141.62500   6251622.50000      9508.62937 Case2_F121_NNE 11
INLINE-  2147483647 2147483647    514248.93750   6251574.00000     10013.02003 Case2_F121_NNE 11
INLINE-  2147483647 2147483647    514055.46875   6251742.00000      8786.36718 Case2_F121_NNE 12
INLINE-  2147483647 2147483647    514089.03125   6251727.00000      9076.10800 Case2_F121_NNE 12
INLINE-  2147483647 2147483647    514154.46875   6251697.00000      9436.33919 Case2_F121_NNE 12
INLINE-  2147483647 2147483647    514279.46875   6251640.00000     10013.02003 Case2_F121_NNE 12
INLINE-  2147483647 2147483647    514068.68750   6251766.50000      8783.30761 Case2_F121_NNE 13
INLINE-  2147483647 2147483647    514104.75000   6251750.00000      9069.48787 Case2_F121_NNE 13
INLINE-  2147483647 2147483647    514166.71875   6251722.00000      9428.99933 Case2_F121_NNE 13
INLINE-  2147483647 2147483647    514291.40625   6251664.50000     10013.02003 Case2_F121_NNE 13
INLINE-  2147483647 2147483647    514103.37500   6251831.00000      8784.06737 Case2_F121_NNE 14
INLINE-  2147483647 2147483647    514164.09375   6251803.50000      9138.05832 Case2_F121_NNE 14
INLINE-  2147483647 2147483647    514213.00000   6251781.00000      9423.63896 Case2_F121_NNE 14
INLINE-  2147483647 2147483647    514321.18750   6251731.50000     10013.02003 Case2_F121_NNE 14
INLINE-  2147483647 2147483647    514122.93750   6251864.50000      8803.67776 Case2_F121_NNE 15
INLINE-  2147483647 2147483647    514178.15625   6251839.00000      9185.40802 Case2_F121_NNE 15
INLINE-  2147483647 2147483647    514262.06250   6251801.00000      9604.98894 Case2_F121_NNE 15
INLINE-  2147483647 2147483647    514337.84375   6251766.50000     10013.02003 Case2_F121_NNE 15
INLINE-  2147483647 2147483647    514159.75000   6251946.50000      8831.86727 Case2_F121_NNE 16
INLINE-  2147483647 2147483647    514214.18750   6251922.00000      9204.60825 Case2_F121_NNE 16
INLINE-  2147483647 2147483647    514292.50000   6251886.00000      9613.26923 Case2_F121_NNE 16
INLINE-  2147483647 2147483647    514369.84375   6251850.50000     10022.31985 Case2_F121_NNE 16
INLINE-  2147483647 2147483647    514179.06250   6251999.00000      8831.71786 Case2_F121_NNE 17
INLINE-  2147483647 2147483647    514215.31250   6251982.50000      9127.08857 Case2_F121_NNE 17
INLINE-  2147483647 2147483647    514274.56250   6251955.50000      9511.49949 Case2_F121_NNE 17
INLINE-  2147483647 2147483647    514389.21875   6251903.00000     10029.02006 Case2_F121_NNE 17
INLINE-  2147483647 2147483647    514204.06250   6252049.50000      8860.13784 Case2_F121_NNE 18
INLINE-  2147483647 2147483647    514239.93750   6252033.00000      9071.39803 Case2_F121_NNE 18
INLINE-  2147483647 2147483647    514310.87500   6252000.50000      9486.21917 Case2_F121_NNE 18
INLINE-  2147483647 2147483647    514420.12500   6251950.50000     10063.61974 Case2_F121_NNE 18
INLINE-  2147483647 2147483647    514221.21875   6252102.00000      8796.50783 Case2_F121_NNE 19
INLINE-  2147483647 2147483647    514262.68750   6252083.50000      9071.39803 Case2_F121_NNE 19
INLINE-  2147483647 2147483647    514338.28125   6252048.50000      9484.07854 Case2_F121_NNE 19
INLINE-  2147483647 2147483647    514480.28125   6251984.00000     10086.52017 Case2_F121_NNE 19
INLINE-  2147483647 2147483647    514283.09375   6252196.50000      8861.25796 Case2_F121_NNE 20
INLINE-  2147483647 2147483647    514328.15625   6252176.00000      9114.53776 Case2_F121_NNE 20
INLINE-  2147483647 2147483647    514399.00000   6252143.50000      9493.73871 Case2_F121_NNE 20
INLINE-  2147483647 2147483647    514526.71875   6252085.50000     10086.52017 Case2_F121_NNE 20
INLINE-  2147483647 2147483647    514301.56250   6252232.50000      8879.74823 Case2_F121_NNE 21
INLINE-  2147483647 2147483647    514345.15625   6252212.50000      9114.53776 Case2_F121_NNE 21
INLINE-  2147483647 2147483647    514391.84375   6252191.50000      9378.81856 Case2_F121_NNE 21
INLINE-  2147483647 2147483647    514452.37500   6252164.00000      9660.74979 Case2_F121_NNE 21
