INLINE-  2147483647 2147483647    510863.21900   6254178.00000      9655.76131 Case2_F011_NS 1
INLINE-  2147483647 2147483647    510840.00000   6254160.00000     10039.85708 Case2_F011_NS 1
INLINE-  2147483647 2147483647    510750.81200   6254091.50000     10501.00400 Case2_F011_NS 1
INLINE-  2147483647 2147483647    510837.62500   6254237.00000      9641.58728 Case2_F011_NS 2
INLINE-  2147483647 2147483647    510794.93800   6254204.00000     10035.13107 Case2_F011_NS 2
INLINE-  2147483647 2147483647    510728.65600   6254153.50000     10433.03287 Case2_F011_NS 2
INLINE-  2147483647 2147483647    510666.50000   6254106.00000     10610.72522 Case2_F011_NS 2
INLINE-  2147483647 2147483647    510625.43800   6254074.50000     10801.45060 Case2_F011_NS 2
INLINE-  2147483647 2147483647    510801.84400   6254272.50000      9686.10037 Case2_F011_NS 3
INLINE-  2147483647 2147483647    510745.84400   6254229.50000     10061.66612 Case2_F011_NS 3
INLINE-  2147483647 2147483647    510680.56200   6254179.50000     10401.57580 Case2_F011_NS 3
INLINE-  2147483647 2147483647    510607.15600   6254123.50000     10574.89615 Case2_F011_NS 3
INLINE-  2147483647 2147483647    510549.59400   6254079.50000     10815.19763 Case2_F011_NS 3
INLINE-  2147483647 2147483647    510740.00000   6254288.00000      9715.20143 Case2_F011_NS 4
INLINE-  2147483647 2147483647    510692.46900   6254251.50000     10088.16018 Case2_F011_NS 4
INLINE-  2147483647 2147483647    510628.09400   6254202.50000     10364.91773 Case2_F011_NS 4
INLINE-  2147483647 2147483647    510547.43800   6254140.50000     10522.32204 Case2_F011_NS 4
INLINE-  2147483647 2147483647    510471.09400   6254082.50000     10776.16455 Case2_F011_NS 4
INLINE-  2147483647 2147483647    510717.21900   6254318.00000      9715.20143 Case2_F011_NS 5
INLINE-  2147483647 2147483647    510655.18800   6254270.50000     10089.77218 Case2_F011_NS 5
INLINE-  2147483647 2147483647    510603.59400   6254231.00000     10337.83168 Case2_F011_NS 5
INLINE-  2147483647 2147483647    510513.93800   6254162.00000     10520.59504 Case2_F011_NS 5
INLINE-  2147483647 2147483647    510445.50000   6254110.00000     10730.98546 Case2_F011_NS 5
INLINE-  2147483647 2147483647    510684.28100   6254340.00000      9744.53849 Case2_F011_NS 6
INLINE-  2147483647 2147483647    510641.37500   6254307.00000     10104.58621 Case2_F011_NS 6
INLINE-  2147483647 2147483647    510586.87500   6254265.50000     10370.87974 Case2_F011_NS 6
INLINE-  2147483647 2147483647    510492.68800   6254193.00000     10542.20108 Case2_F011_NS 6
INLINE-  2147483647 2147483647    510417.28100   6254135.50000     10779.76156 Case2_F011_NS 6
INLINE-  2147483647 2147483647    510647.18800   6254374.50000      9787.68358 Case2_F011_NS 7
INLINE-  2147483647 2147483647    510610.96900   6254346.50000     10104.58621 Case2_F011_NS 7
INLINE-  2147483647 2147483647    510553.96900   6254303.00000     10397.20979 Case2_F011_NS 7
INLINE-  2147483647 2147483647    510470.46900   6254239.00000     10575.53115 Case2_F011_NS 7
INLINE-  2147483647 2147483647    510394.34400   6254181.00000     10766.04753 Case2_F011_NS 7
INLINE-  2147483647 2147483647    510631.40600   6254394.00000      9791.57658 Case2_F011_NS 8
INLINE-  2147483647 2147483647    510587.09400   6254360.00000     10162.96733 Case2_F011_NS 8
INLINE-  2147483647 2147483647    510505.40600   6254297.50000     10498.62600 Case2_F011_NS 8
INLINE-  2147483647 2147483647    510436.18800   6254244.50000     10610.75022 Case2_F011_NS 8
INLINE-  2147483647 2147483647    510368.37500   6254192.50000     10747.58950 Case2_F011_NS 8
