INLINE-  2147483647 2147483647    515809.96900   6250786.50000      9521.65004 Case1_F017_NNE 1
INLINE-  2147483647 2147483647    515817.18800   6250786.00000      9714.45343 Case1_F017_NNE 1
INLINE-  2147483647 2147483647    515824.15600   6250786.00000      9867.10373 Case1_F017_NNE 1
INLINE-  2147483647 2147483647    515817.50000   6250786.00000     10333.46467 Case1_F017_NNE 1
INLINE-  2147483647 2147483647    515832.59400   6250786.00000     10721.45944 Case1_F017_NNE 1
INLINE-  2147483647 2147483647    515779.56200   6250695.50000      9422.42084 Case1_F017_NNE 2
INLINE-  2147483647 2147483647    515779.06200   6250695.50000      9652.33930 Case1_F017_NNE 2
INLINE-  2147483647 2147483647    515764.93800   6250695.50000      9899.84180 Case1_F017_NNE 2
INLINE-  2147483647 2147483647    515753.34400   6250695.50000     10259.44652 Case1_F017_NNE 2
INLINE-  2147483647 2147483647    515743.62500   6250696.00000     10619.21024 Case1_F017_NNE 2
INLINE-  2147483647 2147483647    515763.90600   6250617.50000      9384.54777 Case1_F017_NNE 3
INLINE-  2147483647 2147483647    515751.50000   6250618.00000      9813.29563 Case1_F017_NNE 3
INLINE-  2147483647 2147483647    515737.68800   6250618.00000     10242.04148 Case1_F017_NNE 3
INLINE-  2147483647 2147483647    515737.12500   6250618.00000     10670.93934 Case1_F017_NNE 3
INLINE-  2147483647 2147483647    515754.50000   6250573.00000      9338.92468 Case1_F017_NNE 4
INLINE-  2147483647 2147483647    515743.28100   6250573.00000      9752.23050 Case1_F017_NNE 4
INLINE-  2147483647 2147483647    515733.12500   6250573.00000     10269.75054 Case1_F017_NNE 4
INLINE-  2147483647 2147483647    515741.00000   6250573.00000     10796.08359 Case1_F017_NNE 4
INLINE-  2147483647 2147483647    515771.00000   6250535.50000      9204.09041 Case1_F017_NNE 5
INLINE-  2147483647 2147483647    515749.25000   6250535.50000      9625.64025 Case1_F017_NNE 5
INLINE-  2147483647 2147483647    515746.34400   6250535.50000     10003.47901 Case1_F017_NNE 5
INLINE-  2147483647 2147483647    515746.65600   6250535.50000     10381.33476 Case1_F017_NNE 5
INLINE-  2147483647 2147483647    515752.15600   6250535.50000     10759.01152 Case1_F017_NNE 5
INLINE-  2147483647 2147483647    515769.59400   6250490.50000      9164.97133 Case1_F017_NNE 6
INLINE-  2147483647 2147483647    515756.81200   6250490.50000      9441.35888 Case1_F017_NNE 6
INLINE-  2147483647 2147483647    515757.93800   6250490.50000      9673.62335 Case1_F017_NNE 6
INLINE-  2147483647 2147483647    515759.81200   6250490.50000     10167.38133 Case1_F017_NNE 6
INLINE-  2147483647 2147483647    515760.53100   6250490.50000     10764.81653 Case1_F017_NNE 6
INLINE-  2147483647 2147483647    515769.18800   6250463.00000      9182.50837 Case1_F017_NNE 7
INLINE-  2147483647 2147483647    515762.18800   6250463.00000      9433.29587 Case1_F017_NNE 7
INLINE-  2147483647 2147483647    515765.56200   6250463.00000      9749.07750 Case1_F017_NNE 7
INLINE-  2147483647 2147483647    515753.56200   6250463.50000     10292.15458 Case1_F017_NNE 7
INLINE-  2147483647 2147483647    515787.68800   6250463.00000     10766.21853 Case1_F017_NNE 7
INLINE-  2147483647 2147483647    515750.25000   6250403.00000      9312.79163 Case1_F017_NNE 8
INLINE-  2147483647 2147483647    515740.53100   6250403.00000      9660.93932 Case1_F017_NNE 8
INLINE-  2147483647 2147483647    515756.71900   6250403.00000     10284.34757 Case1_F017_NNE 8
INLINE-  2147483647 2147483647    515767.62500   6250403.00000     10828.60766 Case1_F017_NNE 8
