INLINE-  2147483647 2147483647    511341.75000   6254811.50000      9717.70344 Case2_F018_NS 1
INLINE-  2147483647 2147483647    511373.40600   6254835.50000      9913.91483 Case2_F018_NS 1
INLINE-  2147483647 2147483647    511407.84400   6254862.00000     10098.47320 Case2_F018_NS 1
INLINE-  2147483647 2147483647    511372.15600   6254756.00000      9713.85443 Case2_F018_NS 2
INLINE-  2147483647 2147483647    511389.96900   6254769.50000      9941.68788 Case2_F018_NS 2
INLINE-  2147483647 2147483647    511413.21900   6254787.50000     10133.40727 Case2_F018_NS 2
INLINE-  2147483647 2147483647    511423.87500   6254670.00000      9671.23434 Case2_F018_NS 3
INLINE-  2147483647 2147483647    511449.09400   6254689.00000      9886.32077 Case2_F018_NS 3
INLINE-  2147483647 2147483647    511477.21900   6254710.50000     10141.24228 Case2_F018_NS 3
INLINE-  2147483647 2147483647    511475.12500   6254646.00000      9728.67146 Case2_F018_NS 4
INLINE-  2147483647 2147483647    511509.12500   6254672.00000      9929.71186 Case2_F018_NS 4
INLINE-  2147483647 2147483647    511537.00000   6254693.50000     10115.25423 Case2_F018_NS 4
