INLINE-  2147483647 2147483647    514670.65600   6253462.50000      9077.75316 Case2_F120_NNE 1
INLINE-  2147483647 2147483647    514668.56200   6253462.50000      9205.02641 Case2_F120_NNE 1
INLINE-  2147483647 2147483647    514667.75000   6253462.50000      9367.00373 Case2_F120_NNE 1
INLINE-  2147483647 2147483647    514658.59400   6253463.50000      9494.07899 Case2_F120_NNE 1
INLINE-  2147483647 2147483647    514717.06200   6253296.50000      9084.68317 Case2_F120_NNE 2
INLINE-  2147483647 2147483647    514720.96900   6253296.50000      9201.43240 Case2_F120_NNE 2
INLINE-  2147483647 2147483647    514700.84400   6253298.00000      9356.78771 Case2_F120_NNE 2
INLINE-  2147483647 2147483647    514661.15600   6253301.00000      9492.06998 Case2_F120_NNE 2
INLINE-  2147483647 2147483647    514717.31200   6253234.00000      9073.95615 Case2_F120_NNE 3
INLINE-  2147483647 2147483647    514721.84400   6253234.00000      9222.49344 Case2_F120_NNE 3
INLINE-  2147483647 2147483647    514719.25000   6253234.00000      9361.64772 Case2_F120_NNE 3
INLINE-  2147483647 2147483647    514666.53100   6253238.00000      9456.46391 Case2_F120_NNE 3
INLINE-  2147483647 2147483647    514716.87500   6253189.50000      9079.64116 Case2_F120_NNE 4
INLINE-  2147483647 2147483647    514697.34400   6253191.00000      9240.60348 Case2_F120_NNE 4
INLINE-  2147483647 2147483647    514673.31200   6253193.00000      9412.87983 Case2_F120_NNE 4
INLINE-  2147483647 2147483647    514670.37500   6253193.00000      9530.78106 Case2_F120_NNE 4
INLINE-  2147483647 2147483647    514716.00000   6253154.00000      9064.53813 Case2_F120_NNE 5
INLINE-  2147483647 2147483647    514697.03100   6253155.50000      9184.39137 Case2_F120_NNE 5
INLINE-  2147483647 2147483647    514686.62500   6253156.50000      9377.79976 Case2_F120_NNE 5
INLINE-  2147483647 2147483647    514668.93800   6253157.50000      9587.81218 Case2_F120_NNE 5
INLINE-  2147483647 2147483647    514727.03100   6253100.00000      9066.40713 Case2_F120_NNE 6
INLINE-  2147483647 2147483647    514714.56200   6253101.00000      9230.30546 Case2_F120_NNE 6
INLINE-  2147483647 2147483647    514692.96900   6253103.00000      9351.01270 Case2_F120_NNE 6
INLINE-  2147483647 2147483647    514636.96900   6253107.00000      9526.43805 Case2_F120_NNE 6
INLINE-  2147483647 2147483647    514698.56200   6253031.50000      9075.95315 Case2_F120_NNE 7
INLINE-  2147483647 2147483647    514678.00000   6253033.00000      9203.06741 Case2_F120_NNE 7
INLINE-  2147483647 2147483647    514664.84400   6253034.00000      9393.98179 Case2_F120_NNE 7
INLINE-  2147483647 2147483647    514649.06200   6253035.50000      9525.99605 Case2_F120_NNE 7
INLINE-  2147483647 2147483647    514719.50000   6252985.00000      9017.29003 Case2_F120_NNE 8
INLINE-  2147483647 2147483647    514686.87500   6252987.50000      9253.66851 Case2_F120_NNE 8
INLINE-  2147483647 2147483647    514666.75000   6252989.00000      9431.36686 Case2_F120_NNE 8
INLINE-  2147483647 2147483647    514627.06200   6252992.50000      9689.03738 Case2_F120_NNE 8
INLINE-  2147483647 2147483647    514705.78100   6252889.50000      9031.24806 Case2_F120_NNE 9
INLINE-  2147483647 2147483647    514676.06200   6252891.50000      9307.09661 Case2_F120_NNE 9
INLINE-  2147483647 2147483647    514647.68800   6252894.00000      9509.10902 Case2_F120_NNE 9
INLINE-  2147483647 2147483647    514603.00000   6252897.50000      9733.53847 Case2_F120_NNE 9
INLINE-  2147483647 2147483647    514705.71900   6252800.00000      9030.19406 Case2_F120_NNE 10
INLINE-  2147483647 2147483647    514698.12500   6252800.50000      9144.29729 Case2_F120_NNE 10
INLINE-  2147483647 2147483647    514671.03100   6252802.50000      9525.12305 Case2_F120_NNE 10
INLINE-  2147483647 2147483647    514622.34400   6252806.50000      9886.01477 Case2_F120_NNE 10
INLINE-  2147483647 2147483647    514708.81200   6252719.50000      8956.92091 Case2_F120_NNE 11
INLINE-  2147483647 2147483647    514682.18800   6252721.50000      9353.36671 Case2_F120_NNE 11
INLINE-  2147483647 2147483647    514643.78100   6252724.50000      9652.83131 Case2_F120_NNE 11
INLINE-  2147483647 2147483647    514616.65600   6252726.50000      9776.04255 Case2_F120_NNE 11
INLINE-  2147483647 2147483647    514741.81200   6252751.50000      8933.11387 Case2_F120_NNE 12
INLINE-  2147483647 2147483647    514712.28100   6252753.50000      9179.41336 Case2_F120_NNE 12
INLINE-  2147483647 2147483647    514624.87500   6252760.50000      9765.50153 Case2_F120_NNE 12
INLINE-  2147483647 2147483647    514747.84400   6252671.00000      8960.41792 Case2_F120_NNE 13
INLINE-  2147483647 2147483647    514717.21900   6252673.00000      9196.34439 Case2_F120_NNE 13
INLINE-  2147483647 2147483647    514655.68800   6252678.00000      9554.73811 Case2_F120_NNE 13
INLINE-  2147483647 2147483647    514600.34400   6252682.00000      9854.75071 Case2_F120_NNE 13
INLINE-  2147483647 2147483647    514736.31200   6252504.00000      8929.39286 Case2_F120_NNE 14
INLINE-  2147483647 2147483647    514685.34400   6252508.00000      9329.66866 Case2_F120_NNE 14
INLINE-  2147483647 2147483647    514615.68800   6252513.50000      9735.18247 Case2_F120_NNE 14
INLINE-  2147483647 2147483647    514569.09400   6252517.00000      9941.59988 Case2_F120_NNE 14
INLINE-  2147483647 2147483647    514753.34400   6252546.50000      8881.58876 Case2_F120_NNE 15
INLINE-  2147483647 2147483647    514714.62500   6252549.50000      9140.45728 Case2_F120_NNE 15
INLINE-  2147483647 2147483647    514667.15600   6252553.00000      9482.22596 Case2_F120_NNE 15
INLINE-  2147483647 2147483647    514627.43800   6252556.00000      9733.13447 Case2_F120_NNE 15
INLINE-  2147483647 2147483647    514584.59400   6252559.50000      9926.90885 Case2_F120_NNE 15
INLINE-  2147483647 2147483647    514744.56200   6252466.00000      8873.31875 Case2_F120_NNE 16
INLINE-  2147483647 2147483647    514709.21900   6252469.00000      9205.48241 Case2_F120_NNE 16
INLINE-  2147483647 2147483647    514667.90600   6252472.00000      9483.98197 Case2_F120_NNE 16
INLINE-  2147483647 2147483647    514608.50000   6252476.50000      9919.07984 Case2_F120_NNE 16
INLINE-  2147483647 2147483647    514730.56200   6252361.00000      8863.96473 Case2_F120_NNE 17
INLINE-  2147483647 2147483647    514692.21900   6252364.00000      9136.88527 Case2_F120_NNE 17
INLINE-  2147483647 2147483647    514662.81200   6252366.00000      9313.75463 Case2_F120_NNE 17
INLINE-  2147483647 2147483647    514608.46900   6252370.50000      9608.56222 Case2_F120_NNE 17
INLINE-  2147483647 2147483647    514721.06200   6252237.00000      8863.96473 Case2_F120_NNE 18
INLINE-  2147483647 2147483647    514687.68800   6252239.50000      9119.26324 Case2_F120_NNE 18
INLINE-  2147483647 2147483647    514603.81200   6252245.50000      9519.96404 Case2_F120_NNE 18
INLINE-  2147483647 2147483647    514702.28100   6252078.00000      8881.82476 Case2_F120_NNE 19
INLINE-  2147483647 2147483647    514684.90600   6252079.50000      9063.92213 Case2_F120_NNE 19
INLINE-  2147483647 2147483647    514661.53100   6252081.00000      9254.92051 Case2_F120_NNE 19
INLINE-  2147483647 2147483647    514614.28100   6252084.50000      9589.87618 Case2_F120_NNE 19
INLINE-  2147483647 2147483647    514683.65600   6251919.00000      8881.73676 Case2_F120_NNE 20
INLINE-  2147483647 2147483647    514655.43800   6251921.00000      9229.15946 Case2_F120_NNE 20
INLINE-  2147483647 2147483647    514637.31200   6251922.50000      9489.84098 Case2_F120_NNE 20
INLINE-  2147483647 2147483647    514632.75000   6251923.00000      9711.08142 Case2_F120_NNE 20
INLINE-  2147483647 2147483647    514671.68800   6251858.50000      8816.07263 Case2_F120_NNE 21
INLINE-  2147483647 2147483647    514663.46900   6251859.00000      9161.31332 Case2_F120_NNE 21
INLINE-  2147483647 2147483647    514650.68800   6251860.00000      9451.84990 Case2_F120_NNE 21
INLINE-  2147483647 2147483647    514628.06200   6251862.00000      9711.08142 Case2_F120_NNE 21
INLINE-  2147483647 2147483647    514666.93800   6251796.50000      8816.07263 Case2_F120_NNE 22
INLINE-  2147483647 2147483647    514652.12500   6251797.50000      9133.16027 Case2_F120_NNE 22
INLINE-  2147483647 2147483647    514645.90600   6251798.00000      9451.84990 Case2_F120_NNE 22
INLINE-  2147483647 2147483647    514623.31200   6251800.00000      9711.08142 Case2_F120_NNE 22
INLINE-  2147483647 2147483647    514613.75000   6251545.50000      8816.67963 Case2_F120_NNE 23
INLINE-  2147483647 2147483647    514607.62500   6251546.00000      9184.22137 Case2_F120_NNE 23
INLINE-  2147483647 2147483647    514562.50000   6251549.50000      9479.67896 Case2_F120_NNE 23
INLINE-  2147483647 2147483647    514593.71900   6251467.50000      8797.41059 Case2_F120_NNE 24
INLINE-  2147483647 2147483647    514571.90600   6251469.50000      9160.72732 Case2_F120_NNE 24
INLINE-  2147483647 2147483647    514545.78100   6251471.50000      9421.20984 Case2_F120_NNE 24
INLINE-  2147483647 2147483647    514519.28100   6251388.00000      8886.22477 Case2_F120_NNE 25
INLINE-  2147483647 2147483647    514501.90600   6251389.00000      9188.45838 Case2_F120_NNE 25
INLINE-  2147483647 2147483647    514465.78100   6251392.00000      9612.67523 Case2_F120_NNE 25
INLINE-  2147483647 2147483647    514488.62500   6251214.00000      8865.16273 Case2_F120_NNE 26
INLINE-  2147483647 2147483647    514470.12500   6251215.50000      9221.71144 Case2_F120_NNE 26
INLINE-  2147483647 2147483647    514430.87500   6251218.50000      9611.08922 Case2_F120_NNE 26
INLINE-  2147483647 2147483647    514449.93800   6251192.00000      8851.32970 Case2_F120_NNE 27
INLINE-  2147483647 2147483647    514433.96900   6251193.50000      9245.90749 Case2_F120_NNE 27
INLINE-  2147483647 2147483647    514398.53100   6251196.00000      9724.76845 Case2_F120_NNE 27
INLINE-  2147483647 2147483647    514432.25000   6251168.50000      8928.87486 Case2_F120_NNE 28
INLINE-  2147483647 2147483647    514407.87500   6251170.50000      9334.61767 Case2_F120_NNE 28
INLINE-  2147483647 2147483647    514368.03100   6251173.50000      9816.02763 Case2_F120_NNE 28
INLINE-  2147483647 2147483647    514416.75000   6250965.50000      8928.87486 Case2_F120_NNE 29
INLINE-  2147483647 2147483647    514392.37500   6250967.50000      9334.61767 Case2_F120_NNE 29
INLINE-  2147483647 2147483647    514352.50000   6250970.50000      9816.02763 Case2_F120_NNE 29
INLINE-  2147483647 2147483647    514415.40600   6250948.00000      8928.87486 Case2_F120_NNE 30
INLINE-  2147483647 2147483647    514391.03100   6250950.00000      9334.61767 Case2_F120_NNE 30
INLINE-  2147483647 2147483647    514351.15600   6250953.00000      9816.02763 Case2_F120_NNE 30
