INLINE-  2147483647 2147483647    516793.71900   6252358.50000     10915.66683 Case2_F134_NS 1
INLINE-  2147483647 2147483647    516851.78100   6252403.00000     11503.43501 Case2_F134_NS 1
INLINE-  2147483647 2147483647    516993.53100   6252511.50000     12658.96932 Case2_F134_NS 1
INLINE-  2147483647 2147483647    517140.03100   6252623.50000     13555.64511 Case2_F134_NS 1
INLINE-  2147483647 2147483647    516650.71900   6252438.00000     10810.28362 Case2_F134_NS 2
INLINE-  2147483647 2147483647    516736.25000   6252503.50000     11497.88600 Case2_F134_NS 2
INLINE-  2147483647 2147483647    516898.81200   6252627.50000     12663.97633 Case2_F134_NS 2
INLINE-  2147483647 2147483647    517048.90600   6252742.50000     13555.64511 Case2_F134_NS 2
INLINE-  2147483647 2147483647    516559.56200   6252557.00000     10810.28362 Case2_F134_NS 3
INLINE-  2147483647 2147483647    516635.81200   6252615.50000     11502.88701 Case2_F134_NS 3
INLINE-  2147483647 2147483647    516818.40600   6252755.00000     12699.72040 Case2_F134_NS 3
INLINE-  2147483647 2147483647    516980.43800   6252879.00000     13599.32720 Case2_F134_NS 3
INLINE-  2147483647 2147483647    516379.59400   6252608.00000     10439.00688 Case2_F134_NS 4
INLINE-  2147483647 2147483647    516447.06200   6252659.50000     11024.63105 Case2_F134_NS 4
INLINE-  2147483647 2147483647    516544.81200   6252734.50000     11636.23727 Case2_F134_NS 4
INLINE-  2147483647 2147483647    516717.68800   6252867.00000     12566.29713 Case2_F134_NS 4
INLINE-  2147483647 2147483647    516929.21900   6253028.50000     13575.57015 Case2_F134_NS 4
INLINE-  2147483647 2147483647    516221.81200   6252676.00000     10437.28687 Case2_F134_NS 5
INLINE-  2147483647 2147483647    516306.50000   6252741.00000     10955.46891 Case2_F134_NS 5
INLINE-  2147483647 2147483647    516414.50000   6252823.50000     11581.98216 Case2_F134_NS 5
INLINE-  2147483647 2147483647    516645.62500   6253000.50000     12725.63045 Case2_F134_NS 5
INLINE-  2147483647 2147483647    516868.68800   6253171.00000     13644.64029 Case2_F134_NS 5
INLINE-  2147483647 2147483647    516084.84400   6252776.00000     10352.93371 Case2_F134_NS 6
INLINE-  2147483647 2147483647    516207.75000   6252870.00000     10955.46891 Case2_F134_NS 6
INLINE-  2147483647 2147483647    516315.75000   6252952.50000     11581.98216 Case2_F134_NS 6
INLINE-  2147483647 2147483647    516621.53100   6253186.50000     12938.70288 Case2_F134_NS 6
INLINE-  2147483647 2147483647    516800.00000   6253323.00000     13599.71620 Case2_F134_NS 6
INLINE-  2147483647 2147483647    515959.56200   6252884.50000     10211.26442 Case2_F134_NS 7
INLINE-  2147483647 2147483647    516109.03100   6252999.00000     10955.46891 Case2_F134_NS 7
INLINE-  2147483647 2147483647    516216.12500   6253081.00000     11584.51117 Case2_F134_NS 7
INLINE-  2147483647 2147483647    516505.53100   6253302.50000     12913.02383 Case2_F134_NS 7
INLINE-  2147483647 2147483647    516675.15600   6253432.50000     13615.32323 Case2_F134_NS 7
INLINE-  2147483647 2147483647    515860.81200   6253013.50000     10211.26442 Case2_F134_NS 8
INLINE-  2147483647 2147483647    516010.28100   6253128.00000     10955.46891 Case2_F134_NS 8
INLINE-  2147483647 2147483647    516118.25000   6253210.50000     11581.98216 Case2_F134_NS 8
INLINE-  2147483647 2147483647    516404.71900   6253430.00000     12905.12981 Case2_F134_NS 8
INLINE-  2147483647 2147483647    516572.28100   6253558.00000     13669.84734 Case2_F134_NS 8
