INLINE-  2147483647 2147483647    518138.21900   6247231.00000      9351.59870 Case1_F156_EW 1
INLINE-  2147483647 2147483647    518170.81200   6247188.50000      9648.75930 Case1_F156_EW 1
INLINE-  2147483647 2147483647    518251.46900   6247083.00000     10229.72046 Case1_F156_EW 1
INLINE-  2147483647 2147483647    518336.46900   6246972.00000     10786.92157 Case1_F156_EW 1
INLINE-  2147483647 2147483647    518052.00000   6247179.00000      9297.78860 Case1_F156_EW 2
INLINE-  2147483647 2147483647    518091.46900   6247127.50000      9648.75930 Case1_F156_EW 2
INLINE-  2147483647 2147483647    518171.87500   6247022.50000     10229.72046 Case1_F156_EW 2
INLINE-  2147483647 2147483647    518257.09400   6246911.00000     10786.92157 Case1_F156_EW 2
INLINE-  2147483647 2147483647    517959.71900   6247135.00000      9290.30858 Case1_F156_EW 3
INLINE-  2147483647 2147483647    518006.81200   6247073.50000      9643.28929 Case1_F156_EW 3
INLINE-  2147483647 2147483647    518087.96900   6246967.50000     10234.62047 Case1_F156_EW 3
INLINE-  2147483647 2147483647    518177.53100   6246850.50000     10787.42157 Case1_F156_EW 3
INLINE-  2147483647 2147483647    517863.37500   6247076.00000      9296.09859 Case1_F156_EW 4
INLINE-  2147483647 2147483647    517904.59400   6247022.00000      9642.97829 Case1_F156_EW 4
INLINE-  2147483647 2147483647    518004.84400   6246891.00000     10186.92037 Case1_F156_EW 4
INLINE-  2147483647 2147483647    518116.31200   6246745.50000     10770.42154 Case1_F156_EW 4
INLINE-  2147483647 2147483647    517756.53100   6247030.50000      9351.41870 Case1_F156_EW 5
INLINE-  2147483647 2147483647    517792.40600   6246983.50000      9659.19932 Case1_F156_EW 5
INLINE-  2147483647 2147483647    517891.87500   6246853.50000     10257.52052 Case1_F156_EW 5
INLINE-  2147483647 2147483647    517993.65600   6246720.50000     10778.52156 Case1_F156_EW 5
INLINE-  2147483647 2147483647    517625.46900   6247016.50000      9261.51852 Case1_F156_EW 6
INLINE-  2147483647 2147483647    517684.75000   6246939.00000      9659.81932 Case1_F156_EW 6
INLINE-  2147483647 2147483647    517802.56200   6246785.00000     10257.52052 Case1_F156_EW 6
INLINE-  2147483647 2147483647    517904.34400   6246652.00000     10690.32138 Case1_F156_EW 6
INLINE-  2147483647 2147483647    517582.87500   6246990.00000      9254.19851 Case1_F156_EW 7
INLINE-  2147483647 2147483647    517660.25000   6246889.00000      9751.57950 Case1_F156_EW 7
INLINE-  2147483647 2147483647    517756.68800   6246763.00000     10226.71945 Case1_F156_EW 7
INLINE-  2147483647 2147483647    517864.56200   6246622.00000     10682.82137 Case1_F156_EW 7
