INLINE-  2147483647 2147483647    514125.75000   6249715.50000      9125.59925 Case1_F008_NNE 1
INLINE-  2147483647 2147483647    514091.25000   6249726.50000      9445.00489 Case1_F008_NNE 1
INLINE-  2147483647 2147483647    514031.28100   6249745.00000      9928.92486 Case1_F008_NNE 1
INLINE-  2147483647 2147483647    514083.18800   6249668.00000      9130.33026 Case1_F008_NNE 2
INLINE-  2147483647 2147483647    514055.34400   6249676.50000      9535.07807 Case1_F008_NNE 2
INLINE-  2147483647 2147483647    514022.43800   6249687.00000      9860.83872 Case1_F008_NNE 2
INLINE-  2147483647 2147483647    513987.62500   6249698.00000     10186.07337 Case1_F008_NNE 2
INLINE-  2147483647 2147483647    514037.34400   6249642.50000      9093.80919 Case1_F008_NNE 3
INLINE-  2147483647 2147483647    514042.40600   6249641.00000      9475.12195 Case1_F008_NNE 3
INLINE-  2147483647 2147483647    514014.87500   6249649.50000      9871.64874 Case1_F008_NNE 3
INLINE-  2147483647 2147483647    513986.09400   6249658.50000     10267.79954 Case1_F008_NNE 3
INLINE-  2147483647 2147483647    514038.59400   6249616.50000      9026.06805 Case1_F008_NNE 4
INLINE-  2147483647 2147483647    514026.28100   6249620.50000      9544.56809 Case1_F008_NNE 4
INLINE-  2147483647 2147483647    514007.78100   6249626.00000      9946.46289 Case1_F008_NNE 4
INLINE-  2147483647 2147483647    513994.06200   6249630.50000     10325.17365 Case1_F008_NNE 4
INLINE-  2147483647 2147483647    514017.43800   6249572.50000      9047.03909 Case1_F008_NNE 5
INLINE-  2147483647 2147483647    514001.93800   6249577.50000      9556.30611 Case1_F008_NNE 5
INLINE-  2147483647 2147483647    513988.56200   6249582.00000      9947.73590 Case1_F008_NNE 5
INLINE-  2147483647 2147483647    513968.50000   6249588.00000     10201.23240 Case1_F008_NNE 5
INLINE-  2147483647 2147483647    513974.62500   6249532.50000      9120.94624 Case1_F008_NNE 6
INLINE-  2147483647 2147483647    513970.81200   6249534.00000      9350.51670 Case1_F008_NNE 6
INLINE-  2147483647 2147483647    513952.09400   6249539.50000      9896.14879 Case1_F008_NNE 6
INLINE-  2147483647 2147483647    513912.90600   6249552.00000     10271.24954 Case1_F008_NNE 6
INLINE-  2147483647 2147483647    513924.78100   6249505.50000      9215.92643 Case1_F008_NNE 7
INLINE-  2147483647 2147483647    513929.46900   6249504.00000      9431.45986 Case1_F008_NNE 7
INLINE-  2147483647 2147483647    513928.90600   6249504.00000      9683.02537 Case1_F008_NNE 7
INLINE-  2147483647 2147483647    513897.96900   6249514.00000     10032.03906 Case1_F008_NNE 7
INLINE-  2147483647 2147483647    513861.03100   6249525.50000     10251.87350 Case1_F008_NNE 7
