INLINE-  2147483647 2147483647    515894.53125   6247689.00000      8965.11754 Case1_F099_NS 1
INLINE-  2147483647 2147483647    515968.00000   6247745.00000      8663.02709 Case1_F099_NS 1
INLINE-  2147483647 2147483647    515982.90625   6247756.50000      8603.34728 Case1_F099_NS 1
INLINE-  2147483647 2147483647    515894.75000   6247594.50000      9174.01835 Case1_F099_NS 2
INLINE-  2147483647 2147483647    515953.40625   6247639.50000      8933.87822 Case1_F099_NS 2
INLINE-  2147483647 2147483647    516003.56250   6247678.00000      8700.84748 Case1_F099_NS 2
INLINE-  2147483647 2147483647    516022.00000   6247692.00000      8602.39709 Case1_F099_NS 2
INLINE-  2147483647 2147483647    515934.31250   6247546.00000      9114.02799 Case1_F099_NS 3
INLINE-  2147483647 2147483647    516023.84375   6247614.50000      8824.71784 Case1_F099_NS 3
INLINE-  2147483647 2147483647    516037.46875   6247625.00000      8655.37766 Case1_F099_NS 3
INLINE-  2147483647 2147483647    516040.62500   6247627.50000      8604.93713 Case1_F099_NS 3
INLINE-  2147483647 2147483647    515976.40625   6247484.00000      9058.37847 Case1_F099_NS 4
INLINE-  2147483647 2147483647    516034.59375   6247528.50000      8911.70825 Case1_F099_NS 4
INLINE-  2147483647 2147483647    516074.59375   6247559.00000      8659.67748 Case1_F099_NS 4
INLINE-  2147483647 2147483647    516083.03125   6247565.50000      8610.99769 Case1_F099_NS 4
INLINE-  2147483647 2147483647    515944.21875   6247380.50000      9101.56801 Case1_F099_NS 5
INLINE-  2147483647 2147483647    516052.71875   6247463.50000      8913.55787 Case1_F099_NS 5
INLINE-  2147483647 2147483647    516124.09375   6247518.50000      8587.74764 Case1_F099_NS 5
INLINE-  2147483647 2147483647    515952.90625   6247308.50000      9113.67838 Case1_F099_NS 6
INLINE-  2147483647 2147483647    516095.06250   6247417.50000      8830.96786 Case1_F099_NS 6
INLINE-  2147483647 2147483647    516151.25000   6247460.50000      8602.67736 Case1_F099_NS 6
INLINE-  2147483647 2147483647    515949.87500   6247227.50000      9182.93829 Case1_F099_NS 7
INLINE-  2147483647 2147483647    516017.18750   6247279.00000      9035.04834 Case1_F099_NS 7
INLINE-  2147483647 2147483647    516143.84375   6247376.00000      8734.61708 Case1_F099_NS 7
INLINE-  2147483647 2147483647    516188.40625   6247410.00000      8575.60699 Case1_F099_NS 7
INLINE-  2147483647 2147483647    515957.28125   6247154.50000      9166.49880 Case1_F099_NS 8
INLINE-  2147483647 2147483647    516105.50000   6247268.00000      8932.07743 Case1_F099_NS 8
INLINE-  2147483647 2147483647    516177.25000   6247323.00000      8712.75766 Case1_F099_NS 8
INLINE-  2147483647 2147483647    516206.84375   6247345.50000      8610.43714 Case1_F099_NS 8
INLINE-  2147483647 2147483647    516215.96875   6247352.50000      8558.92727 Case1_F099_NS 8
INLINE-  2147483647 2147483647    515986.90625   6247098.50000      9159.88844 Case1_F099_NS 9
INLINE-  2147483647 2147483647    516127.96875   6247206.50000      8951.05794 Case1_F099_NS 9
INLINE-  2147483647 2147483647    516184.25000   6247249.50000      8784.06737 Case1_F099_NS 9
INLINE-  2147483647 2147483647    516238.56250   6247291.00000      8613.15687 Case1_F099_NS 9
INLINE-  2147483647 2147483647    516251.18750   6247301.00000      8540.96728 Case1_F099_NS 9
INLINE-  2147483647 2147483647    516026.87500   6247082.00000      9174.57792 Case1_F099_NS 10
INLINE-  2147483647 2147483647    516138.65625   6247167.50000      9007.52778 Case1_F099_NS 10
INLINE-  2147483647 2147483647    516228.78125   6247236.50000      8744.48722 Case1_F099_NS 10
INLINE-  2147483647 2147483647    516262.43750   6247262.00000      8599.74767 Case1_F099_NS 10
INLINE-  2147483647 2147483647    516270.00000   6247268.00000      8545.65674 Case1_F099_NS 10
INLINE-  2147483647 2147483647    516082.62500   6247046.00000      9239.98821 Case1_F099_NS 11
INLINE-  2147483647 2147483647    516167.00000   6247110.50000      9044.99856 Case1_F099_NS 11
INLINE-  2147483647 2147483647    516258.62500   6247180.50000      8767.31734 Case1_F099_NS 11
INLINE-  2147483647 2147483647    516309.65625   6247219.50000      8534.38719 Case1_F099_NS 11
