INLINE-  2147483647 2147483647    514423.28100   6253644.50000      9405.71581 Case2_F116_NS 1
INLINE-  2147483647 2147483647    514430.18800   6253650.00000      9800.63060 Case2_F116_NS 1
INLINE-  2147483647 2147483647    514444.00000   6253660.50000     10194.79239 Case2_F116_NS 1
INLINE-  2147483647 2147483647    514467.46900   6253678.50000     10587.01917 Case2_F116_NS 1
INLINE-  2147483647 2147483647    514502.56200   6253705.50000     10975.67795 Case2_F116_NS 1
INLINE-  2147483647 2147483647    514453.37500   6253620.50000      9274.16155 Case2_F116_NS 2
INLINE-  2147483647 2147483647    514447.28100   6253616.00000      9688.83138 Case2_F116_NS 2
INLINE-  2147483647 2147483647    514462.31200   6253627.50000     10136.68027 Case2_F116_NS 2
INLINE-  2147483647 2147483647    514493.68800   6253651.50000     10584.18517 Case2_F116_NS 2
INLINE-  2147483647 2147483647    514541.75000   6253688.00000     11025.60105 Case2_F116_NS 2
INLINE-  2147483647 2147483647    514460.31200   6253563.00000      9164.59133 Case2_F116_NS 3
INLINE-  2147483647 2147483647    514451.28100   6253556.00000      9629.66226 Case2_F116_NS 3
INLINE-  2147483647 2147483647    514469.34400   6253569.50000      9985.83097 Case2_F116_NS 3
INLINE-  2147483647 2147483647    514504.90600   6253597.00000     10350.12570 Case2_F116_NS 3
INLINE-  2147483647 2147483647    514538.87500   6253623.00000     10706.93941 Case2_F116_NS 3
INLINE-  2147483647 2147483647    514581.31200   6253655.50000     11060.26012 Case2_F116_NS 3
INLINE-  2147483647 2147483647    514499.15600   6253529.50000      9053.14311 Case2_F116_NS 4
INLINE-  2147483647 2147483647    514478.40600   6253513.50000      9451.52090 Case2_F116_NS 4
INLINE-  2147483647 2147483647    514487.56200   6253520.50000      9647.97830 Case2_F116_NS 4
INLINE-  2147483647 2147483647    514500.40600   6253530.50000      9849.15670 Case2_F116_NS 4
INLINE-  2147483647 2147483647    514541.00000   6253561.50000     10432.84487 Case2_F116_NS 4
INLINE-  2147483647 2147483647    514615.25000   6253618.50000     11081.40916 Case2_F116_NS 4
INLINE-  2147483647 2147483647    514529.87500   6253474.50000      9062.58213 Case2_F116_NS 5
INLINE-  2147483647 2147483647    514533.18800   6253477.00000      9382.00376 Case2_F116_NS 5
INLINE-  2147483647 2147483647    514538.34400   6253481.00000      9623.00025 Case2_F116_NS 5
INLINE-  2147483647 2147483647    514553.00000   6253492.00000     10104.51821 Case2_F116_NS 5
INLINE-  2147483647 2147483647    514583.75000   6253515.50000     10582.40216 Case2_F116_NS 5
INLINE-  2147483647 2147483647    514636.34400   6253556.00000     11053.28411 Case2_F116_NS 5
INLINE-  2147483647 2147483647    514578.75000   6253433.00000      9060.40612 Case2_F116_NS 6
INLINE-  2147483647 2147483647    514573.93800   6253429.50000      9351.85870 Case2_F116_NS 6
INLINE-  2147483647 2147483647    514578.03100   6253432.50000      9637.75528 Case2_F116_NS 6
INLINE-  2147483647 2147483647    514571.31200   6253427.50000      9834.64367 Case2_F116_NS 6
INLINE-  2147483647 2147483647    514594.65600   6253445.50000     10372.58275 Case2_F116_NS 6
INLINE-  2147483647 2147483647    514625.03100   6253468.50000     10766.83553 Case2_F116_NS 6
INLINE-  2147483647 2147483647    514665.25000   6253499.50000     11057.29011 Case2_F116_NS 6
INLINE-  2147483647 2147483647    514591.12500   6253364.00000      9069.67314 Case2_F116_NS 7
INLINE-  2147483647 2147483647    514600.81200   6253371.50000      9518.88504 Case2_F116_NS 7
INLINE-  2147483647 2147483647    514620.56200   6253386.50000      9868.71274 Case2_F116_NS 7
INLINE-  2147483647 2147483647    514632.62500   6253395.50000     10372.58275 Case2_F116_NS 7
INLINE-  2147483647 2147483647    514663.75000   6253419.50000     10947.80490 Case2_F116_NS 7
INLINE-  2147483647 2147483647    514625.65600   6253311.50000      9092.88919 Case2_F116_NS 8
INLINE-  2147483647 2147483647    514620.28100   6253307.50000      9336.24567 Case2_F116_NS 8
INLINE-  2147483647 2147483647    514625.71900   6253311.50000      9526.14005 Case2_F116_NS 8
INLINE-  2147483647 2147483647    514652.34400   6253332.00000      9866.61073 Case2_F116_NS 8
INLINE-  2147483647 2147483647    514661.40600   6253339.00000     10377.44875 Case2_F116_NS 8
INLINE-  2147483647 2147483647    514671.43800   6253346.50000     10641.42728 Case2_F116_NS 8
INLINE-  2147483647 2147483647    514683.87500   6253356.00000     10905.04881 Case2_F116_NS 8
INLINE-  2147483647 2147483647    514657.28100   6253257.00000      9202.57341 Case2_F116_NS 9
INLINE-  2147483647 2147483647    514663.71900   6253262.00000      9516.08503 Case2_F116_NS 9
INLINE-  2147483647 2147483647    514658.31200   6253258.00000      9839.27568 Case2_F116_NS 9
INLINE-  2147483647 2147483647    514682.00000   6253276.00000     10359.86172 Case2_F116_NS 9
INLINE-  2147483647 2147483647    514731.09400   6253313.50000     10825.73065 Case2_F116_NS 9
INLINE-  2147483647 2147483647    514686.18800   6253200.50000      9139.76028 Case2_F116_NS 10
INLINE-  2147483647 2147483647    514678.09400   6253194.50000      9516.41103 Case2_F116_NS 10
INLINE-  2147483647 2147483647    514696.31200   6253208.50000      9839.27568 Case2_F116_NS 10
INLINE-  2147483647 2147483647    514720.00000   6253226.50000     10359.86172 Case2_F116_NS 10
INLINE-  2147483647 2147483647    514769.09400   6253264.00000     10825.73065 Case2_F116_NS 10
INLINE-  2147483647 2147483647    514719.50000   6253147.50000      9040.21208 Case2_F116_NS 11
INLINE-  2147483647 2147483647    514715.50000   6253144.50000      9278.36456 Case2_F116_NS 11
INLINE-  2147483647 2147483647    514716.06200   6253145.00000      9516.41103 Case2_F116_NS 11
INLINE-  2147483647 2147483647    514734.28100   6253158.50000      9839.27568 Case2_F116_NS 11
INLINE-  2147483647 2147483647    514766.87500   6253183.50000     10340.75668 Case2_F116_NS 11
INLINE-  2147483647 2147483647    514807.06200   6253214.50000     10825.73065 Case2_F116_NS 11
INLINE-  2147483647 2147483647    514764.18800   6253103.00000      8962.77193 Case2_F116_NS 12
INLINE-  2147483647 2147483647    514760.34400   6253100.00000      9238.00648 Case2_F116_NS 12
INLINE-  2147483647 2147483647    514764.59400   6253103.00000      9514.91503 Case2_F116_NS 12
INLINE-  2147483647 2147483647    514767.71900   6253105.50000      9849.04270 Case2_F116_NS 12
INLINE-  2147483647 2147483647    514791.59400   6253124.00000     10137.13327 Case2_F116_NS 12
INLINE-  2147483647 2147483647    514772.71900   6253031.00000      8874.00575 Case2_F116_NS 13
INLINE-  2147483647 2147483647    514779.71900   6253036.00000      9073.04015 Case2_F116_NS 13
INLINE-  2147483647 2147483647    514789.06200   6253043.50000      9442.91689 Case2_F116_NS 13
INLINE-  2147483647 2147483647    514801.62500   6253053.00000      9617.54424 Case2_F116_NS 13
INLINE-  2147483647 2147483647    514825.90600   6253071.50000      9892.16578 Case2_F116_NS 13
