INLINE-  2147483647 2147483647    516965.93800   6250085.50000      9273.75355 Case1_F071_NNW 1
INLINE-  2147483647 2147483647    516979.34400   6250137.50000      9654.10731 Case1_F071_NNW 1
INLINE-  2147483647 2147483647    516989.56200   6250177.00000      9951.58790 Case1_F071_NNW 1
INLINE-  2147483647 2147483647    517002.34400   6250226.50000     10372.54075 Case1_F071_NNW 1
INLINE-  2147483647 2147483647    517024.53100   6250312.00000     10916.25983 Case1_F071_NNW 1
INLINE-  2147483647 2147483647    517043.59400   6250385.50000     11286.01057 Case1_F071_NNW 1
INLINE-  2147483647 2147483647    517069.93800   6250058.50000      9273.75355 Case1_F071_NNW 2
INLINE-  2147483647 2147483647    517081.68800   6250104.00000      9590.85418 Case1_F071_NNW 2
INLINE-  2147483647 2147483647    517094.40600   6250153.50000      9946.32489 Case1_F071_NNW 2
INLINE-  2147483647 2147483647    517107.18800   6250202.50000     10352.22970 Case1_F071_NNW 2
INLINE-  2147483647 2147483647    517128.50000   6250285.00000     10916.25983 Case1_F071_NNW 2
INLINE-  2147483647 2147483647    517147.59400   6250359.00000     11286.01057 Case1_F071_NNW 2
INLINE-  2147483647 2147483647    517084.62500   6250115.50000      9573.51715 Case1_F071_NNW 3
INLINE-  2147483647 2147483647    517097.84400   6250166.50000      9875.86675 Case1_F071_NNW 3
INLINE-  2147483647 2147483647    517109.50000   6250211.50000     10346.17369 Case1_F071_NNW 3
INLINE-  2147483647 2147483647    517131.18800   6250295.50000     10905.03781 Case1_F071_NNW 3
INLINE-  2147483647 2147483647    517141.81200   6250336.50000     11248.72850 Case1_F071_NNW 3
INLINE-  2147483647 2147483647    517181.43800   6250030.00000      9237.39647 Case1_F071_NNW 4
INLINE-  2147483647 2147483647    517211.50000   6250146.00000      9879.81676 Case1_F071_NNW 4
INLINE-  2147483647 2147483647    517257.84400   6250325.50000     11217.37643 Case1_F071_NNW 4
INLINE-  2147483647 2147483647    517279.03100   6250026.00000      9234.95047 Case1_F071_NNW 5
INLINE-  2147483647 2147483647    517320.81200   6250187.50000     10225.99945 Case1_F071_NNW 5
INLINE-  2147483647 2147483647    517353.37500   6250313.50000     11231.58446 Case1_F071_NNW 5
INLINE-  2147483647 2147483647    517370.18800   6250028.00000      9238.89248 Case1_F071_NNW 6
INLINE-  2147483647 2147483647    517398.96900   6250139.50000      9894.26979 Case1_F071_NNW 6
INLINE-  2147483647 2147483647    517439.65600   6250296.50000     11241.36048 Case1_F071_NNW 6
INLINE-  2147483647 2147483647    517461.00000   6250029.00000      9242.70849 Case1_F071_NNW 7
INLINE-  2147483647 2147483647    517498.03100   6250172.00000     10209.63742 Case1_F071_NNW 7
INLINE-  2147483647 2147483647    517518.96900   6250253.00000     11196.78539 Case1_F071_NNW 7
INLINE-  2147483647 2147483647    517552.37500   6250023.50000      9245.57849 Case1_F071_NNW 8
INLINE-  2147483647 2147483647    517581.09400   6250134.50000      9926.74685 Case1_F071_NNW 8
INLINE-  2147483647 2147483647    517604.06200   6250223.00000     11173.85035 Case1_F071_NNW 8
INLINE-  2147483647 2147483647    517643.56200   6250003.50000      9248.40150 Case1_F071_NNW 9
INLINE-  2147483647 2147483647    517682.21900   6250153.00000     10257.67652 Case1_F071_NNW 9
INLINE-  2147483647 2147483647    517709.12500   6250256.50000     11282.32456 Case1_F071_NNW 9
INLINE-  2147483647 2147483647    517742.59400   6249974.50000      9245.57849 Case1_F071_NNW 10
INLINE-  2147483647 2147483647    517771.31200   6250085.50000      9926.74685 Case1_F071_NNW 10
INLINE-  2147483647 2147483647    517824.09400   6250289.50000     11340.63368 Case1_F071_NNW 10
INLINE-  2147483647 2147483647    517833.43800   6249927.50000      9214.30543 Case1_F071_NNW 11
INLINE-  2147483647 2147483647    517870.71900   6250071.50000      9942.27588 Case1_F071_NNW 11
INLINE-  2147483647 2147483647    517921.18800   6250266.50000     11059.49412 Case1_F071_NNW 11
