INLINE-  2147483647 2147483647    509668.93800   6254613.00000     10043.20009 Case2_F007_NNW 1
INLINE-  2147483647 2147483647    509668.87500   6254539.00000     10425.27485 Case2_F007_NNW 1
INLINE-  2147483647 2147483647    509796.25000   6254612.50000     10043.20009 Case2_F007_NNW 2
INLINE-  2147483647 2147483647    509796.18800   6254555.00000     10514.53203 Case2_F007_NNW 2
INLINE-  2147483647 2147483647    509866.34400   6254612.50000     10043.20009 Case2_F007_NNW 3
INLINE-  2147483647 2147483647    509866.28100   6254547.00000     10410.45982 Case2_F007_NNW 3
INLINE-  2147483647 2147483647    509948.65600   6254617.50000     10058.11612 Case2_F007_NNW 4
INLINE-  2147483647 2147483647    509948.62500   6254560.50000     10339.71868 Case2_F007_NNW 4
INLINE-  2147483647 2147483647    509986.06200   6254632.00000     10094.44419 Case2_F007_NNW 5
INLINE-  2147483647 2147483647    509986.00000   6254577.50000     10321.03964 Case2_F007_NNW 5
INLINE-  2147483647 2147483647    510048.53100   6254634.50000     10097.26619 Case2_F007_NNW 6
INLINE-  2147483647 2147483647    510048.50000   6254577.50000     10321.03964 Case2_F007_NNW 6
