INLINE-  2147483647 2147483647    516681.37500   6250307.00000      9655.03931 Case1_F043_EW 1
INLINE-  2147483647 2147483647    516729.96900   6250243.50000      9957.21991 Case1_F043_EW 1
INLINE-  2147483647 2147483647    516797.65600   6250155.00000     10247.82050 Case1_F043_EW 1
INLINE-  2147483647 2147483647    516634.81200   6250265.00000      9669.12934 Case1_F043_EW 2
INLINE-  2147483647 2147483647    516675.78100   6250211.50000      9967.56894 Case1_F043_EW 2
INLINE-  2147483647 2147483647    516741.93800   6250125.00000     10236.22047 Case1_F043_EW 2
INLINE-  2147483647 2147483647    516579.12500   6250255.50000      9671.01934 Case1_F043_EW 3
INLINE-  2147483647 2147483647    516624.68800   6250196.00000      9958.29992 Case1_F043_EW 3
INLINE-  2147483647 2147483647    516694.65600   6250104.50000     10210.72042 Case1_F043_EW 3
INLINE-  2147483647 2147483647    516520.40600   6250250.00000      9664.33933 Case1_F043_EW 4
INLINE-  2147483647 2147483647    516569.78100   6250185.50000      9914.81983 Case1_F043_EW 4
INLINE-  2147483647 2147483647    516645.84400   6250086.00000     10185.62037 Case1_F043_EW 4
INLINE-  2147483647 2147483647    516462.43800   6250223.00000      9631.23926 Case1_F043_EW 5
INLINE-  2147483647 2147483647    516511.03100   6250159.50000      9922.13884 Case1_F043_EW 5
INLINE-  2147483647 2147483647    516580.25000   6250069.00000     10182.42036 Case1_F043_EW 5
INLINE-  2147483647 2147483647    516408.21900   6250191.00000      9597.23919 Case1_F043_EW 6
INLINE-  2147483647 2147483647    516448.65600   6250138.00000      9919.86984 Case1_F043_EW 6
INLINE-  2147483647 2147483647    516516.09400   6250050.00000     10186.42037 Case1_F043_EW 6
INLINE-  2147483647 2147483647    516351.09400   6250162.50000      9601.47920 Case1_F043_EW 7
INLINE-  2147483647 2147483647    516394.37500   6250106.00000      9911.31882 Case1_F043_EW 7
INLINE-  2147483647 2147483647    516464.09400   6250015.00000     10186.52037 Case1_F043_EW 7
INLINE-  2147483647 2147483647    516292.34400   6250136.50000      9611.56922 Case1_F043_EW 8
INLINE-  2147483647 2147483647    516340.93800   6250073.00000      9895.40979 Case1_F043_EW 8
INLINE-  2147483647 2147483647    516416.78100   6249974.00000     10186.42037 Case1_F043_EW 8
INLINE-  2147483647 2147483647    516216.78100   6250112.00000      9592.43918 Case1_F043_EW 9
INLINE-  2147483647 2147483647    516279.87500   6250029.50000      9900.44980 Case1_F043_EW 9
INLINE-  2147483647 2147483647    516357.25000   6249928.50000     10186.42037 Case1_F043_EW 9
INLINE-  2147483647 2147483647    516152.06200   6250093.50000      9568.91914 Case1_F043_EW 10
INLINE-  2147483647 2147483647    516227.15600   6249995.50000      9893.68979 Case1_F043_EW 10
INLINE-  2147483647 2147483647    516307.56200   6249890.50000     10186.42037 Case1_F043_EW 10
INLINE-  2147483647 2147483647    516099.37500   6250059.50000      9565.19913 Case1_F043_EW 11
INLINE-  2147483647 2147483647    516174.46900   6249961.50000      9883.63977 Case1_F043_EW 11
INLINE-  2147483647 2147483647    516257.93800   6249852.50000     10186.42037 Case1_F043_EW 11
INLINE-  2147483647 2147483647    516052.62500   6250018.00000      9568.91914 Case1_F043_EW 12
INLINE-  2147483647 2147483647    516127.96900   6249919.50000      9893.68979 Case1_F043_EW 12
INLINE-  2147483647 2147483647    516208.37500   6249814.50000     10186.42037 Case1_F043_EW 12
