INLINE-  2147483647 2147483647    514609.40600   6252685.50000      9455.34691 Case2_F119_NS 1
INLINE-  2147483647 2147483647    514630.31200   6252701.50000      9812.74963 Case2_F119_NS 1
INLINE-  2147483647 2147483647    514646.90600   6252714.00000     10171.13334 Case2_F119_NS 1
INLINE-  2147483647 2147483647    514682.25000   6252741.00000     10668.22234 Case2_F119_NS 1
INLINE-  2147483647 2147483647    514648.71900   6252637.00000      9433.55387 Case2_F119_NS 2
INLINE-  2147483647 2147483647    514671.15600   6252654.00000      9851.47170 Case2_F119_NS 2
INLINE-  2147483647 2147483647    514690.53100   6252669.00000     10269.97954 Case2_F119_NS 2
INLINE-  2147483647 2147483647    514718.68800   6252690.50000     10686.50537 Case2_F119_NS 2
INLINE-  2147483647 2147483647    514680.37500   6252598.00000      9408.52682 Case2_F119_NS 3
INLINE-  2147483647 2147483647    514699.15600   6252612.50000      9781.82256 Case2_F119_NS 3
INLINE-  2147483647 2147483647    514714.25000   6252624.00000     10155.89331 Case2_F119_NS 3
INLINE-  2147483647 2147483647    514745.96900   6252648.50000     10673.01235 Case2_F119_NS 3
INLINE-  2147483647 2147483647    514718.12500   6252548.50000      9373.27275 Case2_F119_NS 4
INLINE-  2147483647 2147483647    514738.50000   6252564.00000      9813.81263 Case2_F119_NS 4
INLINE-  2147483647 2147483647    514757.71900   6252578.50000     10254.51851 Case2_F119_NS 4
INLINE-  2147483647 2147483647    514786.28100   6252600.50000     10693.23839 Case2_F119_NS 4
INLINE-  2147483647 2147483647    514755.15600   6252498.00000      9339.37668 Case2_F119_NS 5
INLINE-  2147483647 2147483647    514773.12500   6252511.50000      9736.02447 Case2_F119_NS 5
INLINE-  2147483647 2147483647    514789.09400   6252524.00000     10133.02027 Case2_F119_NS 5
INLINE-  2147483647 2147483647    514824.96900   6252551.50000     10690.95838 Case2_F119_NS 5
INLINE-  2147483647 2147483647    514791.37500   6252447.00000      9322.40564 Case2_F119_NS 6
INLINE-  2147483647 2147483647    514811.81200   6252462.50000      9777.69256 Case2_F119_NS 6
INLINE-  2147483647 2147483647    514833.31200   6252479.00000     10232.71347 Case2_F119_NS 6
INLINE-  2147483647 2147483647    514865.93800   6252504.00000     10685.11537 Case2_F119_NS 6
INLINE-  2147483647 2147483647    514827.81200   6252396.00000      9311.73962 Case2_F119_NS 7
INLINE-  2147483647 2147483647    514845.62500   6252410.00000      9717.82044 Case2_F119_NS 7
INLINE-  2147483647 2147483647    514864.71900   6252424.50000     10123.65625 Case2_F119_NS 7
INLINE-  2147483647 2147483647    514904.84400   6252455.00000     10682.41236 Case2_F119_NS 7
INLINE-  2147483647 2147483647    514866.28100   6252347.00000      9316.51463 Case2_F119_NS 8
INLINE-  2147483647 2147483647    514880.43800   6252358.00000      9734.55247 Case2_F119_NS 8
INLINE-  2147483647 2147483647    514900.50000   6252373.00000     10081.30616 Case2_F119_NS 8
INLINE-  2147483647 2147483647    514931.28100   6252396.50000     10698.96640 Case2_F119_NS 8
