INLINE-  2147483647 2147483647    515682.56250   6248518.00000      8765.30757 Case1_F082_NS 1
INLINE-  2147483647 2147483647    515668.06250   6248507.00000      8868.07731 Case1_F082_NS 1
INLINE-  2147483647 2147483647    515638.40625   6248484.00000      9069.35798 Case1_F082_NS 1
INLINE-  2147483647 2147483647    515589.46875   6248447.00000      9378.33907 Case1_F082_NS 1
INLINE-  2147483647 2147483647    515538.34375   6248407.50000      9685.94906 Case1_F082_NS 1
INLINE-  2147483647 2147483647    515699.93750   6248500.00000      8763.45796 Case1_F082_NS 2
INLINE-  2147483647 2147483647    515690.12500   6248492.50000      8832.29794 Case1_F082_NS 2
INLINE-  2147483647 2147483647    515658.34375   6248468.00000      9054.26811 Case1_F082_NS 2
INLINE-  2147483647 2147483647    515625.09375   6248442.50000      9275.37890 Case1_F082_NS 2
INLINE-  2147483647 2147483647    515590.56250   6248416.00000      9495.69868 Case1_F082_NS 2
INLINE-  2147483647 2147483647    515554.90625   6248389.00000      9715.25966 Case1_F082_NS 2
INLINE-  2147483647 2147483647    515724.31250   6248471.50000      8766.79781 Case1_F082_NS 3
INLINE-  2147483647 2147483647    515708.12500   6248459.00000      8880.43768 Case1_F082_NS 3
INLINE-  2147483647 2147483647    515669.03125   6248429.00000      9159.81812 Case1_F082_NS 3
INLINE-  2147483647 2147483647    515621.46875   6248392.50000      9475.12930 Case1_F082_NS 3
INLINE-  2147483647 2147483647    515581.06250   6248361.50000      9734.91986 Case1_F082_NS 3
INLINE-  2147483647 2147483647    515734.75000   6248448.00000      8783.16796 Case1_F082_NS 4
INLINE-  2147483647 2147483647    515729.09375   6248443.50000      8848.75793 Case1_F082_NS 4
INLINE-  2147483647 2147483647    515690.65625   6248414.00000      9139.66867 Case1_F082_NS 4
INLINE-  2147483647 2147483647    515647.00000   6248380.50000      9427.50909 Case1_F082_NS 4
INLINE-  2147483647 2147483647    515604.71875   6248348.50000      9716.24990 Case1_F082_NS 4
INLINE-  2147483647 2147483647    515755.15625   6248416.00000      8780.57713 Case1_F082_NS 5
INLINE-  2147483647 2147483647    515747.59375   6248410.50000      8889.88790 Case1_F082_NS 5
INLINE-  2147483647 2147483647    515716.93750   6248387.00000      9134.74874 Case1_F082_NS 5
INLINE-  2147483647 2147483647    515678.21875   6248357.50000      9385.75901 Case1_F082_NS 5
INLINE-  2147483647 2147483647    515636.12500   6248325.00000      9689.04965 Case1_F082_NS 5
INLINE-  2147483647 2147483647    515781.71875   6248389.50000      8767.37789 Case1_F082_NS 6
INLINE-  2147483647 2147483647    515775.65625   6248384.50000      8828.95809 Case1_F082_NS 6
INLINE-  2147483647 2147483647    515755.00000   6248369.00000      9012.02779 Case1_F082_NS 6
INLINE-  2147483647 2147483647    515724.12500   6248345.50000      9237.07804 Case1_F082_NS 6
INLINE-  2147483647 2147483647    515692.15625   6248321.00000      9461.54920 Case1_F082_NS 6
INLINE-  2147483647 2147483647    515661.28125   6248297.00000      9686.69906 Case1_F082_NS 6
INLINE-  2147483647 2147483647    515797.87500   6248370.00000      8760.24799 Case1_F082_NS 7
INLINE-  2147483647 2147483647    515784.59375   6248360.00000      8898.06760 Case1_F082_NS 7
INLINE-  2147483647 2147483647    515753.90625   6248336.50000      9127.47822 Case1_F082_NS 7
INLINE-  2147483647 2147483647    515717.09375   6248308.50000      9403.29908 Case1_F082_NS 7
INLINE-  2147483647 2147483647    515677.56250   6248278.00000      9688.86899 Case1_F082_NS 7
INLINE-  2147483647 2147483647    515829.75000   6248331.50000      8753.74798 Case1_F082_NS 8
INLINE-  2147483647 2147483647    515822.90625   6248326.50000      8854.15736 Case1_F082_NS 8
INLINE-  2147483647 2147483647    515788.28125   6248300.00000      9132.09834 Case1_F082_NS 8
INLINE-  2147483647 2147483647    515750.34375   6248271.00000      9408.42897 Case1_F082_NS 8
INLINE-  2147483647 2147483647    515711.71875   6248241.50000      9684.40902 Case1_F082_NS 8
INLINE-  2147483647 2147483647    515857.21875   6248305.50000      8776.40720 Case1_F082_NS 9
INLINE-  2147483647 2147483647    515843.40625   6248295.00000      8909.98755 Case1_F082_NS 9
INLINE-  2147483647 2147483647    515817.31250   6248275.00000      9118.68816 Case1_F082_NS 9
INLINE-  2147483647 2147483647    515779.00000   6248245.50000      9389.11839 Case1_F082_NS 9
INLINE-  2147483647 2147483647    515737.78125   6248214.00000      9679.45979 Case1_F082_NS 9
INLINE-  2147483647 2147483647    515880.50000   6248276.00000      8775.55759 Case1_F082_NS 10
INLINE-  2147483647 2147483647    515862.53125   6248262.50000      8926.05789 Case1_F082_NS 10
INLINE-  2147483647 2147483647    515835.21875   6248241.50000      9155.94800 Case1_F082_NS 10
INLINE-  2147483647 2147483647    515797.81250   6248213.00000      9417.38895 Case1_F082_NS 10
INLINE-  2147483647 2147483647    515759.00000   6248183.00000      9677.96955 Case1_F082_NS 10
INLINE-  2147483647 2147483647    515894.15625   6248239.50000      8778.91795 Case1_F082_NS 11
INLINE-  2147483647 2147483647    515877.56250   6248226.50000      8952.73763 Case1_F082_NS 11
INLINE-  2147483647 2147483647    515844.71875   6248201.50000      9231.46866 Case1_F082_NS 11
INLINE-  2147483647 2147483647    515815.81250   6248179.50000      9441.28841 Case1_F082_NS 11
INLINE-  2147483647 2147483647    515785.56250   6248156.00000      9650.33961 Case1_F082_NS 11
INLINE-  2147483647 2147483647    515918.78125   6248195.00000      8785.94726 Case1_F082_NS 12
INLINE-  2147483647 2147483647    515913.31250   6248191.00000      8852.59778 Case1_F082_NS 12
INLINE-  2147483647 2147483647    515904.78125   6248184.50000      8937.21807 Case1_F082_NS 12
INLINE-  2147483647 2147483647    515879.15625   6248165.00000      9173.79862 Case1_F082_NS 12
INLINE-  2147483647 2147483647    515849.78125   6248142.50000      9397.11840 Case1_F082_NS 12
INLINE-  2147483647 2147483647    515819.00000   6248119.00000      9619.67940 Case1_F082_NS 12
INLINE-  2147483647 2147483647    515936.40625   6248161.50000      8802.83792 Case1_F082_NS 13
INLINE-  2147483647 2147483647    515920.90625   6248149.50000      8973.47791 Case1_F082_NS 13
INLINE-  2147483647 2147483647    515884.46875   6248122.00000      9280.94825 Case1_F082_NS 13
INLINE-  2147483647 2147483647    515841.00000   6248088.50000      9584.64905 Case1_F082_NS 13
INLINE-  2147483647 2147483647    515951.00000   6248141.00000      8799.05764 Case1_F082_NS 14
INLINE-  2147483647 2147483647    515933.21875   6248127.50000      8972.07751 Case1_F082_NS 14
INLINE-  2147483647 2147483647    515898.28125   6248101.00000      9258.78805 Case1_F082_NS 14
INLINE-  2147483647 2147483647    515854.40625   6248067.50000      9552.71930 Case1_F082_NS 14
INLINE-  2147483647 2147483647    515963.59375   6248119.50000      8796.39748 Case1_F082_NS 15
INLINE-  2147483647 2147483647    515956.93750   6248114.50000      8861.00796 Case1_F082_NS 15
INLINE-  2147483647 2147483647    515942.06250   6248103.00000      9012.05806 Case1_F082_NS 15
INLINE-  2147483647 2147483647    515905.81250   6248075.00000      9288.08889 Case1_F082_NS 15
INLINE-  2147483647 2147483647    515867.62500   6248046.00000      9563.08944 Case1_F082_NS 15
INLINE-  2147483647 2147483647    515988.28125   6248091.00000      8788.94727 Case1_F082_NS 16
INLINE-  2147483647 2147483647    515976.37500   6248082.00000      8896.16818 Case1_F082_NS 16
INLINE-  2147483647 2147483647    515952.62500   6248064.00000      9106.15786 Case1_F082_NS 16
INLINE-  2147483647 2147483647    515926.71875   6248044.00000      9315.12898 Case1_F082_NS 16
INLINE-  2147483647 2147483647    515900.40625   6248024.00000      9523.85889 Case1_F082_NS 16
INLINE-  2147483647 2147483647    516000.09375   6248068.50000      8787.93750 Case1_F082_NS 17
INLINE-  2147483647 2147483647    515985.68750   6248057.50000      8951.51790 Case1_F082_NS 17
INLINE-  2147483647 2147483647    515929.59375   6248014.50000      9474.85879 Case1_F082_NS 17
INLINE-  2147483647 2147483647    516015.59375   6248049.00000      8789.73731 Case1_F082_NS 18
INLINE-  2147483647 2147483647    516000.87500   6248037.50000      8951.51790 Case1_F082_NS 18
INLINE-  2147483647 2147483647    515944.81250   6247995.00000      9474.85879 Case1_F082_NS 18
