INLINE-  2147483647 2147483647    512925.40600   6249414.50000     10061.52312 Case2_F158_EW 1
INLINE-  2147483647 2147483647    512929.62500   6249409.00000     10223.05145 Case2_F158_EW 1
INLINE-  2147483647 2147483647    512938.43800   6249397.50000     10503.24901 Case2_F158_EW 1
INLINE-  2147483647 2147483647    512979.18800   6249344.50000     10782.82257 Case2_F158_EW 1
INLINE-  2147483647 2147483647    512878.34400   6249414.50000     10070.34614 Case2_F158_EW 2
INLINE-  2147483647 2147483647    512892.59400   6249396.00000     10222.01644 Case2_F158_EW 2
INLINE-  2147483647 2147483647    512908.65600   6249375.00000     10503.24901 Case2_F158_EW 2
INLINE-  2147483647 2147483647    512949.40600   6249321.50000     10782.82257 Case2_F158_EW 2
INLINE-  2147483647 2147483647    512834.96900   6249389.00000     10075.16315 Case2_F158_EW 3
INLINE-  2147483647 2147483647    512840.71900   6249381.50000     10244.17149 Case2_F158_EW 3
INLINE-  2147483647 2147483647    512866.03100   6249348.00000     10574.60615 Case2_F158_EW 3
INLINE-  2147483647 2147483647    512925.34400   6249270.50000     10834.80467 Case2_F158_EW 3
INLINE-  2147483647 2147483647    512791.71900   6249383.50000     10067.80714 Case2_F158_EW 4
INLINE-  2147483647 2147483647    512809.59400   6249360.50000     10274.10855 Case2_F158_EW 4
INLINE-  2147483647 2147483647    512848.28100   6249309.50000     10593.30019 Case2_F158_EW 4
INLINE-  2147483647 2147483647    512894.25000   6249249.50000     10799.88460 Case2_F158_EW 4
INLINE-  2147483647 2147483647    512744.78100   6249383.00000     10020.76304 Case2_F158_EW 5
INLINE-  2147483647 2147483647    512755.84400   6249369.00000     10253.08451 Case2_F158_EW 5
INLINE-  2147483647 2147483647    512810.87500   6249297.00000     10577.87316 Case2_F158_EW 5
INLINE-  2147483647 2147483647    512890.59400   6249192.50000     10847.19269 Case2_F158_EW 5
INLINE-  2147483647 2147483647    512704.50000   6249374.00000     10009.16302 Case2_F158_EW 6
INLINE-  2147483647 2147483647    512714.46900   6249361.00000     10269.79754 Case2_F158_EW 6
INLINE-  2147483647 2147483647    512786.28100   6249267.50000     10658.34132 Case2_F158_EW 6
INLINE-  2147483647 2147483647    512860.81200   6249170.00000     10847.19269 Case2_F158_EW 6
INLINE-  2147483647 2147483647    512652.59400   6249359.50000     10019.20404 Case2_F158_EW 7
INLINE-  2147483647 2147483647    512676.93800   6249328.00000     10310.36962 Case2_F158_EW 7
INLINE-  2147483647 2147483647    512747.78100   6249235.50000     10745.00349 Case2_F158_EW 7
INLINE-  2147483647 2147483647    512824.75000   6249135.00000     10889.00078 Case2_F158_EW 7
INLINE-  2147483647 2147483647    512580.81200   6249350.50000     10032.92807 Case2_F158_EW 8
INLINE-  2147483647 2147483647    512622.75000   6249296.00000     10437.27187 Case2_F158_EW 8
INLINE-  2147483647 2147483647    512695.00000   6249201.50000     10772.13454 Case2_F158_EW 8
INLINE-  2147483647 2147483647    512800.09400   6249064.00000     10998.48700 Case2_F158_EW 8
INLINE-  2147483647 2147483647    512483.40600   6249375.00000     10027.72506 Case2_F158_EW 9
INLINE-  2147483647 2147483647    512516.84400   6249331.50000     10327.72866 Case2_F158_EW 9
INLINE-  2147483647 2147483647    512563.90600   6249270.00000     10527.55806 Case2_F158_EW 9
INLINE-  2147483647 2147483647    512658.21900   6249146.50000     10783.46357 Case2_F158_EW 9
INLINE-  2147483647 2147483647    512760.06200   6249013.50000     11004.99701 Case2_F158_EW 9
INLINE-  2147483647 2147483647    512437.46900   6249353.00000     10037.15507 Case2_F158_EW 10
INLINE-  2147483647 2147483647    512465.15600   6249316.50000     10310.67262 Case2_F158_EW 10
INLINE-  2147483647 2147483647    512520.68800   6249244.00000     10561.79712 Case2_F158_EW 10
INLINE-  2147483647 2147483647    512613.59400   6249123.00000     10829.22666 Case2_F158_EW 10
INLINE-  2147483647 2147483647    512720.28100   6248983.50000     11030.34406 Case2_F158_EW 10
INLINE-  2147483647 2147483647    512385.84400   6249338.00000     10034.22107 Case2_F158_EW 11
INLINE-  2147483647 2147483647    512416.96900   6249297.50000     10313.78663 Case2_F158_EW 11
INLINE-  2147483647 2147483647    512481.00000   6249213.50000     10561.79712 Case2_F158_EW 11
INLINE-  2147483647 2147483647    512553.68800   6249118.50000     10811.58762 Case2_F158_EW 11
INLINE-  2147483647 2147483647    512635.31200   6249012.00000     11028.68806 Case2_F158_EW 11
INLINE-  2147483647 2147483647    512347.84400   6249326.00000     10019.45004 Case2_F158_EW 12
INLINE-  2147483647 2147483647    512382.43800   6249281.00000     10316.98063 Case2_F158_EW 12
INLINE-  2147483647 2147483647    512446.40600   6249197.00000     10578.36316 Case2_F158_EW 12
INLINE-  2147483647 2147483647    512521.78100   6249098.50000     10828.41066 Case2_F158_EW 12
INLINE-  2147483647 2147483647    512589.31200   6249010.50000     11023.74305 Case2_F158_EW 12
INLINE-  2147483647 2147483647    512300.28100   6249306.00000     10014.39003 Case2_F158_EW 13
INLINE-  2147483647 2147483647    512328.53100   6249269.00000     10302.28160 Case2_F158_EW 13
INLINE-  2147483647 2147483647    512394.12500   6249183.50000     10618.30024 Case2_F158_EW 13
INLINE-  2147483647 2147483647    512538.00000   6248995.00000     11017.98604 Case2_F158_EW 13
INLINE-  2147483647 2147483647    512267.18800   6249287.50000     10065.71913 Case2_F158_EW 14
INLINE-  2147483647 2147483647    512295.46900   6249250.50000     10311.64462 Case2_F158_EW 14
INLINE-  2147483647 2147483647    512371.00000   6249152.00000     10660.19732 Case2_F158_EW 14
INLINE-  2147483647 2147483647    512472.43800   6249019.00000     10945.24289 Case2_F158_EW 14
INLINE-  2147483647 2147483647    512217.53100   6249249.50000     10065.71913 Case2_F158_EW 15
INLINE-  2147483647 2147483647    512245.81200   6249212.50000     10311.64462 Case2_F158_EW 15
INLINE-  2147483647 2147483647    512320.15600   6249115.50000     10641.37128 Case2_F158_EW 15
INLINE-  2147483647 2147483647    512423.71900   6248980.00000     10945.02389 Case2_F158_EW 15
INLINE-  2147483647 2147483647    512177.84400   6249219.00000     10065.71913 Case2_F158_EW 16
INLINE-  2147483647 2147483647    512206.12500   6249182.00000     10311.64462 Case2_F158_EW 16
INLINE-  2147483647 2147483647    512278.31200   6249088.00000     10628.16826 Case2_F158_EW 16
INLINE-  2147483647 2147483647    512384.25000   6248949.50000     10957.88792 Case2_F158_EW 16
INLINE-  2147483647 2147483647    512137.43800   6249189.50000     10070.83114 Case2_F158_EW 17
INLINE-  2147483647 2147483647    512161.03100   6249159.00000     10313.93363 Case2_F158_EW 17
INLINE-  2147483647 2147483647    512238.59400   6249057.50000     10628.16826 Case2_F158_EW 17
INLINE-  2147483647 2147483647    512289.84400   6248990.50000     10826.23865 Case2_F158_EW 17
INLINE-  2147483647 2147483647    512354.84400   6248905.50000     10997.82900 Case2_F158_EW 17
INLINE-  2147483647 2147483647    512097.71900   6249159.00000     10070.83114 Case2_F158_EW 18
INLINE-  2147483647 2147483647    512122.56200   6249127.00000     10308.14962 Case2_F158_EW 18
INLINE-  2147483647 2147483647    512198.87500   6249027.00000     10628.16826 Case2_F158_EW 18
INLINE-  2147483647 2147483647    512250.12500   6248960.00000     10826.23865 Case2_F158_EW 18
INLINE-  2147483647 2147483647    512309.40600   6248882.50000     11021.17904 Case2_F158_EW 18
INLINE-  2147483647 2147483647    512069.81200   6249134.00000     10112.67923 Case2_F158_EW 19
INLINE-  2147483647 2147483647    512082.93800   6249117.00000     10287.82958 Case2_F158_EW 19
INLINE-  2147483647 2147483647    512158.43800   6249018.00000     10622.16224 Case2_F158_EW 19
INLINE-  2147483647 2147483647    512220.34400   6248937.50000     10826.23865 Case2_F158_EW 19
INLINE-  2147483647 2147483647    512293.03100   6248842.50000     11044.52409 Case2_F158_EW 19
INLINE-  2147483647 2147483647    512040.03100   6249111.00000     10112.67923 Case2_F158_EW 20
INLINE-  2147483647 2147483647    512053.15600   6249094.00000     10287.82958 Case2_F158_EW 20
INLINE-  2147483647 2147483647    512128.65600   6248995.50000     10622.16224 Case2_F158_EW 20
INLINE-  2147483647 2147483647    512223.78100   6248871.00000     10877.12075 Case2_F158_EW 20
