INLINE-  2147483647 2147483647    516748.53100   6247710.00000      9106.01821 Case1_F120_EW 1
INLINE-  2147483647 2147483647    516772.00000   6247679.50000      9706.42541 Case1_F120_EW 1
INLINE-  2147483647 2147483647    516823.84400   6247611.50000     10268.62054 Case1_F120_EW 1
INLINE-  2147483647 2147483647    516874.00000   6247546.00000     10514.40703 Case1_F120_EW 1
INLINE-  2147483647 2147483647    516798.18800   6247748.00000      9106.01821 Case1_F120_EW 2
INLINE-  2147483647 2147483647    516819.53100   6247720.00000      9716.28943 Case1_F120_EW 2
INLINE-  2147483647 2147483647    516873.46900   6247649.50000     10268.62054 Case1_F120_EW 2
INLINE-  2147483647 2147483647    516938.12500   6247565.00000     10574.92115 Case1_F120_EW 2
INLINE-  2147483647 2147483647    516858.53100   6247792.50000      9172.79835 Case1_F120_EW 3
INLINE-  2147483647 2147483647    516890.56200   6247750.50000      9702.22940 Case1_F120_EW 3
INLINE-  2147483647 2147483647    516942.21900   6247683.00000     10191.62038 Case1_F120_EW 3
INLINE-  2147483647 2147483647    516998.21900   6247610.00000     10544.83309 Case1_F120_EW 3
INLINE-  2147483647 2147483647    517055.37500   6247535.00000     10739.27548 Case1_F120_EW 3
INLINE-  2147483647 2147483647    517086.40600   6247494.50000     10819.26564 Case1_F120_EW 3
INLINE-  2147483647 2147483647    516956.06200   6247788.50000      9243.14849 Case1_F120_EW 4
INLINE-  2147483647 2147483647    516978.93800   6247758.50000      9696.74939 Case1_F120_EW 4
INLINE-  2147483647 2147483647    517045.09400   6247672.00000     10182.42036 Case1_F120_EW 4
INLINE-  2147483647 2147483647    517120.93800   6247573.00000     10650.62130 Case1_F120_EW 4
INLINE-  2147483647 2147483647    517197.06200   6247473.50000     10859.85372 Case1_F120_EW 4
INLINE-  2147483647 2147483647    517280.56200   6247364.50000     10986.32897 Case1_F120_EW 4
INLINE-  2147483647 2147483647    517032.40600   6247812.00000      9140.52828 Case1_F120_EW 5
INLINE-  2147483647 2147483647    517068.03100   6247765.50000      9660.82932 Case1_F120_EW 5
INLINE-  2147483647 2147483647    517128.09400   6247687.00000     10113.62023 Case1_F120_EW 5
INLINE-  2147483647 2147483647    517206.21900   6247585.00000     10569.22014 Case1_F120_EW 5
INLINE-  2147483647 2147483647    517289.93800   6247475.50000     10871.12174 Case1_F120_EW 5
INLINE-  2147483647 2147483647    517400.09400   6247331.50000     11027.62206 Case1_F120_EW 5
INLINE-  2147483647 2147483647    517106.28100   6247839.00000      9214.97843 Case1_F120_EW 6
INLINE-  2147483647 2147483647    517135.28100   6247801.00000      9639.87928 Case1_F120_EW 6
INLINE-  2147483647 2147483647    517193.06200   6247725.50000     10079.72016 Case1_F120_EW 6
INLINE-  2147483647 2147483647    517256.68800   6247642.50000     10476.52095 Case1_F120_EW 6
INLINE-  2147483647 2147483647    517346.50000   6247525.00000     10859.12172 Case1_F120_EW 6
INLINE-  2147483647 2147483647    517480.09400   6247350.50000     11063.22213 Case1_F120_EW 6
INLINE-  2147483647 2147483647    517169.75000   6247879.50000      9101.69820 Case1_F120_EW 7
INLINE-  2147483647 2147483647    517217.56200   6247817.00000      9695.87839 Case1_F120_EW 7
INLINE-  2147483647 2147483647    517262.37500   6247758.50000     10066.71913 Case1_F120_EW 7
INLINE-  2147483647 2147483647    517300.53100   6247708.50000     10325.22065 Case1_F120_EW 7
INLINE-  2147483647 2147483647    517363.40600   6247626.50000     10719.52144 Case1_F120_EW 7
INLINE-  2147483647 2147483647    517407.40600   6247569.00000     10883.02177 Case1_F120_EW 7
INLINE-  2147483647 2147483647    517468.18800   6247489.50000     11025.10005 Case1_F120_EW 7
INLINE-  2147483647 2147483647    517522.21900   6247419.00000     11099.73120 Case1_F120_EW 7
INLINE-  2147483647 2147483647    517236.93800   6247915.00000      9082.61817 Case1_F120_EW 8
INLINE-  2147483647 2147483647    517294.68800   6247839.50000      9727.82946 Case1_F120_EW 8
INLINE-  2147483647 2147483647    517331.09400   6247792.00000     10081.71916 Case1_F120_EW 8
INLINE-  2147483647 2147483647    517378.90600   6247729.50000     10419.12084 Case1_F120_EW 8
INLINE-  2147483647 2147483647    517442.78100   6247646.00000     10794.52159 Case1_F120_EW 8
INLINE-  2147483647 2147483647    517523.96900   6247540.00000     11060.22212 Case1_F120_EW 8
INLINE-  2147483647 2147483647    517625.75000   6247407.00000     11143.12229 Case1_F120_EW 8
INLINE-  2147483647 2147483647    517336.75000   6247908.00000      9221.15844 Case1_F120_EW 9
INLINE-  2147483647 2147483647    517386.09400   6247843.50000      9864.97973 Case1_F120_EW 9
INLINE-  2147483647 2147483647    517429.34400   6247787.00000     10210.62042 Case1_F120_EW 9
INLINE-  2147483647 2147483647    517488.65600   6247709.50000     10625.02125 Case1_F120_EW 9
INLINE-  2147483647 2147483647    517541.81200   6247640.00000     10841.02168 Case1_F120_EW 9
INLINE-  2147483647 2147483647    517629.09400   6247526.00000     11108.42222 Case1_F120_EW 9
INLINE-  2147483647 2147483647    517724.03100   6247402.00000     11222.32244 Case1_F120_EW 9
INLINE-  2147483647 2147483647    517420.56200   6247922.00000      9334.55867 Case1_F120_EW 10
INLINE-  2147483647 2147483647    517458.46900   6247872.50000      9861.83972 Case1_F120_EW 10
INLINE-  2147483647 2147483647    517504.25000   6247812.50000     10228.52046 Case1_F120_EW 10
INLINE-  2147483647 2147483647    517568.65600   6247728.50000     10576.42115 Case1_F120_EW 10
INLINE-  2147483647 2147483647    517638.62500   6247637.00000     10907.72182 Case1_F120_EW 10
INLINE-  2147483647 2147483647    517731.25000   6247516.00000     11163.62233 Case1_F120_EW 10
INLINE-  2147483647 2147483647    517823.09400   6247396.00000     11307.92262 Case1_F120_EW 10
INLINE-  2147483647 2147483647    517493.90600   6247949.50000      9360.89772 Case1_F120_EW 11
INLINE-  2147483647 2147483647    517536.37500   6247894.00000      9870.78974 Case1_F120_EW 11
INLINE-  2147483647 2147483647    517569.71900   6247850.50000     10221.31944 Case1_F120_EW 11
INLINE-  2147483647 2147483647    517666.93800   6247723.50000     10739.22048 Case1_F120_EW 11
INLINE-  2147483647 2147483647    517769.46900   6247589.50000     11087.02217 Case1_F120_EW 11
INLINE-  2147483647 2147483647    517891.09400   6247430.50000     11344.92269 Case1_F120_EW 11
INLINE-  2147483647 2147483647    517570.84400   6247993.00000      9527.56806 Case1_F120_EW 12
INLINE-  2147483647 2147483647    517596.81200   6247959.00000      9876.01975 Case1_F120_EW 12
INLINE-  2147483647 2147483647    517670.34400   6247863.00000     10410.72082 Case1_F120_EW 12
INLINE-  2147483647 2147483647    517771.37500   6247731.00000     10880.02176 Case1_F120_EW 12
INLINE-  2147483647 2147483647    517884.59400   6247583.00000     11187.22237 Case1_F120_EW 12
INLINE-  2147483647 2147483647    518000.87500   6247431.00000     11456.22291 Case1_F120_EW 12
INLINE-  2147483647 2147483647    517640.31200   6248005.00000      9576.48915 Case1_F120_EW 13
INLINE-  2147483647 2147483647    517662.18800   6247976.50000      9883.76977 Case1_F120_EW 13
INLINE-  2147483647 2147483647    517737.53100   6247878.00000     10429.21986 Case1_F120_EW 13
INLINE-  2147483647 2147483647    517840.84400   6247743.00000     10904.82181 Case1_F120_EW 13
INLINE-  2147483647 2147483647    517934.21900   6247621.00000     11187.22237 Case1_F120_EW 13
INLINE-  2147483647 2147483647    518050.50000   6247469.00000     11456.22291 Case1_F120_EW 13
