INLINE-  2147483647 2147483647    511264.21900   6254579.00000      9548.17110 Case2_F025_NS 1
INLINE-  2147483647 2147483647    511202.50000   6254532.00000     10030.16606 Case2_F025_NS 1
INLINE-  2147483647 2147483647    511042.75000   6254409.50000     10638.74228 Case2_F025_NS 1
INLINE-  2147483647 2147483647    511303.65600   6254546.50000      9565.39013 Case2_F025_NS 2
INLINE-  2147483647 2147483647    511252.93800   6254507.50000     10022.91105 Case2_F025_NS 2
INLINE-  2147483647 2147483647    511108.46900   6254397.00000     10602.62821 Case2_F025_NS 2
INLINE-  2147483647 2147483647    511396.75000   6254491.50000      9565.76013 Case2_F025_NS 3
INLINE-  2147483647 2147483647    511344.28100   6254451.50000     10018.42404 Case2_F025_NS 3
INLINE-  2147483647 2147483647    511188.93800   6254332.50000     10579.03116 Case2_F025_NS 3
INLINE-  2147483647 2147483647    511501.31200   6254446.00000      9563.53713 Case2_F025_NS 4
INLINE-  2147483647 2147483647    511428.81200   6254390.50000     10040.70908 Case2_F025_NS 4
INLINE-  2147483647 2147483647    511280.25000   6254276.50000     10611.64022 Case2_F025_NS 4
INLINE-  2147483647 2147483647    511620.25000   6254332.00000      9540.73008 Case2_F025_NS 5
INLINE-  2147483647 2147483647    511525.12500   6254259.50000     10057.80912 Case2_F025_NS 5
INLINE-  2147483647 2147483647    511371.65600   6254142.00000     10580.72816 Case2_F025_NS 5
INLINE-  2147483647 2147483647    511720.25000   6254251.50000      9530.91906 Case2_F025_NS 6
INLINE-  2147483647 2147483647    511645.15600   6254194.00000      9971.84094 Case2_F025_NS 6
INLINE-  2147483647 2147483647    511466.68800   6254057.50000     10541.30608 Case2_F025_NS 6
INLINE-  2147483647 2147483647    511805.68800   6254206.50000      9521.36504 Case2_F025_NS 7
INLINE-  2147483647 2147483647    511781.40600   6254188.00000      9752.01950 Case2_F025_NS 7
INLINE-  2147483647 2147483647    511768.96900   6254178.50000      9880.80076 Case2_F025_NS 7
INLINE-  2147483647 2147483647    511697.43800   6254123.50000     10149.43430 Case2_F025_NS 7
INLINE-  2147483647 2147483647    511563.65600   6254021.50000     10532.61207 Case2_F025_NS 7
INLINE-  2147483647 2147483647    511888.34400   6254144.00000      9522.05804 Case2_F025_NS 8
INLINE-  2147483647 2147483647    511803.00000   6254078.50000      9964.86293 Case2_F025_NS 8
INLINE-  2147483647 2147483647    511600.71900   6253924.00000     10566.87513 Case2_F025_NS 8
