INLINE-  2147483647 2147483647    513888.78100   6249238.50000      9048.82710 Case1_F036_NS 1
INLINE-  2147483647 2147483647    513815.68800   6249182.50000      9507.15801 Case1_F036_NS 1
INLINE-  2147483647 2147483647    513686.93800   6249084.00000     10522.92105 Case1_F036_NS 1
INLINE-  2147483647 2147483647    513553.09400   6248981.50000     11408.02282 Case1_F036_NS 1
INLINE-  2147483647 2147483647    513918.59400   6249182.50000      9033.11307 Case1_F036_NS 2
INLINE-  2147483647 2147483647    513865.21900   6249141.50000      9434.20487 Case1_F036_NS 2
INLINE-  2147483647 2147483647    513811.15600   6249100.00000      9835.23667 Case1_F036_NS 2
INLINE-  2147483647 2147483647    513759.59400   6249061.00000     10237.65748 Case1_F036_NS 2
INLINE-  2147483647 2147483647    513703.93800   6249018.00000     10637.83228 Case1_F036_NS 2
INLINE-  2147483647 2147483647    513642.18800   6248971.00000     11034.35807 Case1_F036_NS 2
INLINE-  2147483647 2147483647    513577.25000   6248921.00000     11428.87686 Case1_F036_NS 2
INLINE-  2147483647 2147483647    513943.40600   6249138.50000      9013.49703 Case1_F036_NS 3
INLINE-  2147483647 2147483647    513916.87500   6249118.00000      9290.39958 Case1_F036_NS 3
INLINE-  2147483647 2147483647    513870.12500   6249082.50000      9610.77822 Case1_F036_NS 3
INLINE-  2147483647 2147483647    513812.56200   6249038.50000     10064.63613 Case1_F036_NS 3
INLINE-  2147483647 2147483647    513723.81200   6248970.50000     10686.22137 Case1_F036_NS 3
INLINE-  2147483647 2147483647    513661.15600   6248922.50000     11069.19214 Case1_F036_NS 3
INLINE-  2147483647 2147483647    513595.56200   6248872.50000     11450.24190 Case1_F036_NS 3
INLINE-  2147483647 2147483647    513984.75000   6249091.50000      8977.42995 Case1_F036_NS 4
INLINE-  2147483647 2147483647    513937.43800   6249055.50000      9400.24580 Case1_F036_NS 4
INLINE-  2147483647 2147483647    513884.18800   6249014.50000      9820.39064 Case1_F036_NS 4
INLINE-  2147483647 2147483647    513831.53100   6248974.00000     10240.90548 Case1_F036_NS 4
INLINE-  2147483647 2147483647    513767.75000   6248925.50000     10655.19131 Case1_F036_NS 4
INLINE-  2147483647 2147483647    513698.84400   6248872.50000     11066.15613 Case1_F036_NS 4
INLINE-  2147483647 2147483647    513626.84400   6248817.50000     11474.97795 Case1_F036_NS 4
INLINE-  2147483647 2147483647    514030.71900   6249048.00000      8949.81890 Case1_F036_NS 5
INLINE-  2147483647 2147483647    513997.62500   6249022.50000      9243.48049 Case1_F036_NS 5
INLINE-  2147483647 2147483647    513962.50000   6248995.50000      9503.35501 Case1_F036_NS 5
INLINE-  2147483647 2147483647    513923.25000   6248965.50000      9855.64971 Case1_F036_NS 5
INLINE-  2147483647 2147483647    513881.40600   6248933.50000     10206.55841 Case1_F036_NS 5
INLINE-  2147483647 2147483647    513774.68800   6248852.00000     10857.76872 Case1_F036_NS 5
INLINE-  2147483647 2147483647    513660.40600   6248764.50000     11504.02301 Case1_F036_NS 5
INLINE-  2147483647 2147483647    514082.43800   6249009.00000      8985.45397 Case1_F036_NS 6
INLINE-  2147483647 2147483647    514038.56200   6248975.50000      9338.70168 Case1_F036_NS 6
INLINE-  2147483647 2147483647    513985.50000   6248934.50000      9776.65655 Case1_F036_NS 6
INLINE-  2147483647 2147483647    513849.03100   6248830.00000     10674.49935 Case1_F036_NS 6
INLINE-  2147483647 2147483647    513693.65600   6248711.50000     11553.27711 Case1_F036_NS 6
INLINE-  2147483647 2147483647    514150.25000   6248982.00000      8861.77772 Case1_F036_NS 7
INLINE-  2147483647 2147483647    514114.34400   6248954.50000      9192.44538 Case1_F036_NS 7
INLINE-  2147483647 2147483647    514054.75000   6248909.00000      9636.70827 Case1_F036_NS 7
INLINE-  2147483647 2147483647    513957.37500   6248834.50000     10225.02045 Case1_F036_NS 7
INLINE-  2147483647 2147483647    513733.81200   6248663.50000     11552.52311 Case1_F036_NS 7
INLINE-  2147483647 2147483647    514217.12500   6248954.50000      8845.07269 Case1_F036_NS 8
INLINE-  2147483647 2147483647    514174.09400   6248921.50000      9143.35729 Case1_F036_NS 8
INLINE-  2147483647 2147483647    514142.15600   6248897.00000      9410.47782 Case1_F036_NS 8
INLINE-  2147483647 2147483647    514096.03100   6248862.00000      9711.24542 Case1_F036_NS 8
INLINE-  2147483647 2147483647    514040.68800   6248819.50000      9983.70197 Case1_F036_NS 8
INLINE-  2147483647 2147483647    513931.43800   6248736.00000     10590.81418 Case1_F036_NS 8
INLINE-  2147483647 2147483647    513814.37500   6248646.50000     11191.32438 Case1_F036_NS 8
INLINE-  2147483647 2147483647    514308.15600   6248945.50000      8734.78747 Case1_F036_NS 9
INLINE-  2147483647 2147483647    514264.56200   6248912.00000      9018.67604 Case1_F036_NS 9
INLINE-  2147483647 2147483647    514210.03100   6248870.50000      9333.88267 Case1_F036_NS 9
INLINE-  2147483647 2147483647    514156.43800   6248829.50000      9657.44531 Case1_F036_NS 9
INLINE-  2147483647 2147483647    514061.93800   6248757.00000     10082.29116 Case1_F036_NS 9
INLINE-  2147483647 2147483647    513979.43800   6248694.00000     10491.02098 Case1_F036_NS 9
INLINE-  2147483647 2147483647    513897.25000   6248631.00000     10813.80863 Case1_F036_NS 9
INLINE-  2147483647 2147483647    514340.09400   6248922.50000      8807.03861 Case1_F036_NS 10
INLINE-  2147483647 2147483647    514285.25000   6248881.00000      9146.60429 Case1_F036_NS 10
INLINE-  2147483647 2147483647    514232.43800   6248840.50000      9413.91583 Case1_F036_NS 10
INLINE-  2147483647 2147483647    514171.31200   6248793.50000      9758.21352 Case1_F036_NS 10
INLINE-  2147483647 2147483647    514090.96900   6248732.00000     10068.41514 Case1_F036_NS 10
INLINE-  2147483647 2147483647    514021.46900   6248679.00000     10396.83879 Case1_F036_NS 10
INLINE-  2147483647 2147483647    513937.37500   6248614.50000     10711.07642 Case1_F036_NS 10
INLINE-  2147483647 2147483647    514362.31200   6248908.50000      8863.88673 Case1_F036_NS 11
INLINE-  2147483647 2147483647    514321.34400   6248877.00000      9143.88929 Case1_F036_NS 11
INLINE-  2147483647 2147483647    514267.96900   6248836.00000      9425.05585 Case1_F036_NS 11
INLINE-  2147483647 2147483647    514203.25000   6248786.50000      9746.70749 Case1_F036_NS 11
INLINE-  2147483647 2147483647    514123.00000   6248725.00000     10021.72304 Case1_F036_NS 11
INLINE-  2147483647 2147483647    514054.62500   6248673.00000     10324.51365 Case1_F036_NS 11
INLINE-  2147483647 2147483647    513973.90600   6248611.00000     10614.80623 Case1_F036_NS 11
INLINE-  2147483647 2147483647    514376.31200   6248887.50000      8909.07282 Case1_F036_NS 12
INLINE-  2147483647 2147483647    514343.21900   6248862.00000      9198.47340 Case1_F036_NS 12
INLINE-  2147483647 2147483647    514290.25000   6248821.50000      9476.13295 Case1_F036_NS 12
INLINE-  2147483647 2147483647    514228.84400   6248774.50000      9746.34649 Case1_F036_NS 12
INLINE-  2147483647 2147483647    514150.78100   6248715.00000      9998.63200 Case1_F036_NS 12
INLINE-  2147483647 2147483647    514086.21900   6248665.50000     10266.04053 Case1_F036_NS 12
INLINE-  2147483647 2147483647    514012.75000   6248609.50000     10523.97005 Case1_F036_NS 12
INLINE-  2147483647 2147483647    514397.12500   6248856.00000      8946.46089 Case1_F036_NS 13
INLINE-  2147483647 2147483647    514378.34400   6248842.00000      9188.01538 Case1_F036_NS 13
INLINE-  2147483647 2147483647    514338.15600   6248811.00000      9416.96683 Case1_F036_NS 13
INLINE-  2147483647 2147483647    514275.37500   6248763.00000      9690.22438 Case1_F036_NS 13
INLINE-  2147483647 2147483647    514204.00000   6248708.50000      9907.35981 Case1_F036_NS 13
INLINE-  2147483647 2147483647    514130.90600   6248652.50000     10191.92038 Case1_F036_NS 13
INLINE-  2147483647 2147483647    514061.50000   6248599.50000     10440.55188 Case1_F036_NS 13
INLINE-  2147483647 2147483647    514412.50000   6248836.50000      8963.32393 Case1_F036_NS 14
INLINE-  2147483647 2147483647    514388.62500   6248818.50000      9222.66545 Case1_F036_NS 14
INLINE-  2147483647 2147483647    514344.93800   6248785.00000      9471.37594 Case1_F036_NS 14
INLINE-  2147483647 2147483647    514287.84400   6248741.00000      9708.60542 Case1_F036_NS 14
INLINE-  2147483647 2147483647    514215.12500   6248685.50000      9927.99886 Case1_F036_NS 14
INLINE-  2147483647 2147483647    514157.50000   6248641.50000     10164.96633 Case1_F036_NS 14
INLINE-  2147483647 2147483647    514098.34400   6248596.00000     10400.25280 Case1_F036_NS 14
INLINE-  2147483647 2147483647    514437.06200   6248808.00000      8968.91994 Case1_F036_NS 15
INLINE-  2147483647 2147483647    514405.46900   6248784.00000      9257.44051 Case1_F036_NS 15
INLINE-  2147483647 2147483647    514367.00000   6248754.50000      9481.05096 Case1_F036_NS 15
INLINE-  2147483647 2147483647    514326.75000   6248723.50000      9659.34532 Case1_F036_NS 15
INLINE-  2147483647 2147483647    514253.09400   6248667.50000      9881.04176 Case1_F036_NS 15
INLINE-  2147483647 2147483647    514196.09400   6248623.50000     10121.31924 Case1_F036_NS 15
INLINE-  2147483647 2147483647    514143.59400   6248583.50000     10365.38773 Case1_F036_NS 15
INLINE-  2147483647 2147483647    514467.71900   6248784.50000      8932.06286 Case1_F036_NS 16
INLINE-  2147483647 2147483647    514423.96900   6248751.00000      9301.75260 Case1_F036_NS 16
INLINE-  2147483647 2147483647    514351.75000   6248695.50000      9651.89030 Case1_F036_NS 16
INLINE-  2147483647 2147483647    514255.53100   6248622.00000      9978.02896 Case1_F036_NS 16
INLINE-  2147483647 2147483647    514189.06200   6248571.00000     10333.77467 Case1_F036_NS 16
INLINE-  2147483647 2147483647    514494.71900   6248773.50000      8903.36681 Case1_F036_NS 17
INLINE-  2147483647 2147483647    514458.62500   6248746.00000      9210.23542 Case1_F036_NS 17
INLINE-  2147483647 2147483647    514402.43800   6248703.00000      9536.89907 Case1_F036_NS 17
INLINE-  2147483647 2147483647    514299.15600   6248624.00000      9878.72976 Case1_F036_NS 17
INLINE-  2147483647 2147483647    514222.28100   6248565.00000     10313.62063 Case1_F036_NS 17
INLINE-  2147483647 2147483647    514564.65600   6248748.50000      8980.91396 Case1_F036_NS 18
INLINE-  2147483647 2147483647    514513.65600   6248709.50000      9279.85156 Case1_F036_NS 18
INLINE-  2147483647 2147483647    514432.96900   6248647.50000      9640.58328 Case1_F036_NS 18
INLINE-  2147483647 2147483647    514331.56200   6248570.00000      9980.51996 Case1_F036_NS 18
INLINE-  2147483647 2147483647    514252.87500   6248510.00000     10343.00669 Case1_F036_NS 18
INLINE-  2147483647 2147483647    514631.71900   6248721.00000      8996.99999 Case1_F036_NS 19
INLINE-  2147483647 2147483647    514605.59400   6248701.00000      9239.60948 Case1_F036_NS 19
INLINE-  2147483647 2147483647    514527.03100   6248641.00000      9529.35506 Case1_F036_NS 19
INLINE-  2147483647 2147483647    514357.21900   6248511.00000     10094.02019 Case1_F036_NS 19
INLINE-  2147483647 2147483647    514275.53100   6248448.50000     10385.22077 Case1_F036_NS 19
INLINE-  2147483647 2147483647    514670.93800   6248688.00000      9072.86215 Case1_F036_NS 20
INLINE-  2147483647 2147483647    514612.31200   6248643.00000      9424.99585 Case1_F036_NS 20
INLINE-  2147483647 2147483647    514534.75000   6248584.00000      9706.38441 Case1_F036_NS 20
INLINE-  2147483647 2147483647    514416.21900   6248493.00000     10037.09507 Case1_F036_NS 20
INLINE-  2147483647 2147483647    514314.34400   6248415.00000     10371.53974 Case1_F036_NS 20
INLINE-  2147483647 2147483647    514716.53100   6248660.00000      9015.87703 Case1_F036_NS 21
INLINE-  2147483647 2147483647    514659.93800   6248616.50000      9312.32562 Case1_F036_NS 21
INLINE-  2147483647 2147483647    514603.71900   6248573.50000      9546.63009 Case1_F036_NS 21
INLINE-  2147483647 2147483647    514447.43800   6248454.00000     10074.21915 Case1_F036_NS 21
INLINE-  2147483647 2147483647    514359.18800   6248386.50000     10351.71970 Case1_F036_NS 21
INLINE-  2147483647 2147483647    514778.28100   6248628.50000      8927.51786 Case1_F036_NS 22
INLINE-  2147483647 2147483647    514686.78100   6248558.50000      9429.63986 Case1_F036_NS 22
INLINE-  2147483647 2147483647    514562.96900   6248464.00000      9902.02780 Case1_F036_NS 22
INLINE-  2147483647 2147483647    514421.40600   6248355.50000     10354.29171 Case1_F036_NS 22
INLINE-  2147483647 2147483647    514835.06200   6248593.50000      8897.24479 Case1_F036_NS 23
INLINE-  2147483647 2147483647    514723.56200   6248508.00000      9514.92903 Case1_F036_NS 23
INLINE-  2147483647 2147483647    514594.96900   6248409.50000     10010.92002 Case1_F036_NS 23
INLINE-  2147483647 2147483647    514481.71900   6248323.00000     10370.62074 Case1_F036_NS 23
INLINE-  2147483647 2147483647    514870.34400   6248541.50000      8916.66283 Case1_F036_NS 24
INLINE-  2147483647 2147483647    514808.84400   6248494.50000      9309.29162 Case1_F036_NS 24
INLINE-  2147483647 2147483647    514729.87500   6248434.00000      9689.19738 Case1_F036_NS 24
INLINE-  2147483647 2147483647    514636.59400   6248363.00000     10055.66811 Case1_F036_NS 24
INLINE-  2147483647 2147483647    514528.93800   6248280.50000     10405.96981 Case1_F036_NS 24
INLINE-  2147483647 2147483647    514906.18800   6248490.50000      8934.73687 Case1_F036_NS 25
INLINE-  2147483647 2147483647    514878.75000   6248469.50000      9157.68432 Case1_F036_NS 25
INLINE-  2147483647 2147483647    514828.90600   6248431.50000      9422.39484 Case1_F036_NS 25
INLINE-  2147483647 2147483647    514710.93800   6248341.00000      9961.13992 Case1_F036_NS 25
INLINE-  2147483647 2147483647    514572.50000   6248235.00000     10441.82088 Case1_F036_NS 25
INLINE-  2147483647 2147483647    514966.15600   6248457.50000      8896.51579 Case1_F036_NS 26
INLINE-  2147483647 2147483647    514867.40600   6248382.00000      9434.47287 Case1_F036_NS 26
INLINE-  2147483647 2147483647    514748.68800   6248291.00000      9956.61391 Case1_F036_NS 26
INLINE-  2147483647 2147483647    514610.78100   6248185.50000     10459.15492 Case1_F036_NS 26
INLINE-  2147483647 2147483647    515025.18800   6248424.00000      8847.51070 Case1_F036_NS 27
INLINE-  2147483647 2147483647    514909.46900   6248335.50000      9421.83884 Case1_F036_NS 27
INLINE-  2147483647 2147483647    514748.25000   6248212.00000     10090.52018 Case1_F036_NS 27
INLINE-  2147483647 2147483647    514644.28100   6248132.50000     10461.02092 Case1_F036_NS 27
INLINE-  2147483647 2147483647    515048.50000   6248363.50000      8865.60573 Case1_F036_NS 28
INLINE-  2147483647 2147483647    514991.03100   6248319.50000      9197.82140 Case1_F036_NS 28
INLINE-  2147483647 2147483647    514924.59400   6248268.50000      9522.73005 Case1_F036_NS 28
INLINE-  2147483647 2147483647    514846.84400   6248209.00000      9837.87368 Case1_F036_NS 28
INLINE-  2147483647 2147483647    514765.21900   6248146.50000     10148.98830 Case1_F036_NS 28
INLINE-  2147483647 2147483647    514667.25000   6248071.50000     10439.22188 Case1_F036_NS 28
INLINE-  2147483647 2147483647    515068.71900   6248300.00000      8885.02377 Case1_F036_NS 29
INLINE-  2147483647 2147483647    515034.00000   6248273.50000      9115.08723 Case1_F036_NS 29
INLINE-  2147483647 2147483647    514997.34400   6248245.50000      9366.92873 Case1_F036_NS 29
INLINE-  2147483647 2147483647    514897.56200   6248169.00000      9780.87856 Case1_F036_NS 29
INLINE-  2147483647 2147483647    514779.21900   6248078.50000     10208.52042 Case1_F036_NS 29
INLINE-  2147483647 2147483647    514696.21900   6248015.00000     10406.42081 Case1_F036_NS 29
INLINE-  2147483647 2147483647    515109.87500   6248253.00000      8843.41269 Case1_F036_NS 30
INLINE-  2147483647 2147483647    515033.43800   6248194.50000      9375.68175 Case1_F036_NS 30
INLINE-  2147483647 2147483647    514914.37500   6248103.50000      9875.54875 Case1_F036_NS 30
INLINE-  2147483647 2147483647    514764.75000   6247988.50000     10338.84668 Case1_F036_NS 30
INLINE-  2147483647 2147483647    515153.56200   6248207.50000      8796.96759 Case1_F036_NS 31
INLINE-  2147483647 2147483647    515083.56200   6248154.00000      9311.68862 Case1_F036_NS 31
INLINE-  2147483647 2147483647    514944.93800   6248048.00000      9924.56985 Case1_F036_NS 31
INLINE-  2147483647 2147483647    514833.18800   6247962.50000     10299.62060 Case1_F036_NS 31
INLINE-  2147483647 2147483647    515180.06200   6248149.00000      8809.47662 Case1_F036_NS 32
INLINE-  2147483647 2147483647    515133.81200   6248114.00000      9222.63745 Case1_F036_NS 32
INLINE-  2147483647 2147483647    515058.75000   6248056.50000      9617.59524 Case1_F036_NS 32
INLINE-  2147483647 2147483647    514965.46900   6247985.00000      9996.94399 Case1_F036_NS 32
INLINE-  2147483647 2147483647    514860.12500   6247904.50000     10363.27673 Case1_F036_NS 32
INLINE-  2147483647 2147483647    515204.18800   6248089.00000      8831.45466 Case1_F036_NS 33
INLINE-  2147483647 2147483647    515182.90600   6248073.00000      9059.28112 Case1_F036_NS 33
INLINE-  2147483647 2147483647    515144.43800   6248043.50000      9369.74374 Case1_F036_NS 33
INLINE-  2147483647 2147483647    515048.46900   6247970.00000      9826.18965 Case1_F036_NS 33
INLINE-  2147483647 2147483647    514881.96900   6247842.50000     10435.22087 Case1_F036_NS 33
INLINE-  2147483647 2147483647    515233.46900   6248032.50000      8840.95868 Case1_F036_NS 34
INLINE-  2147483647 2147483647    515184.87500   6247995.50000      9263.57153 Case1_F036_NS 34
INLINE-  2147483647 2147483647    515118.59400   6247945.00000      9676.26835 Case1_F036_NS 34
INLINE-  2147483647 2147483647    515027.71900   6247875.00000     10069.04114 Case1_F036_NS 34
INLINE-  2147483647 2147483647    514922.87500   6247795.00000     10448.44990 Case1_F036_NS 34
INLINE-  2147483647 2147483647    515265.15600   6247978.50000      8847.40469 Case1_F036_NS 35
INLINE-  2147483647 2147483647    515239.87500   6247959.00000      9047.70410 Case1_F036_NS 35
INLINE-  2147483647 2147483647    515213.03100   6247938.50000      9247.15749 Case1_F036_NS 35
INLINE-  2147483647 2147483647    515131.03100   6247875.50000      9795.49959 Case1_F036_NS 35
INLINE-  2147483647 2147483647    514964.78100   6247748.50000     10436.62087 Case1_F036_NS 35
INLINE-  2147483647 2147483647    515299.75000   6247926.00000      8854.58571 Case1_F036_NS 36
INLINE-  2147483647 2147483647    515248.46900   6247887.00000      9259.28852 Case1_F036_NS 36
INLINE-  2147483647 2147483647    515190.65600   6247842.50000      9661.13032 Case1_F036_NS 36
INLINE-  2147483647 2147483647    515103.90600   6247776.00000     10039.40508 Case1_F036_NS 36
INLINE-  2147483647 2147483647    514995.59400   6247693.50000     10396.40079 Case1_F036_NS 36
INLINE-  2147483647 2147483647    515336.00000   6247875.00000      8856.57371 Case1_F036_NS 37
INLINE-  2147483647 2147483647    515314.34400   6247858.50000      9052.92311 Case1_F036_NS 37
INLINE-  2147483647 2147483647    515288.84400   6247839.00000      9247.15749 Case1_F036_NS 37
INLINE-  2147483647 2147483647    515193.43800   6247766.00000      9811.68962 Case1_F036_NS 37
INLINE-  2147483647 2147483647    515022.65600   6247635.50000     10363.12073 Case1_F036_NS 37
INLINE-  2147483647 2147483647    515385.18800   6247818.50000      8830.80666 Case1_F036_NS 38
INLINE-  2147483647 2147483647    515309.09400   6247760.00000      9381.14276 Case1_F036_NS 38
INLINE-  2147483647 2147483647    515204.18800   6247680.00000      9910.99682 Case1_F036_NS 38
INLINE-  2147483647 2147483647    515048.21900   6247560.50000     10388.71578 Case1_F036_NS 38
INLINE-  2147483647 2147483647    515427.00000   6247771.50000      8804.98761 Case1_F036_NS 39
INLINE-  2147483647 2147483647    515364.28100   6247723.50000      9239.72848 Case1_F036_NS 39
INLINE-  2147483647 2147483647    515250.28100   6247636.50000      9843.99969 Case1_F036_NS 39
INLINE-  2147483647 2147483647    515066.96900   6247496.00000     10429.12086 Case1_F036_NS 39
INLINE-  2147483647 2147483647    515462.15600   6247720.00000      8809.06262 Case1_F036_NS 40
INLINE-  2147483647 2147483647    515371.59400   6247650.50000      9383.91177 Case1_F036_NS 40
INLINE-  2147483647 2147483647    515255.31200   6247561.50000      9938.76988 Case1_F036_NS 40
INLINE-  2147483647 2147483647    515097.65600   6247441.00000     10451.65790 Case1_F036_NS 40
INLINE-  2147483647 2147483647    515498.90600   6247669.50000      8813.78763 Case1_F036_NS 41
INLINE-  2147483647 2147483647    515429.00000   6247616.00000      9246.86849 Case1_F036_NS 41
INLINE-  2147483647 2147483647    515325.34400   6247536.50000      9788.43958 Case1_F036_NS 41
INLINE-  2147483647 2147483647    515129.37500   6247386.50000     10463.81993 Case1_F036_NS 41
INLINE-  2147483647 2147483647    515544.03100   6247625.00000      8798.33160 Case1_F036_NS 42
INLINE-  2147483647 2147483647    515444.96900   6247549.50000      9378.89676 Case1_F036_NS 42
INLINE-  2147483647 2147483647    515321.87500   6247455.00000      9939.16588 Case1_F036_NS 42
INLINE-  2147483647 2147483647    515157.90600   6247329.50000     10456.80891 Case1_F036_NS 42
INLINE-  2147483647 2147483647    515591.78100   6247583.00000      8787.46757 Case1_F036_NS 43
INLINE-  2147483647 2147483647    515509.59400   6247520.00000      9249.88850 Case1_F036_NS 43
INLINE-  2147483647 2147483647    515398.46900   6247435.00000      9786.96957 Case1_F036_NS 43
INLINE-  2147483647 2147483647    515185.25000   6247272.00000     10443.22089 Case1_F036_NS 43
INLINE-  2147483647 2147483647    515621.87500   6247559.00000      8800.42760 Case1_F036_NS 44
INLINE-  2147483647 2147483647    515511.28100   6247474.00000      9373.94275 Case1_F036_NS 44
INLINE-  2147483647 2147483647    515374.43800   6247369.50000      9923.30285 Case1_F036_NS 44
INLINE-  2147483647 2147483647    515201.28100   6247237.00000     10430.36286 Case1_F036_NS 44
INLINE-  2147483647 2147483647    515644.78100   6247545.00000      8819.41564 Case1_F036_NS 45
INLINE-  2147483647 2147483647    515527.75000   6247455.50000      9381.12376 Case1_F036_NS 45
INLINE-  2147483647 2147483647    515382.59400   6247344.50000      9914.98583 Case1_F036_NS 45
INLINE-  2147483647 2147483647    515209.40600   6247211.50000     10415.25283 Case1_F036_NS 45
INLINE-  2147483647 2147483647    515667.96900   6247531.00000      8841.18168 Case1_F036_NS 46
INLINE-  2147483647 2147483647    515544.12500   6247436.50000      9389.57778 Case1_F036_NS 46
INLINE-  2147483647 2147483647    515390.18800   6247318.50000      9906.46781 Case1_F036_NS 46
INLINE-  2147483647 2147483647    515217.34400   6247186.50000     10398.60280 Case1_F036_NS 46
INLINE-  2147483647 2147483647    515697.00000   6247506.00000      8858.51772 Case1_F036_NS 47
INLINE-  2147483647 2147483647    515607.50000   6247437.50000      9257.52052 Case1_F036_NS 47
INLINE-  2147483647 2147483647    515404.71900   6247282.50000      9906.09981 Case1_F036_NS 47
INLINE-  2147483647 2147483647    515233.75000   6247151.50000     10382.32076 Case1_F036_NS 47
INLINE-  2147483647 2147483647    515736.31200   6247457.50000      8862.55273 Case1_F036_NS 48
INLINE-  2147483647 2147483647    515621.06200   6247369.50000      9335.61767 Case1_F036_NS 48
INLINE-  2147483647 2147483647    515453.81200   6247241.50000      9860.59972 Case1_F036_NS 48
INLINE-  2147483647 2147483647    515263.28100   6247095.50000     10351.12070 Case1_F036_NS 48
INLINE-  2147483647 2147483647    515768.53100   6247403.50000      8866.47373 Case1_F036_NS 49
INLINE-  2147483647 2147483647    515654.06200   6247316.00000      9337.62268 Case1_F036_NS 49
INLINE-  2147483647 2147483647    515491.81200   6247192.00000      9860.59972 Case1_F036_NS 49
INLINE-  2147483647 2147483647    515301.28100   6247046.00000     10351.12070 Case1_F036_NS 49
