INLINE-  2147483647 2147483647    516609.71900   6251714.00000      9691.29238 Case2_F137_NS 1
INLINE-  2147483647 2147483647    516631.81200   6251731.00000      9862.50373 Case2_F137_NS 1
INLINE-  2147483647 2147483647    516579.37500   6251738.00000      9714.60943 Case2_F137_NS 2
INLINE-  2147483647 2147483647    516597.81200   6251752.00000     10020.83404 Case2_F137_NS 2
INLINE-  2147483647 2147483647    516567.03100   6251760.00000      9730.49746 Case2_F137_NS 3
INLINE-  2147483647 2147483647    516576.90600   6251767.50000      9900.22680 Case2_F137_NS 3
INLINE-  2147483647 2147483647    516587.40600   6251775.50000     10069.80514 Case2_F137_NS 3
INLINE-  2147483647 2147483647    516557.00000   6251784.00000      9747.36649 Case2_F137_NS 4
INLINE-  2147483647 2147483647    516567.62500   6251792.00000      9931.92986 Case2_F137_NS 4
INLINE-  2147483647 2147483647    516580.31200   6251801.50000     10115.95723 Case2_F137_NS 4
INLINE-  2147483647 2147483647    516543.28100   6251820.50000      9780.65656 Case2_F137_NS 5
INLINE-  2147483647 2147483647    516554.21900   6251829.00000      9997.20999 Case2_F137_NS 5
INLINE-  2147483647 2147483647    516571.50000   6251842.00000     10211.96042 Case2_F137_NS 5
INLINE-  2147483647 2147483647    516529.84400   6251857.50000      9812.90863 Case2_F137_NS 6
INLINE-  2147483647 2147483647    516540.53100   6251865.50000     10061.20812 Case2_F137_NS 6
INLINE-  2147483647 2147483647    516562.87500   6251883.00000     10306.24261 Case2_F137_NS 6
INLINE-  2147483647 2147483647    516518.28100   6251896.00000      9841.95868 Case2_F137_NS 7
INLINE-  2147483647 2147483647    516531.93800   6251906.50000     10169.69234 Case2_F137_NS 7
INLINE-  2147483647 2147483647    516556.62500   6251925.00000     10395.44779 Case2_F137_NS 7
INLINE-  2147483647 2147483647    516515.78100   6251941.00000      9855.94771 Case2_F137_NS 8
INLINE-  2147483647 2147483647    516525.12500   6251948.50000     10166.92233 Case2_F137_NS 8
INLINE-  2147483647 2147483647    516554.50000   6251971.00000     10428.85886 Case2_F137_NS 8
INLINE-  2147483647 2147483647    516509.50000   6251968.00000      9814.66763 Case2_F137_NS 9
INLINE-  2147483647 2147483647    516519.65600   6251975.50000     10139.11828 Case2_F137_NS 9
INLINE-  2147483647 2147483647    516555.15600   6252003.00000     10456.23091 Case2_F137_NS 9
INLINE-  2147483647 2147483647    516509.96900   6251984.00000      9769.24754 Case2_F137_NS 10
INLINE-  2147483647 2147483647    516523.50000   6251994.50000     10134.98527 Case2_F137_NS 10
INLINE-  2147483647 2147483647    516562.21900   6252024.00000     10487.79998 Case2_F137_NS 10
INLINE-  2147483647 2147483647    516507.87500   6252014.00000      9766.78753 Case2_F137_NS 11
INLINE-  2147483647 2147483647    516522.18800   6252025.00000     10157.88932 Case2_F137_NS 11
INLINE-  2147483647 2147483647    516556.84400   6252051.50000     10543.68509 Case2_F137_NS 11
INLINE-  2147483647 2147483647    516506.71900   6252044.50000      9778.30256 Case2_F137_NS 12
INLINE-  2147483647 2147483647    516519.75000   6252054.50000     10192.27638 Case2_F137_NS 12
INLINE-  2147483647 2147483647    516548.62500   6252076.50000     10602.59421 Case2_F137_NS 12
INLINE-  2147483647 2147483647    516505.37500   6252075.00000      9791.41558 Case2_F137_NS 13
INLINE-  2147483647 2147483647    516517.31200   6252084.00000     10227.60746 Case2_F137_NS 13
INLINE-  2147483647 2147483647    516541.84400   6252103.00000     10661.64832 Case2_F137_NS 13
INLINE-  2147483647 2147483647    516504.09400   6252105.50000      9807.01161 Case2_F137_NS 14
INLINE-  2147483647 2147483647    516513.90600   6252113.00000     10201.89940 Case2_F137_NS 14
INLINE-  2147483647 2147483647    516539.46900   6252132.50000     10718.64644 Case2_F137_NS 14
INLINE-  2147483647 2147483647    516504.62500   6252137.00000      9823.03265 Case2_F137_NS 15
INLINE-  2147483647 2147483647    516527.06200   6252154.50000     10234.79347 Case2_F137_NS 15
INLINE-  2147483647 2147483647    516569.31200   6252186.50000     10798.41460 Case2_F137_NS 15
