INLINE-  2147483647 2147483647    516204.93800   6247470.00000      8827.14665 Case1_F100_NS 1
INLINE-  2147483647 2147483647    516158.90600   6247434.50000      9229.81946 Case1_F100_NS 1
INLINE-  2147483647 2147483647    516100.00000   6247389.50000      9718.33944 Case1_F100_NS 1
INLINE-  2147483647 2147483647    516175.40600   6247510.50000      8856.31871 Case1_F100_NS 2
INLINE-  2147483647 2147483647    516132.34400   6247477.50000      9233.11847 Case1_F100_NS 2
INLINE-  2147483647 2147483647    516069.75000   6247429.50000      9728.73946 Case1_F100_NS 2
INLINE-  2147483647 2147483647    516151.03100   6247539.00000      8880.42776 Case1_F100_NS 3
INLINE-  2147483647 2147483647    516111.15600   6247508.50000      9236.22847 Case1_F100_NS 3
INLINE-  2147483647 2147483647    516046.81200   6247459.00000      9733.20947 Case1_F100_NS 3
INLINE-  2147483647 2147483647    516135.78100   6247558.50000      8899.43580 Case1_F100_NS 4
INLINE-  2147483647 2147483647    516101.65600   6247532.50000      9205.93841 Case1_F100_NS 4
INLINE-  2147483647 2147483647    516031.75000   6247479.00000      9736.59947 Case1_F100_NS 4
INLINE-  2147483647 2147483647    516121.75000   6247579.50000      8903.93181 Case1_F100_NS 5
INLINE-  2147483647 2147483647    516085.34400   6247551.50000      9225.44845 Case1_F100_NS 5
INLINE-  2147483647 2147483647    516016.50000   6247499.00000      9736.89947 Case1_F100_NS 5
INLINE-  2147483647 2147483647    516099.90600   6247610.00000      8917.59184 Case1_F100_NS 6
INLINE-  2147483647 2147483647    516061.65600   6247580.50000      9243.43849 Case1_F100_NS 6
INLINE-  2147483647 2147483647    515993.40600   6247528.50000      9736.12947 Case1_F100_NS 6
INLINE-  2147483647 2147483647    516074.28100   6247637.50000      8947.82190 Case1_F100_NS 7
INLINE-  2147483647 2147483647    516044.06200   6247614.50000      9218.12844 Case1_F100_NS 7
INLINE-  2147483647 2147483647    515970.53100   6247558.00000      9735.60947 Case1_F100_NS 7
INLINE-  2147483647 2147483647    516061.21900   6247659.00000      8953.23191 Case1_F100_NS 8
INLINE-  2147483647 2147483647    516027.12500   6247633.00000      9251.62850 Case1_F100_NS 8
INLINE-  2147483647 2147483647    515955.87500   6247578.50000      9736.59947 Case1_F100_NS 8
INLINE-  2147483647 2147483647    516045.56200   6247678.50000      8990.77898 Case1_F100_NS 9
INLINE-  2147483647 2147483647    516017.90600   6247657.50000      9244.48849 Case1_F100_NS 9
INLINE-  2147483647 2147483647    515942.75000   6247600.00000      9744.61949 Case1_F100_NS 9
INLINE-  2147483647 2147483647    516031.87500   6247699.50000      9042.62109 Case1_F100_NS 10
INLINE-  2147483647 2147483647    516003.93800   6247678.00000      9281.21856 Case1_F100_NS 10
INLINE-  2147483647 2147483647    515930.15600   6247621.50000      9755.34951 Case1_F100_NS 10
INLINE-  2147483647 2147483647    516017.03100   6247719.50000      9081.39916 Case1_F100_NS 11
INLINE-  2147483647 2147483647    515994.84400   6247702.50000      9275.07755 Case1_F100_NS 11
INLINE-  2147483647 2147483647    515917.78100   6247643.50000      9766.08953 Case1_F100_NS 11
INLINE-  2147483647 2147483647    515992.81200   6247748.50000      9105.22321 Case1_F100_NS 12
INLINE-  2147483647 2147483647    515966.12500   6247728.00000      9362.51873 Case1_F100_NS 12
INLINE-  2147483647 2147483647    515897.78100   6247675.50000      9774.55955 Case1_F100_NS 12
INLINE-  2147483647 2147483647    515971.56200   6247779.00000      9122.16724 Case1_F100_NS 13
INLINE-  2147483647 2147483647    515953.50000   6247765.50000      9302.57761 Case1_F100_NS 13
INLINE-  2147483647 2147483647    515877.59400   6247707.50000      9769.64854 Case1_F100_NS 13
INLINE-  2147483647 2147483647    515955.59400   6247798.50000      9131.34126 Case1_F100_NS 14
INLINE-  2147483647 2147483647    515938.09400   6247785.00000      9305.81861 Case1_F100_NS 14
INLINE-  2147483647 2147483647    515862.78100   6247727.50000      9767.55854 Case1_F100_NS 14
INLINE-  2147483647 2147483647    515946.06200   6247822.50000      9090.87918 Case1_F100_NS 15
INLINE-  2147483647 2147483647    515922.25000   6247804.50000      9306.74861 Case1_F100_NS 15
INLINE-  2147483647 2147483647    515847.25000   6247747.00000      9765.36953 Case1_F100_NS 15
INLINE-  2147483647 2147483647    515936.09400   6247846.50000      9047.07109 Case1_F100_NS 16
INLINE-  2147483647 2147483647    515895.62500   6247815.50000      9385.25877 Case1_F100_NS 16
INLINE-  2147483647 2147483647    515829.56200   6247765.00000      9774.55955 Case1_F100_NS 16
INLINE-  2147483647 2147483647    515899.90600   6247897.50000      8990.86798 Case1_F100_NS 17
INLINE-  2147483647 2147483647    515857.62500   6247865.00000      9385.25877 Case1_F100_NS 17
INLINE-  2147483647 2147483647    515791.56200   6247814.50000      9774.55955 Case1_F100_NS 17
