INLINE-  2147483647 2147483647    515425.78125   6250425.50000     10689.12099 Case1_F040_EW 1
INLINE-  2147483647 2147483647    515372.59375   6250495.00000     10995.62160 Case1_F040_EW 1
INLINE-  2147483647 2147483647    515310.31250   6250576.50000     11287.92297 Case1_F040_EW 1
INLINE-  2147483647 2147483647    515222.96875   6250690.50000     11498.22319 Case1_F040_EW 1
INLINE-  2147483647 2147483647    515102.96875   6250847.50000     11739.42387 Case1_F040_EW 1
INLINE-  2147483647 2147483647    514949.53125   6251048.00000     11999.02400 Case1_F040_EW 1
INLINE-  2147483647 2147483647    515381.25000   6250298.50000     10495.72119 Case1_F040_EW 2
INLINE-  2147483647 2147483647    515339.46875   6250353.00000     10838.02168 Case1_F040_EW 2
INLINE-  2147483647 2147483647    515239.96875   6250483.50000     11259.72271 Case1_F040_EW 2
INLINE-  2147483647 2147483647    515167.06250   6250578.50000     11491.32279 Case1_F040_EW 2
INLINE-  2147483647 2147483647    515058.43750   6250720.50000     11744.12310 Case1_F040_EW 2
INLINE-  2147483647 2147483647    514800.96875   6251057.00000     12073.42454 Case1_F040_EW 2
INLINE-  2147483647 2147483647    515418.18750   6250147.50000      9944.09997 Case1_F040_EW 3
INLINE-  2147483647 2147483647    515358.18750   6250226.00000     10392.32059 Case1_F040_EW 3
INLINE-  2147483647 2147483647    515295.90625   6250307.50000     10839.62129 Case1_F040_EW 3
INLINE-  2147483647 2147483647    515200.21875   6250432.50000     11263.12214 Case1_F040_EW 3
INLINE-  2147483647 2147483647    515131.84375   6250521.50000     11484.02297 Case1_F040_EW 3
INLINE-  2147483647 2147483647    515017.15625   6250671.50000     11745.22369 Case1_F040_EW 3
INLINE-  2147483647 2147483647    514751.31250   6251019.00000     12073.42454 Case1_F040_EW 3
INLINE-  2147483647 2147483647    515524.78125   6249802.50000      9003.89789 Case1_F040_EW 4
INLINE-  2147483647 2147483647    515514.90625   6249815.50000      9219.10828 Case1_F040_EW 4
INLINE-  2147483647 2147483647    515463.25000   6249883.00000      9571.27891 Case1_F040_EW 4
INLINE-  2147483647 2147483647    515342.46875   6250041.00000     10252.82031 Case1_F040_EW 4
INLINE-  2147483647 2147483647    515210.31250   6250213.50000     10866.02173 Case1_F040_EW 4
INLINE-  2147483647 2147483647    515115.37500   6250337.50000     11266.72273 Case1_F040_EW 4
INLINE-  2147483647 2147483647    515040.93750   6250435.00000     11495.92338 Case1_F040_EW 4
INLINE-  2147483647 2147483647    514917.90625   6250595.50000     11745.22369 Case1_F040_EW 4
INLINE-  2147483647 2147483647    514652.06250   6250943.00000     12073.42454 Case1_F040_EW 4
INLINE-  2147483647 2147483647    515425.50000   6249726.50000      9003.89789 Case1_F040_EW 5
INLINE-  2147483647 2147483647    515415.62500   6249739.50000      9219.10828 Case1_F040_EW 5
INLINE-  2147483647 2147483647    515379.93750   6249786.00000      9564.08944 Case1_F040_EW 5
INLINE-  2147483647 2147483647    515268.28125   6249932.00000     10213.82023 Case1_F040_EW 5
INLINE-  2147483647 2147483647    515118.65625   6250127.50000     10830.62127 Case1_F040_EW 5
INLINE-  2147483647 2147483647    515019.90625   6250256.50000     11220.72264 Case1_F040_EW 5
INLINE-  2147483647 2147483647    514928.75000   6250375.50000     11472.62255 Case1_F040_EW 5
INLINE-  2147483647 2147483647    514808.00000   6250533.50000     11732.52347 Case1_F040_EW 5
INLINE-  2147483647 2147483647    514552.78125   6250867.00000     12073.42454 Case1_F040_EW 5
INLINE-  2147483647 2147483647    515351.43750   6249679.50000      8973.83826 Case1_F040_EW 6
INLINE-  2147483647 2147483647    515352.21875   6249678.50000      9229.62881 Case1_F040_EW 6
INLINE-  2147483647 2147483647    515310.43750   6249733.00000      9564.08944 Case1_F040_EW 6
INLINE-  2147483647 2147483647    515198.78125   6249879.00000     10213.82023 Case1_F040_EW 6
INLINE-  2147483647 2147483647    515049.15625   6250074.50000     10830.62127 Case1_F040_EW 6
INLINE-  2147483647 2147483647    514951.18750   6250202.50000     11221.42283 Case1_F040_EW 6
INLINE-  2147483647 2147483647    514859.28125   6250322.50000     11472.62255 Case1_F040_EW 6
INLINE-  2147483647 2147483647    514738.50000   6250480.50000     11732.52347 Case1_F040_EW 6
INLINE-  2147483647 2147483647    514488.62500   6250807.00000     12120.52424 Case1_F040_EW 6
INLINE-  2147483647 2147483647    515297.21875   6249627.00000      8947.90754 Case1_F040_EW 7
INLINE-  2147483647 2147483647    515269.09375   6249663.50000      9518.15868 Case1_F040_EW 7
INLINE-  2147483647 2147483647    515173.40625   6249788.50000     10044.92048 Case1_F040_EW 7
INLINE-  2147483647 2147483647    515078.46875   6249912.50000     10553.22130 Case1_F040_EW 7
INLINE-  2147483647 2147483647    515004.78125   6250009.00000     10844.52169 Case1_F040_EW 7
INLINE-  2147483647 2147483647    514899.21875   6250147.00000     11213.12204 Case1_F040_EW 7
INLINE-  2147483647 2147483647    514767.06250   6250319.50000     11585.22337 Case1_F040_EW 7
INLINE-  2147483647 2147483647    514413.09375   6250782.00000     12148.02430 Case1_F040_EW 7
INLINE-  2147483647 2147483647    515257.40625   6249555.50000      8943.46808 Case1_F040_EW 8
INLINE-  2147483647 2147483647    515244.59375   6249572.50000      9233.16886 Case1_F040_EW 8
INLINE-  2147483647 2147483647    515188.37500   6249646.00000      9600.25943 Case1_F040_EW 8
INLINE-  2147483647 2147483647    515033.43750   6249848.50000     10392.72098 Case1_F040_EW 8
INLINE-  2147483647 2147483647    514902.78125   6250019.00000     10974.42234 Case1_F040_EW 8
INLINE-  2147483647 2147483647    514848.87500   6250089.50000     11186.82218 Case1_F040_EW 8
INLINE-  2147483647 2147483647    514728.84375   6250246.50000     11530.52306 Case1_F040_EW 8
INLINE-  2147483647 2147483647    514379.46875   6250703.00000     12111.32403 Case1_F040_EW 8
INLINE-  2147483647 2147483647    515219.87500   6249481.00000      8937.99834 Case1_F040_EW 9
INLINE-  2147483647 2147483647    515204.65625   6249501.00000      9202.19809 Case1_F040_EW 9
INLINE-  2147483647 2147483647    515128.71875   6249600.00000      9662.38944 Case1_F040_EW 9
INLINE-  2147483647 2147483647    514989.71875   6249782.00000     10342.72088 Case1_F040_EW 9
INLINE-  2147483647 2147483647    514872.75000   6249934.50000     10868.92213 Case1_F040_EW 9
INLINE-  2147483647 2147483647    514812.00000   6250014.00000     11196.72259 Case1_F040_EW 9
INLINE-  2147483647 2147483647    514666.15625   6250204.50000     11587.82298 Case1_F040_EW 9
INLINE-  2147483647 2147483647    514333.46875   6250639.50000     12091.52418 Case1_F040_EW 9
INLINE-  2147483647 2147483647    515149.65625   6249449.50000      8947.47786 Case1_F040_EW 10
INLINE-  2147483647 2147483647    515152.71875   6249445.50000      9068.11775 Case1_F040_EW 10
INLINE-  2147483647 2147483647    515142.84375   6249458.50000      9239.40813 Case1_F040_EW 10
INLINE-  2147483647 2147483647    515088.15625   6249530.00000      9556.02888 Case1_F040_EW 10
INLINE-  2147483647 2147483647    514990.93750   6249657.00000     10042.11969 Case1_F040_EW 10
INLINE-  2147483647 2147483647    514887.62500   6249792.00000     10559.02112 Case1_F040_EW 10
INLINE-  2147483647 2147483647    514808.62500   6249895.00000     11015.22223 Case1_F040_EW 10
INLINE-  2147483647 2147483647    514739.53125   6249985.50000     11338.52268 Case1_F040_EW 10
INLINE-  2147483647 2147483647    514601.28125   6250166.00000     11660.02332 Case1_F040_EW 10
INLINE-  2147483647 2147483647    514428.87500   6250391.50000     11907.22401 Case1_F040_EW 10
INLINE-  2147483647 2147483647    514267.09375   6250602.50000     12120.92463 Case1_F040_EW 10
INLINE-  2147483647 2147483647    515095.43750   6249397.00000      8968.11755 Case1_F040_EW 11
INLINE-  2147483647 2147483647    515094.65625   6249398.00000      9051.86771 Case1_F040_EW 11
INLINE-  2147483647 2147483647    515084.78125   6249411.00000      9206.97837 Case1_F040_EW 11
INLINE-  2147483647 2147483647    515013.40625   6249504.00000      9628.38937 Case1_F040_EW 11
INLINE-  2147483647 2147483647    514927.56250   6249616.50000     10077.61976 Case1_F040_EW 11
INLINE-  2147483647 2147483647    514841.75000   6249728.50000     10521.22124 Case1_F040_EW 11
INLINE-  2147483647 2147483647    514772.62500   6249818.50000     10939.82168 Case1_F040_EW 11
INLINE-  2147483647 2147483647    514714.12500   6249895.00000     11279.42295 Case1_F040_EW 11
INLINE-  2147483647 2147483647    514637.43750   6249995.50000     11496.42338 Case1_F040_EW 11
INLINE-  2147483647 2147483647    514457.40625   6250230.50000     11822.52365 Case1_F040_EW 11
INLINE-  2147483647 2147483647    514219.68750   6250541.00000     12119.82404 Case1_F040_EW 11
INLINE-  2147483647 2147483647    515044.96875   6249339.50000      8964.74840 Case1_F040_EW 12
INLINE-  2147483647 2147483647    515026.00000   6249364.00000      9142.28782 Case1_F040_EW 12
INLINE-  2147483647 2147483647    514996.37500   6249403.00000      9395.90844 Case1_F040_EW 12
INLINE-  2147483647 2147483647    514940.15625   6249476.50000      9771.12989 Case1_F040_EW 12
INLINE-  2147483647 2147483647    514862.68750   6249577.50000     10194.82019 Case1_F040_EW 12
INLINE-  2147483647 2147483647    514779.90625   6249686.00000     10612.92162 Case1_F040_EW 12
INLINE-  2147483647 2147483647    514709.25000   6249778.00000     11045.62170 Case1_F040_EW 12
INLINE-  2147483647 2147483647    514605.21875   6249914.00000     11424.62246 Case1_F040_EW 12
INLINE-  2147483647 2147483647    514462.40625   6250100.50000     11707.22361 Case1_F040_EW 12
INLINE-  2147483647 2147483647    514305.93750   6250305.00000     11937.12348 Case1_F040_EW 12
INLINE-  2147483647 2147483647    514144.15625   6250516.50000     12136.02427 Case1_F040_EW 12
INLINE-  2147483647 2147483647    514999.09375   6249276.00000      9005.66840 Case1_F040_EW 13
INLINE-  2147483647 2147483647    514989.21875   6249289.00000      9155.79859 Case1_F040_EW 13
INLINE-  2147483647 2147483647    514939.09375   6249354.50000      9462.49939 Case1_F040_EW 13
INLINE-  2147483647 2147483647    514845.65625   6249476.50000     10055.11972 Case1_F040_EW 13
INLINE-  2147483647 2147483647    514772.75000   6249571.50000     10406.32062 Case1_F040_EW 13
INLINE-  2147483647 2147483647    514704.37500   6249661.00000     10771.02154 Case1_F040_EW 13
INLINE-  2147483647 2147483647    514642.09375   6249742.50000     11121.82205 Case1_F040_EW 13
INLINE-  2147483647 2147483647    514507.65625   6249918.00000     11483.22316 Case1_F040_EW 13
INLINE-  2147483647 2147483647    514332.96875   6250146.50000     11788.22377 Case1_F040_EW 13
INLINE-  2147483647 2147483647    514068.65625   6250492.00000     12137.02427 Case1_F040_EW 13
INLINE-  2147483647 2147483647    514905.28125   6249254.50000      9023.99852 Case1_F040_EW 14
INLINE-  2147483647 2147483647    514866.56250   6249305.00000      9394.48852 Case1_F040_EW 14
INLINE-  2147483647 2147483647    514805.78125   6249384.50000      9875.26975 Case1_F040_EW 14
INLINE-  2147483647 2147483647    514716.15625   6249501.50000     10349.72089 Case1_F040_EW 14
INLINE-  2147483647 2147483647    514630.34375   6249614.00000     10828.82146 Case1_F040_EW 14
INLINE-  2147483647 2147483647    514511.09375   6249769.50000     11250.72270 Case1_F040_EW 14
INLINE-  2147483647 2147483647    514354.62500   6249974.00000     11583.82297 Case1_F040_EW 14
INLINE-  2147483647 2147483647    514181.46875   6250200.50000     11854.52371 Case1_F040_EW 14
INLINE-  2147483647 2147483647    513999.15625   6250438.50000     12079.92455 Case1_F040_EW 14
INLINE-  2147483647 2147483647    514871.56250   6249175.00000      9034.08838 Case1_F040_EW 15
INLINE-  2147483647 2147483647    514833.59375   6249225.00000      9202.65805 Case1_F040_EW 15
INLINE-  2147483647 2147483647    514783.43750   6249290.50000      9616.29951 Case1_F040_EW 15
INLINE-  2147483647 2147483647    514702.93750   6249395.50000     10098.11981 Case1_F040_EW 15
INLINE-  2147483647 2147483647    514625.46875   6249497.00000     10503.82081 Case1_F040_EW 15
INLINE-  2147483647 2147483647    514553.31250   6249591.00000     10902.12141 Case1_F040_EW 15
INLINE-  2147483647 2147483647    514429.50000   6249753.00000     11239.22267 Case1_F040_EW 15
INLINE-  2147483647 2147483647    514211.53125   6250037.50000     11675.32316 Case1_F040_EW 15
INLINE-  2147483647 2147483647    513942.65625   6250389.00000     12019.42443 Case1_F040_EW 15
INLINE-  2147483647 2147483647    514788.43750   6249160.50000      8994.93791 Case1_F040_EW 16
INLINE-  2147483647 2147483647    514777.06250   6249175.50000      9154.97827 Case1_F040_EW 16
INLINE-  2147483647 2147483647    514739.09375   6249225.00000      9482.28850 Case1_F040_EW 16
INLINE-  2147483647 2147483647    514677.56250   6249305.50000      9847.03923 Case1_F040_EW 16
INLINE-  2147483647 2147483647    514590.96875   6249418.50000     10312.32043 Case1_F040_EW 16
INLINE-  2147483647 2147483647    514508.18750   6249526.50000     10783.62118 Case1_F040_EW 16
INLINE-  2147483647 2147483647    514382.84375   6249690.50000     11182.62197 Case1_F040_EW 16
INLINE-  2147483647 2147483647    514230.93750   6249889.00000     11514.02303 Case1_F040_EW 16
INLINE-  2147483647 2147483647    514063.09375   6250108.00000     11784.72376 Case1_F040_EW 16
INLINE-  2147483647 2147483647    513883.84375   6250342.50000     11999.52400 Case1_F040_EW 16
INLINE-  2147483647 2147483647    514731.12500   6249091.50000      8948.61751 Case1_F040_EW 17
INLINE-  2147483647 2147483647    514719.71875   6249106.50000      9057.63823 Case1_F040_EW 17
INLINE-  2147483647 2147483647    514699.96875   6249132.00000      9252.33882 Case1_F040_EW 17
INLINE-  2147483647 2147483647    514662.75000   6249180.50000      9529.61867 Case1_F040_EW 17
INLINE-  2147483647 2147483647    514600.46875   6249262.00000      9828.23938 Case1_F040_EW 17
INLINE-  2147483647 2147483647    514510.84375   6249379.00000     10288.02058 Case1_F040_EW 17
INLINE-  2147483647 2147483647    514428.06250   6249487.50000     10758.02152 Case1_F040_EW 17
INLINE-  2147483647 2147483647    514311.09375   6249640.00000     11171.52234 Case1_F040_EW 17
INLINE-  2147483647 2147483647    514160.71875   6249836.50000     11506.52301 Case1_F040_EW 17
INLINE-  2147483647 2147483647    513993.59375   6250055.00000     11776.72375 Case1_F040_EW 17
INLINE-  2147483647 2147483647    513814.34375   6250289.50000     11993.22418 Case1_F040_EW 17
INLINE-  2147483647 2147483647    514669.28125   6249049.00000      8950.85775 Case1_F040_EW 18
INLINE-  2147483647 2147483647    514650.28125   6249073.50000      9139.40793 Case1_F040_EW 18
INLINE-  2147483647 2147483647    514613.84375   6249121.00000      9417.89872 Case1_F040_EW 18
INLINE-  2147483647 2147483647    514509.00000   6249258.00000      9940.26011 Case1_F040_EW 18
INLINE-  2147483647 2147483647    514404.96875   6249394.00000     10464.12054 Case1_F040_EW 18
INLINE-  2147483647 2147483647    514300.15625   6249531.00000     10986.42236 Case1_F040_EW 18
INLINE-  2147483647 2147483647    514145.96875   6249732.50000     11411.42321 Case1_F040_EW 18
INLINE-  2147483647 2147483647    513958.34375   6249977.50000     11736.12308 Case1_F040_EW 18
INLINE-  2147483647 2147483647    513755.56250   6250242.50000     11989.52398 Case1_F040_EW 18
INLINE-  2147483647 2147483647    514603.62500   6249011.00000      8966.61754 Case1_F040_EW 19
INLINE-  2147483647 2147483647    514585.40625   6249035.00000      9202.65805 Case1_F040_EW 19
INLINE-  2147483647 2147483647    514499.59375   6249147.00000      9683.24984 Case1_F040_EW 19
INLINE-  2147483647 2147483647    514357.56250   6249332.50000     10339.62029 Case1_F040_EW 19
INLINE-  2147483647 2147483647    514281.59375   6249432.00000     10759.92191 Case1_F040_EW 19
INLINE-  2147483647 2147483647    514177.53125   6249568.00000     11183.82217 Case1_F040_EW 19
INLINE-  2147483647 2147483647    513968.65625   6249841.00000     11623.82305 Case1_F040_EW 19
INLINE-  2147483647 2147483647    513696.75000   6250196.00000     11989.42437 Case1_F040_EW 19
INLINE-  2147483647 2147483647    514547.81250   6248940.00000      8982.19765 Case1_F040_EW 20
INLINE-  2147483647 2147483647    514473.37500   6249037.50000      9519.36865 Case1_F040_EW 20
INLINE-  2147483647 2147483647    514369.34375   6249173.50000     10021.52004 Case1_F040_EW 20
INLINE-  2147483647 2147483647    514261.46875   6249314.00000     10518.72123 Case1_F040_EW 20
INLINE-  2147483647 2147483647    514155.90625   6249452.00000     11020.02204 Case1_F040_EW 20
INLINE-  2147483647 2147483647    514004.00000   6249650.50000     11425.82266 Case1_F040_EW 20
INLINE-  2147483647 2147483647    513823.21875   6249887.00000     11745.12310 Case1_F040_EW 20
INLINE-  2147483647 2147483647    513628.78125   6250141.00000     12000.92439 Case1_F040_EW 20
INLINE-  2147483647 2147483647    514475.31250   6248891.00000      9098.05824 Case1_F040_EW 21
INLINE-  2147483647 2147483647    514398.59375   6248991.00000      9616.12958 Case1_F040_EW 21
INLINE-  2147483647 2147483647    514296.81250   6249124.00000     10104.42060 Case1_F040_EW 21
INLINE-  2147483647 2147483647    514189.71875   6249264.00000     10585.02117 Case1_F040_EW 21
INLINE-  2147483647 2147483647    514078.81250   6249409.00000     11059.22231 Case1_F040_EW 21
INLINE-  2147483647 2147483647    513924.62500   6249610.50000     11435.72307 Case1_F040_EW 21
INLINE-  2147483647 2147483647    513750.68750   6249837.50000     11752.92390 Case1_F040_EW 21
INLINE-  2147483647 2147483647    513563.09375   6250083.00000     12010.52402 Case1_F040_EW 21
INLINE-  2147483647 2147483647    514410.40625   6248852.00000      9228.12881 Case1_F040_EW 22
INLINE-  2147483647 2147483647    514342.06250   6248941.50000      9662.87968 Case1_F040_EW 22
INLINE-  2147483647 2147483647    514258.50000   6249050.50000     10080.22036 Case1_F040_EW 22
INLINE-  2147483647 2147483647    514168.12500   6249169.00000     10485.72117 Case1_F040_EW 22
INLINE-  2147483647 2147483647    514070.90625   6249296.00000     10881.92215 Case1_F040_EW 22
INLINE-  2147483647 2147483647    513954.68750   6249447.50000     11237.92287 Case1_F040_EW 22
INLINE-  2147483647 2147483647    513811.90625   6249634.50000     11521.42343 Case1_F040_EW 22
INLINE-  2147483647 2147483647    513664.56250   6249827.00000     11789.92397 Case1_F040_EW 22
INLINE-  2147483647 2147483647    513508.09375   6250031.50000     12016.02403 Case1_F040_EW 22
INLINE-  2147483647 2147483647    514344.12500   6248815.50000      9345.20912 Case1_F040_EW 23
INLINE-  2147483647 2147483647    514312.21875   6248857.50000      9557.19880 Case1_F040_EW 23
INLINE-  2147483647 2147483647    514170.18750   6249043.00000     10281.52056 Case1_F040_EW 23
INLINE-  2147483647 2147483647    514019.03125   6249240.50000     10880.62137 Case1_F040_EW 23
INLINE-  2147483647 2147483647    513915.75000   6249375.50000     11193.72258 Case1_F040_EW 23
INLINE-  2147483647 2147483647    513798.00000   6249529.50000     11414.62244 Case1_F040_EW 23
INLINE-  2147483647 2147483647    513702.21875   6249654.00000     11603.02321 Case1_F040_EW 23
INLINE-  2147483647 2147483647    513584.50000   6249808.00000     11822.22384 Case1_F040_EW 23
INLINE-  2147483647 2147483647    513463.06250   6249967.00000     12002.52401 Case1_F040_EW 23
INLINE-  2147483647 2147483647    514289.84375   6248783.50000      9372.33906 Case1_F040_EW 24
INLINE-  2147483647 2147483647    514223.75000   6248870.00000      9764.05957 Case1_F040_EW 24
INLINE-  2147483647 2147483647    514150.84375   6248965.00000     10147.61990 Case1_F040_EW 24
INLINE-  2147483647 2147483647    514068.81250   6249072.50000     10518.02104 Case1_F040_EW 24
INLINE-  2147483647 2147483647    513974.62500   6249195.50000     10868.92213 Case1_F040_EW 24
INLINE-  2147483647 2147483647    513864.50000   6249339.50000     11184.72256 Case1_F040_EW 24
INLINE-  2147483647 2147483647    513735.37500   6249508.00000     11445.62250 Case1_F040_EW 24
INLINE-  2147483647 2147483647    513604.71875   6249679.00000     11701.72360 Case1_F040_EW 24
INLINE-  2147483647 2147483647    513464.96875   6249861.50000     11921.22404 Case1_F040_EW 24
INLINE-  2147483647 2147483647    514235.65625   6248751.50000      9381.77853 Case1_F040_EW 25
INLINE-  2147483647 2147483647    514172.59375   6248834.00000      9752.76951 Case1_F040_EW 25
INLINE-  2147483647 2147483647    514105.75000   6248921.00000     10118.72043 Case1_F040_EW 25
INLINE-  2147483647 2147483647    514031.31250   6249018.50000     10474.72114 Case1_F040_EW 25
INLINE-  2147483647 2147483647    513943.21875   6249133.50000     10808.12123 Case1_F040_EW 25
INLINE-  2147483647 2147483647    513841.43750   6249266.50000     11113.32203 Case1_F040_EW 25
INLINE-  2147483647 2147483647    513724.46875   6249419.50000     11378.52276 Case1_F040_EW 25
INLINE-  2147483647 2147483647    513601.43750   6249580.00000     11622.22344 Case1_F040_EW 25
INLINE-  2147483647 2147483647    513470.03125   6249752.00000     11834.12328 Case1_F040_EW 25
INLINE-  2147483647 2147483647    514181.43750   6248719.50000      9383.01877 Case1_F040_EW 26
INLINE-  2147483647 2147483647    514113.09375   6248809.00000      9783.25004 Case1_F040_EW 26
INLINE-  2147483647 2147483647    514043.21875   6248900.00000     10181.02036 Case1_F040_EW 26
INLINE-  2147483647 2147483647    513961.18750   6249007.50000     10562.22132 Case1_F040_EW 26
INLINE-  2147483647 2147483647    513860.15625   6249139.50000     10912.12143 Case1_F040_EW 26
INLINE-  2147483647 2147483647    513747.00000   6249287.00000     11233.12208 Case1_F040_EW 26
INLINE-  2147483647 2147483647    513617.87500   6249456.00000     11508.42341 Case1_F040_EW 26
INLINE-  2147483647 2147483647    513476.59375   6249640.50000     11742.92388 Case1_F040_EW 26
INLINE-  2147483647 2147483647    514117.34375   6248680.00000      9381.06857 Case1_F040_EW 27
INLINE-  2147483647 2147483647    514067.18750   6248745.50000      9681.20979 Case1_F040_EW 27
INLINE-  2147483647 2147483647    514017.06250   6248811.00000      9980.61957 Case1_F040_EW 27
INLINE-  2147483647 2147483647    513947.18750   6248902.00000     10375.62036 Case1_F040_EW 27
INLINE-  2147483647 2147483647    513810.46875   6249081.00000     10880.62137 Case1_F040_EW 27
INLINE-  2147483647 2147483647    513676.81250   6249255.50000     11280.92295 Case1_F040_EW 27
INLINE-  2147483647 2147483647    513580.34375   6249381.50000     11467.72313 Case1_F040_EW 27
INLINE-  2147483647 2147483647    513475.53125   6249518.50000     11655.32312 Case1_F040_EW 27
INLINE-  2147483647 2147483647    514066.18750   6248644.00000      9364.64861 Case1_F040_EW 28
INLINE-  2147483647 2147483647    514000.09375   6248730.00000      9784.17972 Case1_F040_EW 28
INLINE-  2147483647 2147483647    513930.96875   6248820.50000     10200.22060 Case1_F040_EW 28
INLINE-  2147483647 2147483647    513843.62500   6248934.50000     10589.92157 Case1_F040_EW 28
INLINE-  2147483647 2147483647    513738.81250   6249071.50000     10950.92229 Case1_F040_EW 28
INLINE-  2147483647 2147483647    513619.56250   6249227.50000     11277.72275 Case1_F040_EW 28
INLINE-  2147483647 2147483647    513490.43750   6249396.00000     11576.62276 Case1_F040_EW 28
INLINE-  2147483647 2147483647    514021.90625   6248619.50000      9369.50897 Case1_F040_EW 29
INLINE-  2147483647 2147483647    513977.87500   6248677.00000      9681.20979 Case1_F040_EW 29
INLINE-  2147483647 2147483647    513927.71875   6248742.50000      9980.61957 Case1_F040_EW 29
INLINE-  2147483647 2147483647    513857.84375   6248834.00000     10375.62036 Case1_F040_EW 29
INLINE-  2147483647 2147483647    513721.12500   6249012.50000     10880.62137 Case1_F040_EW 29
INLINE-  2147483647 2147483647    513587.46875   6249187.00000     11280.92295 Case1_F040_EW 29
INLINE-  2147483647 2147483647    513516.81250   6249279.50000     11501.22320 Case1_F040_EW 29
INLINE-  2147483647 2147483647    513965.50000   6248611.00000      9472.81875 Case1_F040_EW 30
INLINE-  2147483647 2147483647    513915.37500   6248676.50000      9828.85950 Case1_F040_EW 30
INLINE-  2147483647 2147483647    513854.59375   6248756.00000     10174.22054 Case1_F040_EW 30
INLINE-  2147483647 2147483647    513787.00000   6248844.00000     10509.72121 Case1_F040_EW 30
INLINE-  2147483647 2147483647    513706.50000   6248949.50000     10825.12126 Case1_F040_EW 30
INLINE-  2147483647 2147483647    513616.87500   6249066.50000     11124.12186 Case1_F040_EW 30
INLINE-  2147483647 2147483647    513525.71875   6249185.50000     11418.42323 Case1_F040_EW 30
INLINE-  2147483647 2147483647    513915.09375   6248574.00000      9532.72903 Case1_F040_EW 31
INLINE-  2147483647 2147483647    513877.87500   6248622.50000      9768.10938 Case1_F040_EW 31
INLINE-  2147483647 2147483647    513838.37500   6248674.00000      9980.61957 Case1_F040_EW 31
INLINE-  2147483647 2147483647    513768.50000   6248765.50000     10375.62036 Case1_F040_EW 31
INLINE-  2147483647 2147483647    513652.31250   6248917.50000     10879.62137 Case1_F040_EW 31
INLINE-  2147483647 2147483647    513520.90625   6249089.00000     11327.02265 Case1_F040_EW 31
INLINE-  2147483647 2147483647    513873.06250   6248526.00000      9467.03847 Case1_F040_EW 32
INLINE-  2147483647 2147483647    513840.40625   6248568.50000      9682.24983 Case1_F040_EW 32
INLINE-  2147483647 2147483647    513807.00000   6248612.50000      9897.13015 Case1_F040_EW 32
INLINE-  2147483647 2147483647    513750.78125   6248686.00000     10252.42090 Case1_F040_EW 32
INLINE-  2147483647 2147483647    513680.15625   6248778.00000     10589.92157 Case1_F040_EW 32
INLINE-  2147483647 2147483647    513599.62500   6248883.50000     10911.02182 Case1_F040_EW 32
INLINE-  2147483647 2147483647    513513.81250   6248995.50000     11222.02244 Case1_F040_EW 32
INLINE-  2147483647 2147483647    513816.59375   6248497.00000      9478.27872 Case1_F040_EW 33
INLINE-  2147483647 2147483647    513778.62500   6248546.50000      9768.10938 Case1_F040_EW 33
INLINE-  2147483647 2147483647    513752.03125   6248581.50000      9970.64006 Case1_F040_EW 33
INLINE-  2147483647 2147483647    513689.00000   6248663.50000     10347.82050 Case1_F040_EW 33
INLINE-  2147483647 2147483647    513567.46875   6248822.50000     10860.22192 Case1_F040_EW 33
INLINE-  2147483647 2147483647    513504.43750   6248905.00000     11108.72241 Case1_F040_EW 33
INLINE-  2147483647 2147483647    513774.50000   6248428.50000      9325.47861 Case1_F040_EW 34
INLINE-  2147483647 2147483647    513733.50000   6248482.00000      9669.04961 Case1_F040_EW 34
INLINE-  2147483647 2147483647    513683.34375   6248547.50000     10003.52001 Case1_F040_EW 34
INLINE-  2147483647 2147483647    513625.62500   6248623.00000     10329.82046 Case1_F040_EW 34
INLINE-  2147483647 2147483647    513561.06250   6248707.50000     10645.92168 Case1_F040_EW 34
INLINE-  2147483647 2147483647    513511.71875   6248772.00000     10857.22191 Case1_F040_EW 34
INLINE-  2147483647 2147483647    513755.31250   6248371.50000      9154.88843 Case1_F040_EW 35
INLINE-  2147483647 2147483647    513723.40625   6248413.00000      9453.00914 Case1_F040_EW 35
INLINE-  2147483647 2147483647    513675.56250   6248475.50000      9739.22944 Case1_F040_EW 35
INLINE-  2147483647 2147483647    513641.37500   6248520.00000      9967.26017 Case1_F040_EW 35
INLINE-  2147483647 2147483647    513582.87500   6248596.50000     10356.12032 Case1_F040_EW 35
INLINE-  2147483647 2147483647    513497.06250   6248709.00000     10796.62120 Case1_F040_EW 35
