INLINE-  2147483647 2147483647    514231.68800   6253940.00000      9111.96122 Case2_F093_EW 1
INLINE-  2147483647 2147483647    514237.62500   6253932.00000      9285.64157 Case2_F093_EW 1
INLINE-  2147483647 2147483647    514248.15600   6253918.50000      9545.26909 Case2_F093_EW 1
INLINE-  2147483647 2147483647    514212.12500   6253924.00000      9093.60019 Case2_F093_EW 2
INLINE-  2147483647 2147483647    514220.15600   6253913.50000      9271.91854 Case2_F093_EW 2
INLINE-  2147483647 2147483647    514240.09400   6253887.50000      9541.42908 Case2_F093_EW 2
INLINE-  2147483647 2147483647    514193.21900   6253908.00000      9064.15713 Case2_F093_EW 3
INLINE-  2147483647 2147483647    514204.43800   6253893.00000      9262.45752 Case2_F093_EW 3
INLINE-  2147483647 2147483647    514226.84400   6253864.00000      9520.83304 Case2_F093_EW 3
INLINE-  2147483647 2147483647    514173.46900   6253892.50000      9055.61411 Case2_F093_EW 4
INLINE-  2147483647 2147483647    514187.59400   6253874.00000      9288.57758 Case2_F093_EW 4
INLINE-  2147483647 2147483647    514207.28100   6253848.50000      9518.74204 Case2_F093_EW 4
INLINE-  2147483647 2147483647    514154.53100   6253876.00000      9052.91811 Case2_F093_EW 5
INLINE-  2147483647 2147483647    514168.15600   6253858.50000      9284.35057 Case2_F093_EW 5
INLINE-  2147483647 2147483647    514187.15600   6253833.50000      9520.83304 Case2_F093_EW 5
INLINE-  2147483647 2147483647    514140.37500   6253853.50000      9060.34412 Case2_F093_EW 6
INLINE-  2147483647 2147483647    514152.37500   6253838.00000      9294.41859 Case2_F093_EW 6
INLINE-  2147483647 2147483647    514170.37500   6253814.00000      9525.84805 Case2_F093_EW 6
INLINE-  2147483647 2147483647    514125.90600   6253831.00000      9071.43014 Case2_F093_EW 7
INLINE-  2147483647 2147483647    514134.53100   6253820.00000      9271.44054 Case2_F093_EW 7
INLINE-  2147483647 2147483647    514154.18800   6253794.00000      9530.88006 Case2_F093_EW 7
INLINE-  2147483647 2147483647    514108.25000   6253813.00000      9072.22514 Case2_F093_EW 8
INLINE-  2147483647 2147483647    514119.68800   6253798.00000      9303.15361 Case2_F093_EW 8
INLINE-  2147483647 2147483647    514137.87500   6253774.50000      9531.12506 Case2_F093_EW 8
INLINE-  2147483647 2147483647    514089.50000   6253796.50000      9069.02814 Case2_F093_EW 9
INLINE-  2147483647 2147483647    514100.62500   6253782.00000      9281.62956 Case2_F093_EW 9
INLINE-  2147483647 2147483647    514120.87500   6253755.50000      9530.09506 Case2_F093_EW 9
INLINE-  2147483647 2147483647    514060.96900   6253772.00000      9057.18411 Case2_F093_EW 10
INLINE-  2147483647 2147483647    514072.15600   6253757.50000      9295.41859 Case2_F093_EW 10
INLINE-  2147483647 2147483647    514091.53100   6253732.00000      9530.04006 Case2_F093_EW 10
INLINE-  2147483647 2147483647    514042.00000   6253755.50000      9044.70509 Case2_F093_EW 11
INLINE-  2147483647 2147483647    514051.00000   6253744.00000      9281.62956 Case2_F093_EW 11
INLINE-  2147483647 2147483647    514071.25000   6253717.50000      9530.09506 Case2_F093_EW 11
INLINE-  2147483647 2147483647    514022.15600   6253740.50000      9044.70509 Case2_F093_EW 12
INLINE-  2147483647 2147483647    514031.15600   6253729.00000      9281.62956 Case2_F093_EW 12
INLINE-  2147483647 2147483647    514051.37500   6253702.50000      9530.09506 Case2_F093_EW 12
