INLINE-  2147483647 2147483647    515560.68800   6249550.00000      9283.35857 Case1_F047_EW 1
INLINE-  2147483647 2147483647    515588.68800   6249513.50000      9425.99885 Case1_F047_EW 1
INLINE-  2147483647 2147483647    515622.28100   6249469.50000      9549.84910 Case1_F047_EW 1
INLINE-  2147483647 2147483647    515671.62500   6249405.00000      9652.64931 Case1_F047_EW 1
INLINE-  2147483647 2147483647    515509.56200   6249534.50000      9251.75850 Case1_F047_EW 2
INLINE-  2147483647 2147483647    515540.62500   6249494.00000      9407.90882 Case1_F047_EW 2
INLINE-  2147483647 2147483647    515580.31200   6249442.00000      9550.02910 Case1_F047_EW 2
INLINE-  2147483647 2147483647    515629.65600   6249377.50000      9670.62934 Case1_F047_EW 2
INLINE-  2147483647 2147483647    515461.62500   6249515.00000      9217.60844 Case1_F047_EW 3
INLINE-  2147483647 2147483647    515496.46900   6249469.50000      9388.27878 Case1_F047_EW 3
INLINE-  2147483647 2147483647    515535.93800   6249418.00000      9541.94908 Case1_F047_EW 3
INLINE-  2147483647 2147483647    515587.56200   6249350.50000      9691.07938 Case1_F047_EW 3
INLINE-  2147483647 2147483647    515411.18800   6249478.00000      9167.03833 Case1_F047_EW 4
INLINE-  2147483647 2147483647    515453.71900   6249422.50000      9367.30873 Case1_F047_EW 4
INLINE-  2147483647 2147483647    515486.28100   6249380.00000      9541.94908 Case1_F047_EW 4
INLINE-  2147483647 2147483647    515541.75000   6249307.50000      9704.10941 Case1_F047_EW 4
INLINE-  2147483647 2147483647    515356.18800   6249426.50000      9141.19828 Case1_F047_EW 5
INLINE-  2147483647 2147483647    515399.43800   6249370.00000      9368.89874 Case1_F047_EW 5
INLINE-  2147483647 2147483647    515438.12500   6249319.50000      9535.47807 Case1_F047_EW 5
INLINE-  2147483647 2147483647    515486.75000   6249256.00000      9718.27944 Case1_F047_EW 5
INLINE-  2147483647 2147483647    515295.03100   6249383.00000      9129.01826 Case1_F047_EW 6
INLINE-  2147483647 2147483647    515336.78100   6249328.50000      9355.76871 Case1_F047_EW 6
INLINE-  2147483647 2147483647    515381.03100   6249270.50000      9513.85903 Case1_F047_EW 6
INLINE-  2147483647 2147483647    515434.00000   6249201.50000      9694.81939 Case1_F047_EW 6
INLINE-  2147483647 2147483647    515234.59400   6249338.50000      9107.15721 Case1_F047_EW 7
INLINE-  2147483647 2147483647    515278.09400   6249281.50000      9373.41875 Case1_F047_EW 7
INLINE-  2147483647 2147483647    515322.12500   6249224.00000      9525.09905 Case1_F047_EW 7
INLINE-  2147483647 2147483647    515376.84400   6249152.50000      9672.45934 Case1_F047_EW 7
INLINE-  2147483647 2147483647    515175.21900   6249292.50000      9107.15721 Case1_F047_EW 8
INLINE-  2147483647 2147483647    515218.46900   6249236.00000      9373.41875 Case1_F047_EW 8
INLINE-  2147483647 2147483647    515251.81200   6249192.50000      9519.14904 Case1_F047_EW 8
INLINE-  2147483647 2147483647    515314.15600   6249111.00000      9675.03935 Case1_F047_EW 8
INLINE-  2147483647 2147483647    514976.50000   6249141.00000      9107.15721 Case1_F047_EW 9
INLINE-  2147483647 2147483647    515020.00000   6249084.00000      9373.41875 Case1_F047_EW 9
INLINE-  2147483647 2147483647    515053.34400   6249040.50000      9519.14904 Case1_F047_EW 9
INLINE-  2147483647 2147483647    515115.68800   6248959.00000      9675.03935 Case1_F047_EW 9
