INLINE-  2147483647 2147483647    512101.43800   6250134.50000     10022.70205 Case2_F157_NNW 1
INLINE-  2147483647 2147483647    512104.75000   6250110.50000     10268.34554 Case2_F157_NNW 1
INLINE-  2147483647 2147483647    512117.15600   6250021.00000     10639.62828 Case2_F157_NNW 1
INLINE-  2147483647 2147483647    512155.06200   6249747.50000     11205.47341 Case2_F157_NNW 1
INLINE-  2147483647 2147483647    512199.43800   6249427.00000     11498.81800 Case2_F157_NNW 1
INLINE-  2147483647 2147483647    512057.34400   6250160.00000     10029.78006 Case2_F157_NNW 2
INLINE-  2147483647 2147483647    512063.65600   6250114.00000     10272.92055 Case2_F157_NNW 2
INLINE-  2147483647 2147483647    512086.34400   6249950.00000     10969.01194 Case2_F157_NNW 2
INLINE-  2147483647 2147483647    512120.96900   6249700.00000     11410.69482 Case2_F157_NNW 2
INLINE-  2147483647 2147483647    512158.25000   6249431.00000     11627.58926 Case2_F157_NNW 2
INLINE-  2147483647 2147483647    511957.50000   6250146.00000     10029.78006 Case2_F157_NNW 3
INLINE-  2147483647 2147483647    511960.75000   6250122.50000     10286.46357 Case2_F157_NNW 3
INLINE-  2147483647 2147483647    511987.84400   6249927.00000     10962.64293 Case2_F157_NNW 3
INLINE-  2147483647 2147483647    512021.84400   6249681.00000     11409.64982 Case2_F157_NNW 3
INLINE-  2147483647 2147483647    512058.43800   6249417.00000     11627.58926 Case2_F157_NNW 3
INLINE-  2147483647 2147483647    511841.06200   6250162.00000     10072.95915 Case2_F157_NNW 4
INLINE-  2147483647 2147483647    511844.78100   6250135.50000     10305.57561 Case2_F157_NNW 4
INLINE-  2147483647 2147483647    511872.84400   6249933.00000     10916.71383 Case2_F157_NNW 4
INLINE-  2147483647 2147483647    511909.50000   6249668.00000     11353.54671 Case2_F157_NNW 4
INLINE-  2147483647 2147483647    511946.40600   6249401.50000     11627.58926 Case2_F157_NNW 4
INLINE-  2147483647 2147483647    511702.71900   6250154.50000     10043.17409 Case2_F157_NNW 5
INLINE-  2147483647 2147483647    511704.25000   6250143.50000     10325.71365 Case2_F157_NNW 5
INLINE-  2147483647 2147483647    511738.84400   6249893.50000     10920.75284 Case2_F157_NNW 5
INLINE-  2147483647 2147483647    511777.56200   6249614.00000     11278.41956 Case2_F157_NNW 5
INLINE-  2147483647 2147483647    511819.50000   6249311.00000     11590.09918 Case2_F157_NNW 5
INLINE-  2147483647 2147483647    511568.06200   6250144.00000     10010.29302 Case2_F157_NNW 6
INLINE-  2147483647 2147483647    511573.37500   6250105.50000     10352.60871 Case2_F157_NNW 6
INLINE-  2147483647 2147483647    511601.62500   6249901.50000     10884.06277 Case2_F157_NNW 6
INLINE-  2147483647 2147483647    511644.59400   6249591.00000     11306.22161 Case2_F157_NNW 6
INLINE-  2147483647 2147483647    511684.68800   6249301.50000     11690.80838 Case2_F157_NNW 6
INLINE-  2147483647 2147483647    511467.06200   6250117.00000      9994.45999 Case2_F157_NNW 7
INLINE-  2147483647 2147483647    511472.53100   6250078.00000     10349.08170 Case2_F157_NNW 7
INLINE-  2147483647 2147483647    511498.93800   6249887.00000     10884.06277 Case2_F157_NNW 7
INLINE-  2147483647 2147483647    511565.50000   6249406.50000     11616.29623 Case2_F157_NNW 7
INLINE-  2147483647 2147483647    511340.40600   6250083.50000     10003.28201 Case2_F157_NNW 8
INLINE-  2147483647 2147483647    511345.84400   6250044.00000     10353.54171 Case2_F157_NNW 8
INLINE-  2147483647 2147483647    511370.03100   6249869.50000     10884.06277 Case2_F157_NNW 8
INLINE-  2147483647 2147483647    511425.15600   6249471.00000     11591.40218 Case2_F157_NNW 8
INLINE-  2147483647 2147483647    511269.28100   6250065.50000      9995.64099 Case2_F157_NNW 9
INLINE-  2147483647 2147483647    511275.40600   6250021.50000     10366.92773 Case2_F157_NNW 9
INLINE-  2147483647 2147483647    511297.84400   6249859.50000     10884.06277 Case2_F157_NNW 9
INLINE-  2147483647 2147483647    511352.90600   6249462.00000     11609.50222 Case2_F157_NNW 9
INLINE-  2147483647 2147483647    511187.81200   6250043.50000     10059.21712 Case2_F157_NNW 10
INLINE-  2147483647 2147483647    511192.46900   6250010.00000     10366.92773 Case2_F157_NNW 10
INLINE-  2147483647 2147483647    511213.21900   6249860.00000     10862.27772 Case2_F157_NNW 10
INLINE-  2147483647 2147483647    511269.87500   6249451.00000     11611.11122 Case2_F157_NNW 10
