INLINE-  2147483647 2147483647    512034.00000   6255824.00000      9824.74065 Case2_F012_EW 1
INLINE-  2147483647 2147483647    512027.31200   6255833.00000     10010.71302 Case2_F012_EW 1
INLINE-  2147483647 2147483647    512056.75000   6255856.00000      9833.12167 Case2_F012_EW 2
INLINE-  2147483647 2147483647    512040.21900   6255877.50000     10097.37419 Case2_F012_EW 2
INLINE-  2147483647 2147483647    512021.00000   6255903.00000     10275.04655 Case2_F012_EW 2
INLINE-  2147483647 2147483647    512095.87500   6255908.00000      9808.80662 Case2_F012_EW 3
INLINE-  2147483647 2147483647    512083.75000   6255923.50000     10123.25425 Case2_F012_EW 3
INLINE-  2147483647 2147483647    512050.93800   6255966.50000     10454.37391 Case2_F012_EW 3
INLINE-  2147483647 2147483647    512138.68800   6255955.00000      9881.95776 Case2_F012_EW 4
INLINE-  2147483647 2147483647    512124.84400   6255973.00000     10145.39529 Case2_F012_EW 4
INLINE-  2147483647 2147483647    512087.90600   6256021.00000     10462.26692 Case2_F012_EW 4
INLINE-  2147483647 2147483647    512189.28100   6255991.50000      9875.56375 Case2_F012_EW 5
INLINE-  2147483647 2147483647    512168.03100   6256019.50000     10194.61939 Case2_F012_EW 5
INLINE-  2147483647 2147483647    512133.59400   6256064.00000     10505.62701 Case2_F012_EW 5
INLINE-  2147483647 2147483647    512238.31200   6256030.50000      9883.24477 Case2_F012_EW 6
INLINE-  2147483647 2147483647    512214.71900   6256061.00000     10213.37443 Case2_F012_EW 6
INLINE-  2147483647 2147483647    512181.34400   6256104.50000     10550.74610 Case2_F012_EW 6
INLINE-  2147483647 2147483647    512289.34400   6256066.50000      9915.51783 Case2_F012_EW 7
INLINE-  2147483647 2147483647    512265.46900   6256097.50000     10139.64028 Case2_F012_EW 7
INLINE-  2147483647 2147483647    512252.37500   6256114.50000     10360.52272 Case2_F012_EW 7
INLINE-  2147483647 2147483647    512230.25000   6256143.50000     10568.86414 Case2_F012_EW 7
INLINE-  2147483647 2147483647    512301.31200   6256153.50000      9971.12394 Case2_F012_EW 8
INLINE-  2147483647 2147483647    512300.87500   6256154.00000     10143.81229 Case2_F012_EW 8
INLINE-  2147483647 2147483647    512301.81200   6256153.00000     10373.43075 Case2_F012_EW 8
INLINE-  2147483647 2147483647    512282.46900   6256178.00000     10650.12330 Case2_F012_EW 8
