INLINE-  2147483647 2147483647    515035.06250   6252555.00000      9229.62881 Case2_F130_NS 1
INLINE-  2147483647 2147483647    515033.37500   6252553.50000      9628.93918 Case2_F130_NS 1
INLINE-  2147483647 2147483647    515030.59375   6252551.50000     10020.52004 Case2_F130_NS 1
INLINE-  2147483647 2147483647    515031.78125   6252552.50000     10354.72090 Case2_F130_NS 1
INLINE-  2147483647 2147483647    515050.71875   6252567.00000     10685.82118 Case2_F130_NS 1
INLINE-  2147483647 2147483647    515064.34375   6252577.00000     10926.32166 Case2_F130_NS 1
INLINE-  2147483647 2147483647    515069.84375   6252503.00000      9156.10816 Case2_F130_NS 2
INLINE-  2147483647 2147483647    515067.37500   6252501.00000      9455.46911 Case2_F130_NS 2
INLINE-  2147483647 2147483647    515067.37500   6252501.00000      9754.83982 Case2_F130_NS 2
INLINE-  2147483647 2147483647    515068.37500   6252501.50000     10054.11972 Case2_F130_NS 2
INLINE-  2147483647 2147483647    515072.71875   6252505.00000     10353.12032 Case2_F130_NS 2
INLINE-  2147483647 2147483647    515083.56250   6252513.50000     10651.62091 Case2_F130_NS 2
INLINE-  2147483647 2147483647    515114.90625   6252537.50000     11035.32188 Case2_F130_NS 2
INLINE-  2147483647 2147483647    515105.65625   6252451.50000      9103.23793 Case2_F130_NS 3
INLINE-  2147483647 2147483647    515101.37500   6252448.00000      9584.19886 Case2_F130_NS 3
INLINE-  2147483647 2147483647    515106.53125   6252452.00000     10020.52004 Case2_F130_NS 3
INLINE-  2147483647 2147483647    515107.71875   6252453.00000     10354.72090 Case2_F130_NS 3
INLINE-  2147483647 2147483647    515115.65625   6252459.00000     10714.22162 Case2_F130_NS 3
INLINE-  2147483647 2147483647    515134.93750   6252474.00000     11056.72231 Case2_F130_NS 3
INLINE-  2147483647 2147483647    515162.71875   6252495.00000     11322.52265 Case2_F130_NS 3
INLINE-  2147483647 2147483647    515192.31250   6252518.00000     11528.02306 Case2_F130_NS 3
INLINE-  2147483647 2147483647    515143.40625   6252401.50000      9098.89808 Case2_F130_NS 4
INLINE-  2147483647 2147483647    515139.43750   6252398.50000      9451.70933 Case2_F130_NS 4
INLINE-  2147483647 2147483647    515141.34375   6252400.00000      9804.51961 Case2_F130_NS 4
INLINE-  2147483647 2147483647    515144.81250   6252403.00000     10157.32012 Case2_F130_NS 4
INLINE-  2147483647 2147483647    515150.06250   6252407.00000     10509.82082 Case2_F130_NS 4
INLINE-  2147483647 2147483647    515162.87500   6252416.50000     10861.82153 Case2_F130_NS 4
INLINE-  2147483647 2147483647    515186.81250   6252435.00000     11210.52242 Case2_F130_NS 4
INLINE-  2147483647 2147483647    515222.75000   6252462.50000     11555.02311 Case2_F130_NS 4
INLINE-  2147483647 2147483647    515181.59375   6252352.00000      9103.23793 Case2_F130_NS 5
INLINE-  2147483647 2147483647    515177.31250   6252349.00000      9584.19886 Case2_F130_NS 5
INLINE-  2147483647 2147483647    515182.50000   6252353.00000     10020.52004 Case2_F130_NS 5
INLINE-  2147483647 2147483647    515183.68750   6252354.00000     10354.72090 Case2_F130_NS 5
INLINE-  2147483647 2147483647    515202.62500   6252368.50000     10685.82118 Case2_F130_NS 5
INLINE-  2147483647 2147483647    515210.87500   6252374.50000     11056.72231 Case2_F130_NS 5
INLINE-  2147483647 2147483647    515238.68750   6252396.00000     11322.52265 Case2_F130_NS 5
INLINE-  2147483647 2147483647    515244.34375   6252400.00000     11530.02306 Case2_F130_NS 5
INLINE-  2147483647 2147483647    515219.56250   6252302.50000      9103.59829 Case2_F130_NS 6
INLINE-  2147483647 2147483647    515215.40625   6252299.50000      9506.20944 Case2_F130_NS 6
INLINE-  2147483647 2147483647    515219.18750   6252302.50000      9908.77958 Case2_F130_NS 6
INLINE-  2147483647 2147483647    515219.65625   6252302.50000     10311.62023 Case2_F130_NS 6
INLINE-  2147483647 2147483647    515252.71875   6252328.00000     10707.82122 Case2_F130_NS 6
INLINE-  2147483647 2147483647    515254.81250   6252329.50000     11110.02222 Case2_F130_NS 6
INLINE-  2147483647 2147483647    515260.96875   6252334.50000     11510.92341 Case2_F130_NS 6
INLINE-  2147483647 2147483647    515257.56250   6252253.00000      9103.23793 Case2_F130_NS 7
INLINE-  2147483647 2147483647    515253.28125   6252249.50000      9584.19886 Case2_F130_NS 7
INLINE-  2147483647 2147483647    515258.43750   6252253.50000     10020.52004 Case2_F130_NS 7
INLINE-  2147483647 2147483647    515259.62500   6252254.50000     10354.72090 Case2_F130_NS 7
INLINE-  2147483647 2147483647    515284.93750   6252274.00000     10685.82118 Case2_F130_NS 7
INLINE-  2147483647 2147483647    515291.90625   6252279.50000     11017.02203 Case2_F130_NS 7
INLINE-  2147483647 2147483647    515283.15625   6252272.50000     11461.92331 Case2_F130_NS 7
INLINE-  2147483647 2147483647    515295.53125   6252203.50000      9103.20864 Case2_F130_NS 8
INLINE-  2147483647 2147483647    515291.15625   6252200.00000      9523.78858 Case2_F130_NS 8
INLINE-  2147483647 2147483647    515295.03125   6252203.00000      9944.28942 Case2_F130_NS 8
INLINE-  2147483647 2147483647    515302.96875   6252209.00000     10364.22092 Case2_F130_NS 8
INLINE-  2147483647 2147483647    515315.18750   6252218.50000     10783.92196 Case2_F130_NS 8
INLINE-  2147483647 2147483647    515317.06250   6252220.00000     11204.12202 Case2_F130_NS 8
INLINE-  2147483647 2147483647    515333.50000   6252153.50000      9103.23793 Case2_F130_NS 9
INLINE-  2147483647 2147483647    515329.25000   6252150.50000      9584.19886 Case2_F130_NS 9
INLINE-  2147483647 2147483647    515334.40625   6252154.50000     10020.52004 Case2_F130_NS 9
INLINE-  2147483647 2147483647    515335.59375   6252155.50000     10354.72090 Case2_F130_NS 9
INLINE-  2147483647 2147483647    515340.75000   6252159.50000     10654.62092 Case2_F130_NS 9
INLINE-  2147483647 2147483647    515354.43750   6252170.00000     10959.02192 Case2_F130_NS 9
INLINE-  2147483647 2147483647    515371.59375   6252104.00000      9084.54844 Case2_F130_NS 10
INLINE-  2147483647 2147483647    515369.68750   6252102.50000      9456.58923 Case2_F130_NS 10
INLINE-  2147483647 2147483647    515371.09375   6252104.00000      9828.61927 Case2_F130_NS 10
INLINE-  2147483647 2147483647    515372.28125   6252104.50000     10200.62001 Case2_F130_NS 10
INLINE-  2147483647 2147483647    515375.93750   6252107.50000     10572.62075 Case2_F130_NS 10
INLINE-  2147483647 2147483647    515392.31250   6252120.00000     10943.22208 Case2_F130_NS 10
INLINE-  2147483647 2147483647    515409.46875   6252054.50000      9103.23793 Case2_F130_NS 11
INLINE-  2147483647 2147483647    515409.75000   6252054.50000      9561.89901 Case2_F130_NS 11
INLINE-  2147483647 2147483647    515410.34375   6252055.00000     10020.52004 Case2_F130_NS 11
INLINE-  2147483647 2147483647    515411.53125   6252056.00000     10354.72090 Case2_F130_NS 11
INLINE-  2147483647 2147483647    515416.71875   6252060.00000     10654.62092 Case2_F130_NS 11
INLINE-  2147483647 2147483647    515430.40625   6252070.50000     10959.02192 Case2_F130_NS 11
INLINE-  2147483647 2147483647    515443.65625   6252002.00000      9329.34874 Case2_F130_NS 12
INLINE-  2147483647 2147483647    515446.03125   6252004.00000      9737.44916 Case2_F130_NS 12
INLINE-  2147483647 2147483647    515455.96875   6252011.50000     10146.72049 Case2_F130_NS 12
INLINE-  2147483647 2147483647    515459.43750   6252014.00000     10570.92153 Case2_F130_NS 12
INLINE-  2147483647 2147483647    515469.46875   6252021.50000     11014.22222 Case2_F130_NS 12
INLINE-  2147483647 2147483647    515472.50000   6251945.50000      9485.23870 Case2_F130_NS 13
INLINE-  2147483647 2147483647    515486.31250   6251956.00000     10020.52004 Case2_F130_NS 13
INLINE-  2147483647 2147483647    515487.50000   6251957.00000     10354.72090 Case2_F130_NS 13
INLINE-  2147483647 2147483647    515492.65625   6251961.00000     10654.62092 Case2_F130_NS 13
INLINE-  2147483647 2147483647    515506.34375   6251971.50000     10959.02192 Case2_F130_NS 13
INLINE-  2147483647 2147483647    515504.81250   6251891.50000      9611.57879 Case2_F130_NS 14
INLINE-  2147483647 2147483647    515515.15625   6251899.50000     10038.22027 Case2_F130_NS 14
INLINE-  2147483647 2147483647    515519.12500   6251902.50000     10351.32051 Case2_F130_NS 14
INLINE-  2147483647 2147483647    515528.25000   6251909.50000     10661.42171 Case2_F130_NS 14
INLINE-  2147483647 2147483647    515531.34375   6251911.50000     10957.12152 Case2_F130_NS 14
INLINE-  2147483647 2147483647    515554.90625   6251851.00000      9546.47905 Case2_F130_NS 15
INLINE-  2147483647 2147483647    515555.00000   6251851.00000      9860.85957 Case2_F130_NS 15
INLINE-  2147483647 2147483647    515563.43750   6251857.50000     10354.72090 Case2_F130_NS 15
INLINE-  2147483647 2147483647    515566.71875   6251860.00000     10623.42164 Case2_F130_NS 15
INLINE-  2147483647 2147483647    515573.28125   6251865.00000     10957.32172 Case2_F130_NS 15
INLINE-  2147483647 2147483647    515598.93750   6251806.00000      9536.92923 Case2_F130_NS 16
INLINE-  2147483647 2147483647    515597.15625   6251804.50000      9951.67029 Case2_F130_NS 16
INLINE-  2147483647 2147483647    515599.34375   6251806.50000     10373.12036 Case2_F130_NS 16
INLINE-  2147483647 2147483647    515598.25000   6251805.50000     10667.92173 Case2_F130_NS 16
INLINE-  2147483647 2147483647    515604.81250   6251810.50000     10959.82172 Case2_F130_NS 16
INLINE-  2147483647 2147483647    515648.34375   6251765.00000      9618.32881 Case2_F130_NS 17
INLINE-  2147483647 2147483647    515644.28125   6251762.00000     10016.11964 Case2_F130_NS 17
INLINE-  2147483647 2147483647    515646.56250   6251764.00000     10372.52075 Case2_F130_NS 17
INLINE-  2147483647 2147483647    515649.81250   6251766.50000     10681.32117 Case2_F130_NS 17
INLINE-  2147483647 2147483647    515651.62500   6251767.50000     10968.62155 Case2_F130_NS 17
INLINE-  2147483647 2147483647    515681.15625   6251711.50000      9617.70967 Case2_F130_NS 18
INLINE-  2147483647 2147483647    515685.03125   6251714.50000     10013.72022 Case2_F130_NS 18
INLINE-  2147483647 2147483647    515691.09375   6251719.00000     10325.02065 Case2_F130_NS 18
INLINE-  2147483647 2147483647    515695.65625   6251722.50000     10640.82109 Case2_F130_NS 18
INLINE-  2147483647 2147483647    515703.28125   6251728.50000     10882.42216 Case2_F130_NS 18
