INLINE-  2147483647 2147483647    517965.71900   6247436.00000      9455.96891 Case1_F142_EW 1
INLINE-  2147483647 2147483647    517974.90600   6247424.00000      9912.64983 Case1_F142_EW 1
INLINE-  2147483647 2147483647    517935.93800   6247413.00000      9455.96891 Case1_F142_EW 2
INLINE-  2147483647 2147483647    517945.12500   6247401.00000      9912.64983 Case1_F142_EW 2
INLINE-  2147483647 2147483647    517906.25000   6247369.50000      9500.17900 Case1_F142_EW 3
INLINE-  2147483647 2147483647    517913.65600   6247360.00000      9948.18990 Case1_F142_EW 3
INLINE-  2147483647 2147483647    517871.68800   6247332.50000      9448.98890 Case1_F142_EW 4
INLINE-  2147483647 2147483647    517895.34400   6247301.50000     10091.92018 Case1_F142_EW 4
INLINE-  2147483647 2147483647    517841.96900   6247289.00000      9432.08886 Case1_F142_EW 5
INLINE-  2147483647 2147483647    517859.28100   6247266.50000      9822.68965 Case1_F142_EW 5
INLINE-  2147483647 2147483647    517876.09400   6247244.50000     10213.42043 Case1_F142_EW 5
INLINE-  2147483647 2147483647    517812.81200   6247245.00000      9423.03885 Case1_F142_EW 6
INLINE-  2147483647 2147483647    517828.84400   6247224.00000      9731.34946 Case1_F142_EW 6
INLINE-  2147483647 2147483647    517859.12500   6247184.50000     10321.62064 Case1_F142_EW 6
INLINE-  2147483647 2147483647    517779.18800   6247206.50000      9420.96884 Case1_F142_EW 7
INLINE-  2147483647 2147483647    517792.93800   6247188.50000      9648.74930 Case1_F142_EW 7
INLINE-  2147483647 2147483647    517830.84400   6247139.00000     10308.12062 Case1_F142_EW 7
INLINE-  2147483647 2147483647    517729.56200   6247168.50000      9420.96884 Case1_F142_EW 8
INLINE-  2147483647 2147483647    517743.28100   6247150.50000      9609.60922 Case1_F142_EW 8
INLINE-  2147483647 2147483647    517781.96900   6247100.00000     10119.21924 Case1_F142_EW 8
INLINE-  2147483647 2147483647    517689.06200   6247118.50000      9417.27883 Case1_F142_EW 9
INLINE-  2147483647 2147483647    517704.31200   6247098.50000      9709.31942 Case1_F142_EW 9
INLINE-  2147483647 2147483647    517726.96900   6247069.00000     10028.02006 Case1_F142_EW 9
INLINE-  2147483647 2147483647    517627.25000   6247096.50000      9401.12880 Case1_F142_EW 10
INLINE-  2147483647 2147483647    517644.03100   6247074.50000      9609.60922 Case1_F142_EW 10
INLINE-  2147483647 2147483647    517671.28100   6247039.00000      9949.26990 Case1_F142_EW 10
INLINE-  2147483647 2147483647    517607.31200   6247081.50000      9399.48880 Case1_F142_EW 11
INLINE-  2147483647 2147483647    517628.68800   6247053.50000      9673.88935 Case1_F142_EW 11
INLINE-  2147483647 2147483647    517650.81200   6247024.50000      9948.18990 Case1_F142_EW 11
