INLINE-  2147483647 2147483647    510967.96900   6255249.50000      9713.78743 Case2_F009_NS 1
INLINE-  2147483647 2147483647    510924.15600   6255216.00000      9826.55465 Case2_F009_NS 1
INLINE-  2147483647 2147483647    510857.90600   6255165.00000      9941.06688 Case2_F009_NS 1
INLINE-  2147483647 2147483647    510741.56200   6255076.00000     10142.98529 Case2_F009_NS 1
INLINE-  2147483647 2147483647    511048.78100   6255232.50000      9666.41833 Case2_F009_NS 2
INLINE-  2147483647 2147483647    511005.09400   6255199.00000      9813.62963 Case2_F009_NS 2
INLINE-  2147483647 2147483647    510952.75000   6255159.00000      9944.57989 Case2_F009_NS 2
INLINE-  2147483647 2147483647    510816.34400   6255054.50000     10195.20139 Case2_F009_NS 2
INLINE-  2147483647 2147483647    511118.31200   6255191.50000      9654.35531 Case2_F009_NS 3
INLINE-  2147483647 2147483647    511085.78100   6255166.50000      9795.86559 Case2_F009_NS 3
INLINE-  2147483647 2147483647    511030.15600   6255124.00000      9944.03689 Case2_F009_NS 3
INLINE-  2147483647 2147483647    510905.84400   6255028.50000     10196.79039 Case2_F009_NS 3
INLINE-  2147483647 2147483647    511216.09400   6255171.50000      9656.57231 Case2_F009_NS 4
INLINE-  2147483647 2147483647    511170.78100   6255137.00000      9788.00758 Case2_F009_NS 4
INLINE-  2147483647 2147483647    511116.59400   6255095.50000      9955.80391 Case2_F009_NS 4
INLINE-  2147483647 2147483647    510972.03100   6254985.00000     10254.85251 Case2_F009_NS 4
INLINE-  2147483647 2147483647    511265.28100   6255115.00000      9643.50729 Case2_F009_NS 5
INLINE-  2147483647 2147483647    511233.53100   6255090.50000      9793.52459 Case2_F009_NS 5
INLINE-  2147483647 2147483647    511171.28100   6255043.00000      9977.05495 Case2_F009_NS 5
INLINE-  2147483647 2147483647    511044.65600   6254946.00000     10243.67249 Case2_F009_NS 5
INLINE-  2147483647 2147483647    511365.84400   6255097.50000      9615.58523 Case2_F009_NS 6
INLINE-  2147483647 2147483647    511320.84400   6255063.00000      9791.88458 Case2_F009_NS 6
INLINE-  2147483647 2147483647    511256.56200   6255014.00000      9984.47297 Case2_F009_NS 6
INLINE-  2147483647 2147483647    511151.06200   6254933.00000     10185.02837 Case2_F009_NS 6
INLINE-  2147483647 2147483647    511446.15600   6255064.50000      9604.43721 Case2_F009_NS 7
INLINE-  2147483647 2147483647    511412.15600   6255038.50000      9766.49953 Case2_F009_NS 7
INLINE-  2147483647 2147483647    511339.75000   6254983.00000     10003.71901 Case2_F009_NS 7
INLINE-  2147483647 2147483647    511237.93800   6254905.00000     10214.43443 Case2_F009_NS 7
INLINE-  2147483647 2147483647    511527.40600   6255032.50000      9601.44720 Case2_F009_NS 8
INLINE-  2147483647 2147483647    511481.43800   6254997.00000      9783.76257 Case2_F009_NS 8
INLINE-  2147483647 2147483647    511405.81200   6254939.00000     10006.41601 Case2_F009_NS 8
INLINE-  2147483647 2147483647    511283.50000   6254845.50000     10214.43443 Case2_F009_NS 8
INLINE-  2147483647 2147483647    511590.71900   6254986.50000      9614.53923 Case2_F009_NS 9
INLINE-  2147483647 2147483647    511565.78100   6254967.00000      9764.83153 Case2_F009_NS 9
INLINE-  2147483647 2147483647    511463.09400   6254888.50000     10022.42004 Case2_F009_NS 9
INLINE-  2147483647 2147483647    511329.09400   6254786.00000     10214.43443 Case2_F009_NS 9
INLINE-  2147483647 2147483647    511666.46900   6254950.00000      9593.33019 Case2_F009_NS 10
INLINE-  2147483647 2147483647    511627.75000   6254920.00000      9757.01751 Case2_F009_NS 10
INLINE-  2147483647 2147483647    511516.34400   6254835.00000     10011.17602 Case2_F009_NS 10
INLINE-  2147483647 2147483647    511376.96900   6254728.50000     10213.79543 Case2_F009_NS 10
INLINE-  2147483647 2147483647    511724.71900   6254900.00000      9585.06617 Case2_F009_NS 11
INLINE-  2147483647 2147483647    511693.75000   6254876.50000      9730.68946 Case2_F009_NS 11
INLINE-  2147483647 2147483647    511511.15600   6254736.50000     10090.57018 Case2_F009_NS 11
INLINE-  2147483647 2147483647    511771.06200   6254841.00000      9578.37616 Case2_F009_NS 12
INLINE-  2147483647 2147483647    511718.93800   6254801.00000      9762.12352 Case2_F009_NS 12
INLINE-  2147483647 2147483647    511567.68800   6254685.50000     10040.28608 Case2_F009_NS 12
INLINE-  2147483647 2147483647    511807.28100   6254774.50000      9543.98109 Case2_F009_NS 13
INLINE-  2147483647 2147483647    511764.93800   6254742.00000      9718.78244 Case2_F009_NS 13
INLINE-  2147483647 2147483647    511627.09400   6254636.50000     10011.48402 Case2_F009_NS 13
INLINE-  2147483647 2147483647    511862.43800   6254722.00000      9533.12307 Case2_F009_NS 14
INLINE-  2147483647 2147483647    511813.06200   6254684.50000      9731.85546 Case2_F009_NS 14
INLINE-  2147483647 2147483647    511675.56200   6254579.00000     10024.81505 Case2_F009_NS 14
INLINE-  2147483647 2147483647    511901.18800   6254657.50000      9549.78510 Case2_F009_NS 15
INLINE-  2147483647 2147483647    511858.65600   6254625.00000      9731.85546 Case2_F009_NS 15
INLINE-  2147483647 2147483647    511732.75000   6254528.50000     10032.30306 Case2_F009_NS 15
INLINE-  2147483647 2147483647    511959.34400   6254607.50000      9567.07013 Case2_F009_NS 16
INLINE-  2147483647 2147483647    511909.46900   6254569.50000      9726.66645 Case2_F009_NS 16
INLINE-  2147483647 2147483647    511813.81200   6254496.00000      9998.28400 Case2_F009_NS 16
