INLINE-  2147483647 2147483647    515781.40600   6251256.50000      9555.09711 Case1_F014_EW 1
INLINE-  2147483647 2147483647    515822.40600   6251203.00000      9769.68154 Case1_F014_EW 1
INLINE-  2147483647 2147483647    515902.28100   6251098.50000     10301.47660 Case1_F014_EW 1
INLINE-  2147483647 2147483647    515823.71900   6251304.00000      9446.34089 Case1_F014_EW 2
INLINE-  2147483647 2147483647    515855.62500   6251262.50000      9705.35341 Case1_F014_EW 2
INLINE-  2147483647 2147483647    515897.78100   6251207.50000     10104.49021 Case1_F014_EW 2
INLINE-  2147483647 2147483647    515962.62500   6251122.50000     10511.64002 Case1_F014_EW 2
INLINE-  2147483647 2147483647    516030.78100   6251033.50000     10800.27260 Case1_F014_EW 2
INLINE-  2147483647 2147483647    515876.31200   6251338.50000      9518.96004 Case1_F014_EW 3
INLINE-  2147483647 2147483647    515896.56200   6251312.00000      9710.68342 Case1_F014_EW 3
INLINE-  2147483647 2147483647    515937.03100   6251259.00000     10037.74308 Case1_F014_EW 3
INLINE-  2147483647 2147483647    515991.56200   6251187.50000     10375.36875 Case1_F014_EW 3
INLINE-  2147483647 2147483647    516057.40600   6251101.50000     10754.05251 Case1_F014_EW 3
INLINE-  2147483647 2147483647    516153.18800   6250976.50000     11034.72307 Case1_F014_EW 3
INLINE-  2147483647 2147483647    515918.46900   6251386.00000      9419.43484 Case1_F014_EW 4
INLINE-  2147483647 2147483647    515936.62500   6251362.50000      9699.19540 Case1_F014_EW 4
INLINE-  2147483647 2147483647    515982.84400   6251302.00000     10028.27606 Case1_F014_EW 4
INLINE-  2147483647 2147483647    516082.50000   6251172.00000     10546.10509 Case1_F014_EW 4
INLINE-  2147483647 2147483647    516154.00000   6251078.50000     10900.93880 Case1_F014_EW 4
INLINE-  2147483647 2147483647    516216.65600   6250996.50000     11091.08818 Case1_F014_EW 4
INLINE-  2147483647 2147483647    515952.68800   6251444.00000      9471.98194 Case1_F014_EW 5
INLINE-  2147483647 2147483647    515976.40600   6251413.00000      9744.73849 Case1_F014_EW 5
INLINE-  2147483647 2147483647    516032.46900   6251340.00000     10028.27606 Case1_F014_EW 5
INLINE-  2147483647 2147483647    516138.00000   6251202.00000     10564.57013 Case1_F014_EW 5
INLINE-  2147483647 2147483647    516214.68800   6251102.00000     10848.14770 Case1_F014_EW 5
INLINE-  2147483647 2147483647    516295.56200   6250996.00000     11065.65713 Case1_F014_EW 5
INLINE-  2147483647 2147483647    515990.15600   6251498.00000      9470.55994 Case1_F014_EW 6
INLINE-  2147483647 2147483647    516028.09400   6251448.50000      9744.80849 Case1_F014_EW 6
INLINE-  2147483647 2147483647    516075.34400   6251387.00000      9949.54690 Case1_F014_EW 6
INLINE-  2147483647 2147483647    516108.00000   6251344.00000     10162.17932 Case1_F014_EW 6
INLINE-  2147483647 2147483647    516171.59400   6251261.00000     10523.04605 Case1_F014_EW 6
INLINE-  2147483647 2147483647    516265.65600   6251138.00000     10855.46571 Case1_F014_EW 6
INLINE-  2147483647 2147483647    516328.46900   6251056.00000     11062.81913 Case1_F014_EW 6
INLINE-  2147483647 2147483647    516052.21900   6251520.00000      9457.58692 Case1_F014_EW 7
INLINE-  2147483647 2147483647    516092.93800   6251466.50000      9752.03150 Case1_F014_EW 7
INLINE-  2147483647 2147483647    516140.00000   6251405.00000     10027.51406 Case1_F014_EW 7
INLINE-  2147483647 2147483647    516251.81200   6251259.00000     10647.48829 Case1_F014_EW 7
INLINE-  2147483647 2147483647    516355.62500   6251123.50000     11013.69103 Case1_F014_EW 7
INLINE-  2147483647 2147483647    516151.68800   6251492.50000      9774.39255 Case1_F014_EW 8
INLINE-  2147483647 2147483647    516201.96900   6251427.00000     10084.38717 Case1_F014_EW 8
INLINE-  2147483647 2147483647    516302.18800   6251296.00000     10638.26628 Case1_F014_EW 8
INLINE-  2147483647 2147483647    516398.93800   6251169.50000     10972.49094 Case1_F014_EW 8
INLINE-  2147483647 2147483647    516213.03100   6251515.50000      9750.60550 Case1_F014_EW 9
INLINE-  2147483647 2147483647    516228.31200   6251495.50000      9946.33789 Case1_F014_EW 9
INLINE-  2147483647 2147483647    516238.87500   6251481.50000     10057.29511 Case1_F014_EW 9
INLINE-  2147483647 2147483647    516351.84400   6251334.00000     10657.88632 Case1_F014_EW 9
INLINE-  2147483647 2147483647    516463.62500   6251188.00000     11077.13915 Case1_F014_EW 9
INLINE-  2147483647 2147483647    516244.31200   6251577.50000      9704.11141 Case1_F014_EW 10
INLINE-  2147483647 2147483647    516264.56200   6251551.00000      9906.97481 Case1_F014_EW 10
INLINE-  2147483647 2147483647    516288.50000   6251519.50000     10057.29511 Case1_F014_EW 10
INLINE-  2147483647 2147483647    516386.21900   6251392.00000     10624.99925 Case1_F014_EW 10
INLINE-  2147483647 2147483647    516502.15600   6251240.50000     11123.24425 Case1_F014_EW 10
INLINE-  2147483647 2147483647    516321.43800   6251579.50000      9898.69780 Case1_F014_EW 11
INLINE-  2147483647 2147483647    516377.43800   6251506.50000     10332.66767 Case1_F014_EW 11
INLINE-  2147483647 2147483647    516444.56200   6251418.50000     10777.20955 Case1_F014_EW 11
INLINE-  2147483647 2147483647    516527.53100   6251310.00000     11130.47926 Case1_F014_EW 11
INLINE-  2147483647 2147483647    516401.43800   6251577.50000     10100.95220 Case1_F014_EW 12
INLINE-  2147483647 2147483647    516431.15600   6251539.00000     10357.73372 Case1_F014_EW 12
INLINE-  2147483647 2147483647    516475.71900   6251480.50000     10699.24440 Case1_F014_EW 12
INLINE-  2147483647 2147483647    516570.62500   6251356.50000     11118.58624 Case1_F014_EW 12
INLINE-  2147483647 2147483647    516441.37500   6251608.00000     10139.00428 Case1_F014_EW 13
INLINE-  2147483647 2147483647    516481.06200   6251556.00000     10495.15099 Case1_F014_EW 13
INLINE-  2147483647 2147483647    516546.28100   6251470.50000     10855.10771 Case1_F014_EW 13
INLINE-  2147483647 2147483647    516605.21900   6251393.50000     11156.49931 Case1_F014_EW 13
INLINE-  2147483647 2147483647    516484.65600   6251654.00000     10147.83230 Case1_F014_EW 14
INLINE-  2147483647 2147483647    516524.96900   6251601.50000     10520.01704 Case1_F014_EW 14
INLINE-  2147483647 2147483647    516586.28100   6251521.50000     10900.41480 Case1_F014_EW 14
INLINE-  2147483647 2147483647    516659.81200   6251425.00000     11186.68737 Case1_F014_EW 14
INLINE-  2147483647 2147483647    516526.18800   6251702.50000     10147.04929 Case1_F014_EW 15
INLINE-  2147483647 2147483647    516570.53100   6251644.50000     10515.17503 Case1_F014_EW 15
INLINE-  2147483647 2147483647    516631.53100   6251565.00000     10866.45173 Case1_F014_EW 15
INLINE-  2147483647 2147483647    516713.21900   6251458.50000     11187.41537 Case1_F014_EW 15
INLINE-  2147483647 2147483647    516569.06200   6251749.50000     10144.84729 Case1_F014_EW 16
INLINE-  2147483647 2147483647    516599.12500   6251710.00000     10399.74180 Case1_F014_EW 16
INLINE-  2147483647 2147483647    516672.56200   6251614.50000     10814.18763 Case1_F014_EW 16
INLINE-  2147483647 2147483647    516766.78100   6251491.00000     11180.83336 Case1_F014_EW 16
INLINE-  2147483647 2147483647    516638.56200   6251802.50000     10144.84729 Case1_F014_EW 17
INLINE-  2147483647 2147483647    516665.18800   6251768.00000     10401.89380 Case1_F014_EW 17
INLINE-  2147483647 2147483647    516731.96900   6251680.50000     10839.47168 Case1_F014_EW 17
INLINE-  2147483647 2147483647    516826.84400   6251556.50000     11187.89738 Case1_F014_EW 17
INLINE-  2147483647 2147483647    516690.09400   6251858.50000     10019.99404 Case1_F014_EW 18
INLINE-  2147483647 2147483647    516724.75000   6251813.50000     10401.89380 Case1_F014_EW 18
INLINE-  2147483647 2147483647    516794.96900   6251721.50000     10942.74789 Case1_F014_EW 18
INLINE-  2147483647 2147483647    516872.65600   6251620.00000     11290.95058 Case1_F014_EW 18
