INLINE-  2147483647 2147483647    515874.59400   6247941.00000      8909.68782 Case1_F084_NS 1
INLINE-  2147483647 2147483647    515850.87500   6247923.00000      9201.38840 Case1_F084_NS 1
INLINE-  2147483647 2147483647    515812.84400   6247894.00000      9493.71899 Case1_F084_NS 1
INLINE-  2147483647 2147483647    515694.59400   6247803.50000     10071.62014 Case1_F084_NS 1
INLINE-  2147483647 2147483647    515865.93800   6247966.00000      8931.18786 Case1_F084_NS 2
INLINE-  2147483647 2147483647    515827.59400   6247936.50000      9326.36865 Case1_F084_NS 2
INLINE-  2147483647 2147483647    515760.25000   6247885.00000      9704.88941 Case1_F084_NS 2
INLINE-  2147483647 2147483647    515679.21900   6247823.00000     10073.02015 Case1_F084_NS 2
INLINE-  2147483647 2147483647    515848.87500   6248000.00000      8940.96788 Case1_F084_NS 3
INLINE-  2147483647 2147483647    515818.87500   6247977.00000      9245.61849 Case1_F084_NS 3
INLINE-  2147483647 2147483647    515780.65600   6247948.00000      9502.11900 Case1_F084_NS 3
INLINE-  2147483647 2147483647    515656.62500   6247853.00000     10071.62014 Case1_F084_NS 3
INLINE-  2147483647 2147483647    515836.12500   6248022.00000      8909.70782 Case1_F084_NS 4
INLINE-  2147483647 2147483647    515791.65600   6247988.00000      9306.21861 Case1_F084_NS 4
INLINE-  2147483647 2147483647    515723.06200   6247935.50000      9688.20938 Case1_F084_NS 4
INLINE-  2147483647 2147483647    515642.68800   6247874.00000     10061.02012 Case1_F084_NS 4
INLINE-  2147483647 2147483647    515814.50000   6248052.50000      8887.54678 Case1_F084_NS 5
INLINE-  2147483647 2147483647    515782.09400   6248027.50000      9174.38835 Case1_F084_NS 5
INLINE-  2147483647 2147483647    515736.96900   6247993.00000      9483.19897 Case1_F084_NS 5
INLINE-  2147483647 2147483647    515621.00000   6247904.50000     10054.42011 Case1_F084_NS 5
INLINE-  2147483647 2147483647    515791.46900   6248082.00000      8885.35777 Case1_F084_NS 6
INLINE-  2147483647 2147483647    515712.62500   6248021.50000      9482.37896 Case1_F084_NS 6
INLINE-  2147483647 2147483647    515598.93800   6247934.50000     10056.22011 Case1_F084_NS 6
