INLINE-  2147483647 2147483647    513137.21900   6250772.00000     10045.86809 Case2_F148_NS 1
INLINE-  2147483647 2147483647    513120.71900   6250759.50000     10399.93480 Case2_F148_NS 1
INLINE-  2147483647 2147483647    513100.00000   6250743.50000     10693.43739 Case2_F148_NS 1
INLINE-  2147483647 2147483647    513135.28100   6250786.00000     10002.68301 Case2_F148_NS 2
INLINE-  2147483647 2147483647    513124.75000   6250778.00000     10219.57344 Case2_F148_NS 2
INLINE-  2147483647 2147483647    513117.56200   6250772.50000     10404.81981 Case2_F148_NS 2
INLINE-  2147483647 2147483647    513076.09400   6250741.00000     11007.23901 Case2_F148_NS 2
INLINE-  2147483647 2147483647    513139.50000   6250868.00000      9931.80386 Case2_F148_NS 3
INLINE-  2147483647 2147483647    513125.84400   6250857.50000     10208.13142 Case2_F148_NS 3
INLINE-  2147483647 2147483647    513111.68800   6250847.00000     10460.64192 Case2_F148_NS 3
INLINE-  2147483647 2147483647    513079.84400   6250822.50000     10952.66291 Case2_F148_NS 3
INLINE-  2147483647 2147483647    513049.50000   6250799.00000     11457.58692 Case2_F148_NS 3
INLINE-  2147483647 2147483647    513129.87500   6250939.50000      9887.67078 Case2_F148_NS 4
INLINE-  2147483647 2147483647    513119.90600   6250932.00000     10098.86720 Case2_F148_NS 4
INLINE-  2147483647 2147483647    513109.34400   6250923.50000     10309.93662 Case2_F148_NS 4
INLINE-  2147483647 2147483647    513081.21900   6250902.00000     10812.96463 Case2_F148_NS 4
INLINE-  2147483647 2147483647    513038.75000   6250869.50000     11510.40802 Case2_F148_NS 4
INLINE-  2147483647 2147483647    513125.18800   6251014.50000      9893.35779 Case2_F148_NS 5
INLINE-  2147483647 2147483647    513120.78100   6251011.00000     10133.73427 Case2_F148_NS 5
INLINE-  2147483647 2147483647    513112.21900   6251004.50000     10368.73674 Case2_F148_NS 5
INLINE-  2147483647 2147483647    513084.40600   6250983.50000     10661.02132 Case2_F148_NS 5
INLINE-  2147483647 2147483647    513050.87500   6250957.50000     10908.55682 Case2_F148_NS 5
INLINE-  2147483647 2147483647    513022.09400   6250935.50000     11423.36685 Case2_F148_NS 5
INLINE-  2147483647 2147483647    513100.90600   6251074.50000      9890.25178 Case2_F148_NS 6
INLINE-  2147483647 2147483647    513080.75000   6251059.00000     10273.09255 Case2_F148_NS 6
INLINE-  2147483647 2147483647    513052.78100   6251038.00000     10573.47815 Case2_F148_NS 6
INLINE-  2147483647 2147483647    513024.81200   6251016.50000     10873.86675 Case2_F148_NS 6
INLINE-  2147483647 2147483647    512995.15600   6250993.50000     11380.69976 Case2_F148_NS 6
INLINE-  2147483647 2147483647    513078.87500   6251136.50000      9902.04280 Case2_F148_NS 7
INLINE-  2147483647 2147483647    513063.03100   6251124.50000     10173.78635 Case2_F148_NS 7
INLINE-  2147483647 2147483647    513044.12500   6251110.00000     10444.64189 Case2_F148_NS 7
INLINE-  2147483647 2147483647    512991.15600   6251069.50000     11007.34401 Case2_F148_NS 7
INLINE-  2147483647 2147483647    512944.09400   6251033.50000     11570.80314 Case2_F148_NS 7
INLINE-  2147483647 2147483647    513050.31200   6251193.50000      9896.15779 Case2_F148_NS 8
INLINE-  2147483647 2147483647    513020.46900   6251170.50000     10282.56557 Case2_F148_NS 8
INLINE-  2147483647 2147483647    512976.65600   6251137.00000     10881.33976 Case2_F148_NS 8
INLINE-  2147483647 2147483647    512892.62500   6251072.50000     11733.40247 Case2_F148_NS 8
INLINE-  2147483647 2147483647    512984.84400   6251222.00000     10157.18131 Case2_F148_NS 9
INLINE-  2147483647 2147483647    512963.50000   6251205.50000     10396.98679 Case2_F148_NS 9
INLINE-  2147483647 2147483647    512926.37500   6251177.00000     10861.51872 Case2_F148_NS 9
INLINE-  2147483647 2147483647    512867.81200   6251132.50000     11531.53006 Case2_F148_NS 9
