INLINE-  2147483647 2147483647    515951.28125   6247228.50000      8871.08805 Case1_F061_NS 1
INLINE-  2147483647 2147483647    515905.31250   6247193.50000      9293.97855 Case1_F061_NS 1
INLINE-  2147483647 2147483647    515821.03125   6247129.00000      9726.64934 Case1_F061_NS 1
INLINE-  2147483647 2147483647    515707.37500   6247042.00000     10123.11986 Case1_F061_NS 1
INLINE-  2147483647 2147483647    515907.53125   6247274.00000      8817.05767 Case1_F061_NS 2
INLINE-  2147483647 2147483647    515861.96875   6247239.00000      9296.41898 Case1_F061_NS 2
INLINE-  2147483647 2147483647    515771.15625   6247169.50000      9788.09965 Case1_F061_NS 2
INLINE-  2147483647 2147483647    515690.25000   6247107.50000     10089.61979 Case1_F061_NS 2
INLINE-  2147483647 2147483647    515881.28125   6247332.50000      8838.98740 Case1_F061_NS 3
INLINE-  2147483647 2147483647    515829.06250   6247292.50000      9301.74907 Case1_F061_NS 3
INLINE-  2147483647 2147483647    515763.84375   6247242.50000      9731.32903 Case1_F061_NS 3
INLINE-  2147483647 2147483647    515699.90625   6247193.50000     10002.72020 Case1_F061_NS 3
INLINE-  2147483647 2147483647    515858.87500   6247394.00000      8836.26767 Case1_F061_NS 4
INLINE-  2147483647 2147483647    515823.75000   6247367.00000      9134.70870 Case1_F061_NS 4
INLINE-  2147483647 2147483647    515766.75000   6247323.50000      9487.38909 Case1_F061_NS 4
INLINE-  2147483647 2147483647    515650.40625   6247234.50000     10166.42072 Case1_F061_NS 4
INLINE-  2147483647 2147483647    515856.43750   6247471.00000      8777.84763 Case1_F061_NS 5
INLINE-  2147483647 2147483647    515808.18750   6247434.00000      9170.89822 Case1_F061_NS 5
INLINE-  2147483647 2147483647    515748.25000   6247388.00000      9519.47900 Case1_F061_NS 5
INLINE-  2147483647 2147483647    515610.25000   6247282.50000     10080.22036 Case1_F061_NS 5
INLINE-  2147483647 2147483647    515856.68750   6247549.50000      8755.37786 Case1_F061_NS 6
INLINE-  2147483647 2147483647    515786.00000   6247495.50000      9201.69809 Case1_F061_NS 6
INLINE-  2147483647 2147483647    515720.37500   6247445.50000      9504.75924 Case1_F061_NS 6
INLINE-  2147483647 2147483647    515585.37500   6247342.00000     10009.72021 Case1_F061_NS 6
INLINE-  2147483647 2147483647    515841.84375   6247585.50000      8738.23720 Case1_F061_NS 7
INLINE-  2147483647 2147483647    515807.18750   6247559.00000      8968.97790 Case1_F061_NS 7
INLINE-  2147483647 2147483647    515744.56250   6247511.00000      9301.31841 Case1_F061_NS 7
INLINE-  2147483647 2147483647    515666.71875   6247451.50000      9620.32881 Case1_F061_NS 7
INLINE-  2147483647 2147483647    515578.59375   6247384.00000      9928.47982 Case1_F061_NS 7
INLINE-  2147483647 2147483647    515814.03125   6247627.00000      8749.94719 Case1_F061_NS 8
INLINE-  2147483647 2147483647    515783.06250   6247603.50000      8932.58818 Case1_F061_NS 8
INLINE-  2147483647 2147483647    515725.00000   6247559.00000      9252.33882 Case1_F061_NS 8
INLINE-  2147483647 2147483647    515652.43750   6247503.50000      9561.94881 Case1_F061_NS 8
INLINE-  2147483647 2147483647    515563.00000   6247435.00000      9857.04999 Case1_F061_NS 8
INLINE-  2147483647 2147483647    515768.40625   6247671.00000      8797.05763 Case1_F061_NS 9
INLINE-  2147483647 2147483647    515703.18750   6247621.00000      9161.92848 Case1_F061_NS 9
INLINE-  2147483647 2147483647    515620.12500   6247557.50000      9563.16952 Case1_F061_NS 9
INLINE-  2147483647 2147483647    515532.65625   6247490.50000      9830.59974 Case1_F061_NS 9
INLINE-  2147483647 2147483647    515733.31250   6247691.50000      8805.89749 Case1_F061_NS 10
INLINE-  2147483647 2147483647    515713.37500   6247676.00000      8952.89779 Case1_F061_NS 10
INLINE-  2147483647 2147483647    515659.15625   6247634.50000      9279.27832 Case1_F061_NS 10
INLINE-  2147483647 2147483647    515587.90625   6247580.00000      9597.82877 Case1_F061_NS 10
INLINE-  2147483647 2147483647    515489.12500   6247504.50000      9884.13989 Case1_F061_NS 10
INLINE-  2147483647 2147483647    515708.84375   6247720.00000      8807.16800 Case1_F061_NS 11
INLINE-  2147483647 2147483647    515681.56250   6247699.00000      9003.78754 Case1_F061_NS 11
INLINE-  2147483647 2147483647    515630.71875   6247660.00000      9306.81842 Case1_F061_NS 11
INLINE-  2147483647 2147483647    515546.93750   6247596.00000      9634.86888 Case1_F061_NS 11
INLINE-  2147483647 2147483647    515440.62500   6247514.50000      9935.59995 Case1_F061_NS 11
INLINE-  2147483647 2147483647    515685.12500   6247733.00000      8800.46780 Case1_F061_NS 12
INLINE-  2147483647 2147483647    515658.12500   6247712.50000      9039.34816 Case1_F061_NS 12
INLINE-  2147483647 2147483647    515615.62500   6247680.00000      9301.24907 Case1_F061_NS 12
INLINE-  2147483647 2147483647    515529.37500   6247614.00000      9615.10907 Case1_F061_NS 12
INLINE-  2147483647 2147483647    515428.81250   6247537.00000      9911.40947 Case1_F061_NS 12
INLINE-  2147483647 2147483647    515662.46875   6247779.00000      8771.61715 Case1_F061_NS 13
INLINE-  2147483647 2147483647    515629.31250   6247753.50000      9049.32767 Case1_F061_NS 13
INLINE-  2147483647 2147483647    515520.93750   6247670.50000      9527.86867 Case1_F061_NS 13
INLINE-  2147483647 2147483647    515377.37500   6247560.50000      9934.76987 Case1_F061_NS 13
INLINE-  2147483647 2147483647    515646.06250   6247813.50000      8749.69719 Case1_F061_NS 14
INLINE-  2147483647 2147483647    515611.00000   6247786.50000      8998.31780 Case1_F061_NS 14
INLINE-  2147483647 2147483647    515551.34375   6247741.00000      9299.50883 Case1_F061_NS 14
INLINE-  2147483647 2147483647    515460.71875   6247671.50000      9629.19895 Case1_F061_NS 14
INLINE-  2147483647 2147483647    515337.90625   6247577.50000      9954.31971 Case1_F061_NS 14
INLINE-  2147483647 2147483647    515619.28125   6247871.50000      8747.03703 Case1_F061_NS 15
INLINE-  2147483647 2147483647    515566.87500   6247831.50000      9051.96830 Case1_F061_NS 15
INLINE-  2147483647 2147483647    515427.59375   6247725.00000      9556.13923 Case1_F061_NS 15
INLINE-  2147483647 2147483647    515308.87500   6247634.00000      9883.07934 Case1_F061_NS 15
INLINE-  2147483647 2147483647    515577.25000   6247918.00000      8731.85731 Case1_F061_NS 16
INLINE-  2147483647 2147483647    515514.31250   6247870.00000      9061.22808 Case1_F061_NS 16
INLINE-  2147483647 2147483647    515419.71875   6247797.50000      9401.33912 Case1_F061_NS 16
INLINE-  2147483647 2147483647    515292.34375   6247700.00000      9763.37988 Case1_F061_NS 16
INLINE-  2147483647 2147483647    515537.18750   6247966.00000      8697.58771 Case1_F061_NS 17
INLINE-  2147483647 2147483647    515470.46875   6247915.00000      8991.81779 Case1_F061_NS 17
INLINE-  2147483647 2147483647    515371.68750   6247839.50000      9363.89861 Case1_F061_NS 17
INLINE-  2147483647 2147483647    515228.56250   6247730.00000      9838.75015 Case1_F061_NS 17
INLINE-  2147483647 2147483647    515505.75000   6248021.00000      8666.76733 Case1_F061_NS 18
INLINE-  2147483647 2147483647    515426.34375   6247960.00000      9019.41843 Case1_F061_NS 18
INLINE-  2147483647 2147483647    515313.37500   6247873.50000      9423.73857 Case1_F061_NS 18
INLINE-  2147483647 2147483647    515193.15625   6247781.50000      9819.10948 Case1_F061_NS 18
INLINE-  2147483647 2147483647    515469.65625   6248072.00000      8669.81714 Case1_F061_NS 19
INLINE-  2147483647 2147483647    515397.90625   6248017.00000      9010.13814 Case1_F061_NS 19
INLINE-  2147483647 2147483647    515295.56250   6247938.50000      9363.89861 Case1_F061_NS 19
INLINE-  2147483647 2147483647    515166.09375   6247839.50000      9772.19923 Case1_F061_NS 19
INLINE-  2147483647 2147483647    515423.06250   6248115.00000      8676.64724 Case1_F061_NS 20
INLINE-  2147483647 2147483647    515348.00000   6248057.50000      9003.96820 Case1_F061_NS 20
INLINE-  2147483647 2147483647    515250.81250   6247983.00000      9384.76877 Case1_F061_NS 20
INLINE-  2147483647 2147483647    515139.15625   6247897.50000      9749.65915 Case1_F061_NS 20
INLINE-  2147483647 2147483647    515365.12500   6248149.00000      8693.43731 Case1_F061_NS 21
INLINE-  2147483647 2147483647    515294.84375   6248095.50000      9025.27782 Case1_F061_NS 21
INLINE-  2147483647 2147483647    515215.81250   6248035.00000      9372.37910 Case1_F061_NS 21
INLINE-  2147483647 2147483647    515112.78125   6247956.00000      9719.59952 Case1_F061_NS 21
INLINE-  2147483647 2147483647    515296.96875   6248175.50000      8721.03697 Case1_F061_NS 22
INLINE-  2147483647 2147483647    515255.37500   6248144.00000      8979.69765 Case1_F061_NS 22
INLINE-  2147483647 2147483647    515207.03125   6248107.00000      9334.64855 Case1_F061_NS 22
INLINE-  2147483647 2147483647    515070.53125   6248002.50000      9706.90906 Case1_F061_NS 22
INLINE-  2147483647 2147483647    515248.78125   6248217.50000      8780.49803 Case1_F061_NS 23
INLINE-  2147483647 2147483647    515216.59375   6248193.00000      8976.34803 Case1_F061_NS 23
INLINE-  2147483647 2147483647    515175.50000   6248161.50000      9284.69826 Case1_F061_NS 23
INLINE-  2147483647 2147483647    515046.25000   6248062.50000      9664.52909 Case1_F061_NS 23
INLINE-  2147483647 2147483647    515196.90625   6248256.50000      8780.99803 Case1_F061_NS 24
INLINE-  2147483647 2147483647    515167.50000   6248234.00000      8961.21812 Case1_F061_NS 24
INLINE-  2147483647 2147483647    515114.00000   6248193.00000      9253.50874 Case1_F061_NS 24
INLINE-  2147483647 2147483647    515026.93750   6248126.50000      9595.98892 Case1_F061_NS 24
