INLINE-  2147483647 2147483647    515951.56250   6247811.00000      8738.12783 Case1_F101_NS 1
INLINE-  2147483647 2147483647    515949.28125   6247809.50000      8932.38798 Case1_F101_NS 1
INLINE-  2147483647 2147483647    515949.37500   6247809.50000      9281.71876 Case1_F101_NS 1
INLINE-  2147483647 2147483647    515944.62500   6247806.00000      9517.77880 Case1_F101_NS 1
INLINE-  2147483647 2147483647    515998.96875   6247768.50000      8692.91778 Case1_F101_NS 2
INLINE-  2147483647 2147483647    515987.37500   6247760.00000      8932.38798 Case1_F101_NS 2
INLINE-  2147483647 2147483647    515987.46875   6247760.00000      9281.71876 Case1_F101_NS 2
INLINE-  2147483647 2147483647    515982.40625   6247756.00000      9517.77880 Case1_F101_NS 2
INLINE-  2147483647 2147483647    516024.03125   6247709.00000      8611.23695 Case1_F101_NS 3
INLINE-  2147483647 2147483647    516025.12500   6247710.00000      8932.38798 Case1_F101_NS 3
INLINE-  2147483647 2147483647    516025.25000   6247710.00000      9281.71876 Case1_F101_NS 3
INLINE-  2147483647 2147483647    516020.46875   6247706.50000      9517.77880 Case1_F101_NS 3
INLINE-  2147483647 2147483647    516056.75000   6247655.50000      8600.41759 Case1_F101_NS 4
INLINE-  2147483647 2147483647    516063.21875   6247660.50000      8932.38798 Case1_F101_NS 4
INLINE-  2147483647 2147483647    516063.21875   6247660.50000      9281.71876 Case1_F101_NS 4
INLINE-  2147483647 2147483647    516058.43750   6247657.00000      9517.77880 Case1_F101_NS 4
INLINE-  2147483647 2147483647    516097.71875   6247608.00000      8706.88753 Case1_F101_NS 5
INLINE-  2147483647 2147483647    516101.37500   6247611.00000      8919.52760 Case1_F101_NS 5
INLINE-  2147483647 2147483647    516101.28125   6247611.00000      9281.71876 Case1_F101_NS 5
INLINE-  2147483647 2147483647    516095.12500   6247606.50000      9460.93884 Case1_F101_NS 5
INLINE-  2147483647 2147483647    516092.34375   6247604.00000      9675.20978 Case1_F101_NS 5
INLINE-  2147483647 2147483647    516136.50000   6247559.00000      8668.29761 Case1_F101_NS 6
INLINE-  2147483647 2147483647    516139.46875   6247561.50000      8919.52760 Case1_F101_NS 6
INLINE-  2147483647 2147483647    516139.37500   6247561.50000      9281.71876 Case1_F101_NS 6
INLINE-  2147483647 2147483647    516137.37500   6247560.00000      9399.77857 Case1_F101_NS 6
INLINE-  2147483647 2147483647    516141.25000   6247563.00000      9775.97951 Case1_F101_NS 6
INLINE-  2147483647 2147483647    516167.15625   6247520.00000      8648.92745 Case1_F101_NS 7
INLINE-  2147483647 2147483647    516168.75000   6247521.00000      8757.79779 Case1_F101_NS 7
INLINE-  2147483647 2147483647    516170.03125   6247522.00000      9094.64807 Case1_F101_NS 7
INLINE-  2147483647 2147483647    516171.93750   6247523.50000      9431.41925 Case1_F101_NS 7
INLINE-  2147483647 2147483647    516172.93750   6247524.00000      9768.19922 Case1_F101_NS 7
INLINE-  2147483647 2147483647    516205.03125   6247470.00000      8630.74773 Case1_F101_NS 8
INLINE-  2147483647 2147483647    516207.12500   6247471.50000      8717.57701 Case1_F101_NS 8
INLINE-  2147483647 2147483647    516208.71875   6247473.00000      9020.96824 Case1_F101_NS 8
INLINE-  2147483647 2147483647    516214.56250   6247477.50000      9313.48835 Case1_F101_NS 8
INLINE-  2147483647 2147483647    516215.06250   6247477.50000      9571.07871 Case1_F101_NS 8
INLINE-  2147483647 2147483647    516213.18750   6247476.50000      9740.35932 Case1_F101_NS 8
INLINE-  2147483647 2147483647    516249.06250   6247425.00000      8652.13742 Case1_F101_NS 9
INLINE-  2147483647 2147483647    516252.56250   6247427.50000      8781.88768 Case1_F101_NS 9
INLINE-  2147483647 2147483647    516257.03125   6247431.00000      9092.98791 Case1_F101_NS 9
INLINE-  2147483647 2147483647    516262.56250   6247435.50000      9404.05885 Case1_F101_NS 9
INLINE-  2147483647 2147483647    516269.31250   6247440.50000      9714.63955 Case1_F101_NS 9
INLINE-  2147483647 2147483647    516289.62500   6247377.50000      8558.89700 Case1_F101_NS 10
INLINE-  2147483647 2147483647    516303.34375   6247388.00000      8992.43791 Case1_F101_NS 10
INLINE-  2147483647 2147483647    516309.09375   6247392.50000      9272.68847 Case1_F101_NS 10
INLINE-  2147483647 2147483647    516311.87500   6247394.50000      9431.22882 Case1_F101_NS 10
INLINE-  2147483647 2147483647    516326.96875   6247406.00000      9683.20980 Case1_F101_NS 10
INLINE-  2147483647 2147483647    516330.50000   6247330.00000      8545.79737 Case1_F101_NS 11
INLINE-  2147483647 2147483647    516346.37500   6247342.00000      8949.07747 Case1_F101_NS 11
INLINE-  2147483647 2147483647    516355.31250   6247349.00000      9281.09864 Case1_F101_NS 11
INLINE-  2147483647 2147483647    516370.18750   6247360.50000      9629.32883 Case1_F101_NS 11
INLINE-  2147483647 2147483647    516392.50000   6247267.50000      8540.49755 Case1_F101_NS 12
INLINE-  2147483647 2147483647    516403.12500   6247275.50000      8841.10753 Case1_F101_NS 12
INLINE-  2147483647 2147483647    516420.28125   6247288.50000      9261.51852 Case1_F101_NS 12
INLINE-  2147483647 2147483647    516443.71875   6247306.50000      9613.15887 Case1_F101_NS 12
INLINE-  2147483647 2147483647    516439.43750   6247240.50000      8514.61664 Case1_F101_NS 13
INLINE-  2147483647 2147483647    516443.03125   6247243.00000      8859.16811 Case1_F101_NS 13
INLINE-  2147483647 2147483647    516454.75000   6247252.00000      9257.15816 Case1_F101_NS 13
INLINE-  2147483647 2147483647    516482.93750   6247273.50000      9651.83962 Case1_F101_NS 13
INLINE-  2147483647 2147483647    516465.56250   6247197.50000      8531.90671 Case1_F101_NS 14
INLINE-  2147483647 2147483647    516478.06250   6247207.00000      8910.31763 Case1_F101_NS 14
INLINE-  2147483647 2147483647    516496.84375   6247221.00000      9358.50895 Case1_F101_NS 14
INLINE-  2147483647 2147483647    516527.59375   6247245.00000      9804.17976 Case1_F101_NS 14
INLINE-  2147483647 2147483647    516487.65625   6247135.50000      8535.11668 Case1_F101_NS 15
INLINE-  2147483647 2147483647    516533.40625   6247170.50000      9256.20894 Case1_F101_NS 15
INLINE-  2147483647 2147483647    516576.90625   6247204.00000      9945.78942 Case1_F101_NS 15
INLINE-  2147483647 2147483647    516545.34375   6247085.50000      8522.26704 Case1_F101_NS 16
INLINE-  2147483647 2147483647    516560.71875   6247097.00000      8874.07732 Case1_F101_NS 16
INLINE-  2147483647 2147483647    516593.50000   6247122.00000      9478.95939 Case1_F101_NS 16
INLINE-  2147483647 2147483647    516615.53125   6247139.00000      9913.42022 Case1_F101_NS 16
INLINE-  2147483647 2147483647    516570.84375   6247042.00000      8551.53663 Case1_F101_NS 17
INLINE-  2147483647 2147483647    516582.87500   6247051.00000      8737.65712 Case1_F101_NS 17
INLINE-  2147483647 2147483647    516609.18750   6247071.00000      9277.92871 Case1_F101_NS 17
INLINE-  2147483647 2147483647    516633.68750   6247090.00000      9808.12997 Case1_F101_NS 17
INLINE-  2147483647 2147483647    516610.62500   6246993.50000      8592.25742 Case1_F101_NS 18
INLINE-  2147483647 2147483647    516621.34375   6247002.00000      8783.27733 Case1_F101_NS 18
INLINE-  2147483647 2147483647    516647.15625   6247021.50000      9277.92871 Case1_F101_NS 18
INLINE-  2147483647 2147483647    516666.21875   6247036.00000      9913.67022 Case1_F101_NS 18
INLINE-  2147483647 2147483647    516669.53125   6246960.00000      8636.14716 Case1_F101_NS 19
INLINE-  2147483647 2147483647    516672.62500   6246962.50000      8759.84760 Case1_F101_NS 19
INLINE-  2147483647 2147483647    516685.21875   6246972.00000      9277.92871 Case1_F101_NS 19
INLINE-  2147483647 2147483647    516709.75000   6246991.00000      9595.25942 Case1_F101_NS 19
INLINE-  2147483647 2147483647    516734.46875   6247009.50000      9876.25999 Case1_F101_NS 19
INLINE-  2147483647 2147483647    516716.34375   6246917.00000      8672.42750 Case1_F101_NS 20
INLINE-  2147483647 2147483647    516722.31250   6246921.50000      8809.49809 Case1_F101_NS 20
INLINE-  2147483647 2147483647    516742.87500   6246937.50000      9293.34866 Case1_F101_NS 20
INLINE-  2147483647 2147483647    516777.00000   6246963.50000      9698.14928 Case1_F101_NS 20
INLINE-  2147483647 2147483647    516819.50000   6246996.00000     10100.22040 Case1_F101_NS 20
INLINE-  2147483647 2147483647    516766.25000   6246876.50000      8718.45787 Case1_F101_NS 21
INLINE-  2147483647 2147483647    516772.81250   6246881.50000      8888.72774 Case1_F101_NS 21
INLINE-  2147483647 2147483647    516793.75000   6246897.50000      9323.98837 Case1_F101_NS 21
INLINE-  2147483647 2147483647    516823.43750   6246920.50000      9716.19912 Case1_F101_NS 21
INLINE-  2147483647 2147483647    516857.56250   6246946.50000     10100.22040 Case1_F101_NS 21
INLINE-  2147483647 2147483647    516800.34375   6246824.00000      8765.80757 Case1_F101_NS 22
INLINE-  2147483647 2147483647    516810.09375   6246831.50000      8949.98763 Case1_F101_NS 22
INLINE-  2147483647 2147483647    516831.71875   6246848.00000      9323.98837 Case1_F101_NS 22
INLINE-  2147483647 2147483647    516861.18750   6246870.50000      9716.19912 Case1_F101_NS 22
INLINE-  2147483647 2147483647    516906.96875   6246905.50000     10132.42066 Case1_F101_NS 22
INLINE-  2147483647 2147483647    516830.43750   6246784.00000      8780.36717 Case1_F101_NS 23
INLINE-  2147483647 2147483647    516843.25000   6246794.00000      8959.45835 Case1_F101_NS 23
INLINE-  2147483647 2147483647    516862.18750   6246808.50000      9323.98837 Case1_F101_NS 23
INLINE-  2147483647 2147483647    516891.68750   6246831.00000      9716.19912 Case1_F101_NS 23
INLINE-  2147483647 2147483647    516958.28125   6246882.00000     10280.62017 Case1_F101_NS 23
INLINE-  2147483647 2147483647    516875.06250   6246739.50000      8806.00785 Case1_F101_NS 24
INLINE-  2147483647 2147483647    516882.40625   6246745.00000      8963.92808 Case1_F101_NS 24
INLINE-  2147483647 2147483647    516900.28125   6246759.00000      9323.98837 Case1_F101_NS 24
INLINE-  2147483647 2147483647    516929.75000   6246781.50000      9716.19912 Case1_F101_NS 24
INLINE-  2147483647 2147483647    516996.28125   6246832.50000     10280.62017 Case1_F101_NS 24
