INLINE-  2147483647 2147483647    513737.84400   6249814.00000      8946.05489 Case2_F165_NNE 1
INLINE-  2147483647 2147483647    513748.71900   6249809.00000      9228.42046 Case2_F165_NNE 1
INLINE-  2147483647 2147483647    513707.40600   6249829.00000      9532.59107 Case2_F165_NNE 1
INLINE-  2147483647 2147483647    513655.87500   6249854.00000      9719.13644 Case2_F165_NNE 1
INLINE-  2147483647 2147483647    513595.68800   6249883.50000     10012.30602 Case2_F165_NNE 1
INLINE-  2147483647 2147483647    513561.40600   6249900.00000     10255.00251 Case2_F165_NNE 1
INLINE-  2147483647 2147483647    513521.46900   6249919.50000     10580.92416 Case2_F165_NNE 1
INLINE-  2147483647 2147483647    513759.81200   6249666.50000      9019.64504 Case2_F165_NNE 2
INLINE-  2147483647 2147483647    513719.84400   6249686.00000      9254.44451 Case2_F165_NNE 2
INLINE-  2147483647 2147483647    513661.12500   6249714.50000      9509.15802 Case2_F165_NNE 2
INLINE-  2147483647 2147483647    513602.12500   6249743.50000      9761.63852 Case2_F165_NNE 2
INLINE-  2147483647 2147483647    513567.28100   6249760.50000      9930.56686 Case2_F165_NNE 2
INLINE-  2147483647 2147483647    513545.53100   6249771.00000     10179.75836 Case2_F165_NNE 2
INLINE-  2147483647 2147483647    513543.12500   6249772.00000     10406.76081 Case2_F165_NNE 2
INLINE-  2147483647 2147483647    513619.46900   6249617.00000      9183.11437 Case2_F165_NNE 3
INLINE-  2147483647 2147483647    513612.09400   6249620.50000      9362.55273 Case2_F165_NNE 3
INLINE-  2147483647 2147483647    513600.31200   6249626.00000      9526.16105 Case2_F165_NNE 3
INLINE-  2147483647 2147483647    513578.46900   6249637.00000      9714.40243 Case2_F165_NNE 3
INLINE-  2147483647 2147483647    513545.90600   6249652.50000      9921.82684 Case2_F165_NNE 3
INLINE-  2147483647 2147483647    513520.87500   6249665.00000     10148.35030 Case2_F165_NNE 3
INLINE-  2147483647 2147483647    513472.06200   6249688.50000     10599.82520 Case2_F165_NNE 3
INLINE-  2147483647 2147483647    513589.43800   6249569.50000      9243.34649 Case2_F165_NNE 4
INLINE-  2147483647 2147483647    513580.15600   6249574.00000      9423.72785 Case2_F165_NNE 4
INLINE-  2147483647 2147483647    513576.78100   6249575.50000      9618.03924 Case2_F165_NNE 4
INLINE-  2147483647 2147483647    513550.12500   6249588.50000      9811.61362 Case2_F165_NNE 4
INLINE-  2147483647 2147483647    513520.68800   6249603.00000     10003.95001 Case2_F165_NNE 4
INLINE-  2147483647 2147483647    513509.00000   6249608.50000     10203.50641 Case2_F165_NNE 4
INLINE-  2147483647 2147483647    513499.53100   6249613.00000     10402.82181 Case2_F165_NNE 4
INLINE-  2147483647 2147483647    513584.50000   6249553.00000      9357.27971 Case2_F165_NNE 5
INLINE-  2147483647 2147483647    513590.09400   6249550.50000      9616.07923 Case2_F165_NNE 5
INLINE-  2147483647 2147483647    513571.56200   6249559.50000      9825.93765 Case2_F165_NNE 5
INLINE-  2147483647 2147483647    513538.53100   6249575.50000     10080.34616 Case2_F165_NNE 5
INLINE-  2147483647 2147483647    513526.90600   6249581.00000     10333.91167 Case2_F165_NNE 5
INLINE-  2147483647 2147483647    513508.09400   6249590.50000     10565.73413 Case2_F165_NNE 5
INLINE-  2147483647 2147483647    513533.34400   6249466.00000      9408.95282 Case2_F165_NNE 6
INLINE-  2147483647 2147483647    513539.03100   6249463.50000      9715.20543 Case2_F165_NNE 6
INLINE-  2147483647 2147483647    513515.25000   6249475.00000      9941.67488 Case2_F165_NNE 6
INLINE-  2147483647 2147483647    513499.15600   6249482.50000     10173.63235 Case2_F165_NNE 6
INLINE-  2147483647 2147483647    513487.37500   6249488.50000     10461.64792 Case2_F165_NNE 6
INLINE-  2147483647 2147483647    513468.46900   6249497.50000     10896.70779 Case2_F165_NNE 6
INLINE-  2147483647 2147483647    513504.59400   6249436.50000      9376.12175 Case2_F165_NNE 7
INLINE-  2147483647 2147483647    513500.90600   6249438.50000      9609.04622 Case2_F165_NNE 7
INLINE-  2147483647 2147483647    513490.71900   6249443.50000      9872.54875 Case2_F165_NNE 7
INLINE-  2147483647 2147483647    513482.50000   6249447.50000     10136.58027 Case2_F165_NNE 7
INLINE-  2147483647 2147483647    513470.31200   6249453.50000     10497.36899 Case2_F165_NNE 7
INLINE-  2147483647 2147483647    513457.90600   6249459.50000     10858.13672 Case2_F165_NNE 7
INLINE-  2147483647 2147483647    513475.84400   6249388.50000      9383.87977 Case2_F165_NNE 8
INLINE-  2147483647 2147483647    513473.21900   6249389.50000      9520.61804 Case2_F165_NNE 8
INLINE-  2147483647 2147483647    513473.62500   6249389.50000      9730.55046 Case2_F165_NNE 8
INLINE-  2147483647 2147483647    513463.25000   6249394.50000     10044.87009 Case2_F165_NNE 8
INLINE-  2147483647 2147483647    513447.34400   6249402.50000     10467.50194 Case2_F165_NNE 8
INLINE-  2147483647 2147483647    513430.96900   6249410.50000     10890.07278 Case2_F165_NNE 8
INLINE-  2147483647 2147483647    513426.81200   6249288.00000      9383.87977 Case2_F165_NNE 9
INLINE-  2147483647 2147483647    513424.18800   6249289.00000      9520.61804 Case2_F165_NNE 9
INLINE-  2147483647 2147483647    513424.59400   6249289.00000      9730.55046 Case2_F165_NNE 9
INLINE-  2147483647 2147483647    513414.21900   6249294.00000     10044.87009 Case2_F165_NNE 9
INLINE-  2147483647 2147483647    513398.31200   6249302.00000     10467.50194 Case2_F165_NNE 9
INLINE-  2147483647 2147483647    513381.93800   6249310.00000     10890.07278 Case2_F165_NNE 9
