INLINE-  2147483647 2147483647    518269.25000   6245839.50000      9786.97957 Case1_F160_NS 1
INLINE-  2147483647 2147483647    518274.43800   6245843.50000      9997.04999 Case1_F160_NS 1
INLINE-  2147483647 2147483647    518295.68800   6245859.50000     10382.52077 Case1_F160_NS 1
INLINE-  2147483647 2147483647    518242.50000   6245850.50000      9777.22955 Case1_F160_NS 2
INLINE-  2147483647 2147483647    518253.28100   6245858.50000     10080.22016 Case1_F160_NS 2
INLINE-  2147483647 2147483647    518280.43800   6245879.50000     10379.42076 Case1_F160_NS 2
INLINE-  2147483647 2147483647    518209.65600   6245872.50000      9768.90954 Case1_F160_NS 3
INLINE-  2147483647 2147483647    518214.78100   6245876.50000      9980.82996 Case1_F160_NS 3
INLINE-  2147483647 2147483647    518257.87500   6245909.50000     10382.52077 Case1_F160_NS 3
INLINE-  2147483647 2147483647    518193.25000   6245891.50000      9767.80954 Case1_F160_NS 4
INLINE-  2147483647 2147483647    518210.37500   6245904.50000     10089.52018 Case1_F160_NS 4
INLINE-  2147483647 2147483647    518244.78100   6245931.00000     10406.22081 Case1_F160_NS 4
INLINE-  2147483647 2147483647    518171.68800   6245922.00000      9768.90954 Case1_F160_NS 5
INLINE-  2147483647 2147483647    518184.15600   6245931.50000      9997.06999 Case1_F160_NS 5
INLINE-  2147483647 2147483647    518224.34400   6245962.50000     10433.32087 Case1_F160_NS 5
INLINE-  2147483647 2147483647    518156.50000   6245942.00000      9768.90954 Case1_F160_NS 6
INLINE-  2147483647 2147483647    518178.59400   6245959.00000     10104.82021 Case1_F160_NS 6
INLINE-  2147483647 2147483647    518209.34400   6245982.50000     10437.92088 Case1_F160_NS 6
