INLINE-  2147483647 2147483647    518909.28100   6248424.50000      9680.18936 Case1_F132_EW 1
INLINE-  2147483647 2147483647    518903.37500   6248432.00000      9869.79674 Case1_F132_EW 1
INLINE-  2147483647 2147483647    518877.62500   6248465.50000     10313.10063 Case1_F132_EW 1
INLINE-  2147483647 2147483647    518852.37500   6248498.50000     10631.90726 Case1_F132_EW 1
INLINE-  2147483647 2147483647    518882.31200   6248377.00000      9626.82425 Case1_F132_EW 2
INLINE-  2147483647 2147483647    518877.87500   6248383.00000      9889.68378 Case1_F132_EW 2
INLINE-  2147483647 2147483647    518857.96900   6248409.00000     10280.47556 Case1_F132_EW 2
INLINE-  2147483647 2147483647    518808.56200   6248473.50000     10790.95758 Case1_F132_EW 2
INLINE-  2147483647 2147483647    518843.78100   6248324.50000      9579.83716 Case1_F132_EW 3
INLINE-  2147483647 2147483647    518838.93800   6248331.00000      9913.63083 Case1_F132_EW 3
INLINE-  2147483647 2147483647    518814.25000   6248363.50000     10333.76467 Case1_F132_EW 3
INLINE-  2147483647 2147483647    518772.71900   6248417.50000     10789.33758 Case1_F132_EW 3
INLINE-  2147483647 2147483647    518807.81200   6248289.50000      9615.01923 Case1_F132_EW 4
INLINE-  2147483647 2147483647    518804.56200   6248293.50000      9851.13670 Case1_F132_EW 4
INLINE-  2147483647 2147483647    518793.18800   6248308.50000     10146.35829 Case1_F132_EW 4
INLINE-  2147483647 2147483647    518773.03100   6248335.00000     10482.08196 Case1_F132_EW 4
INLINE-  2147483647 2147483647    518738.15600   6248380.50000     10851.03570 Case1_F132_EW 4
INLINE-  2147483647 2147483647    518780.50000   6248263.50000      9612.35222 Case1_F132_EW 5
INLINE-  2147483647 2147483647    518774.37500   6248271.50000     10028.37406 Case1_F132_EW 5
INLINE-  2147483647 2147483647    518755.71900   6248296.00000     10441.58388 Case1_F132_EW 5
INLINE-  2147483647 2147483647    518706.62500   6248360.00000     10837.40667 Case1_F132_EW 5
INLINE-  2147483647 2147483647    518764.06200   6248244.00000      9602.21320 Case1_F132_EW 6
INLINE-  2147483647 2147483647    518761.06200   6248247.50000     10040.92608 Case1_F132_EW 6
INLINE-  2147483647 2147483647    518742.31200   6248272.00000     10373.86375 Case1_F132_EW 6
INLINE-  2147483647 2147483647    518681.03100   6248352.00000     10829.33766 Case1_F132_EW 6
INLINE-  2147483647 2147483647    518743.15600   6248209.50000      9586.49917 Case1_F132_EW 7
INLINE-  2147483647 2147483647    518736.75000   6248218.00000      9870.04774 Case1_F132_EW 7
INLINE-  2147483647 2147483647    518736.00000   6248218.50000     10100.50120 Case1_F132_EW 7
INLINE-  2147483647 2147483647    518720.71900   6248238.50000     10351.40770 Case1_F132_EW 7
INLINE-  2147483647 2147483647    518676.09400   6248297.00000     10647.66630 Case1_F132_EW 7
INLINE-  2147483647 2147483647    518625.56200   6248363.00000     10937.92688 Case1_F132_EW 7
