INLINE-  2147483647 2147483647    514042.00000   6250662.00000      9274.03255 Case2_F145_NS 1
INLINE-  2147483647 2147483647    513979.03100   6250613.50000      9687.44737 Case2_F145_NS 1
INLINE-  2147483647 2147483647    513795.53100   6250473.00000     10130.10426 Case2_F145_NS 1
INLINE-  2147483647 2147483647    514024.71900   6250664.50000      9401.81580 Case2_F145_NS 2
INLINE-  2147483647 2147483647    513971.15600   6250623.50000      9721.54044 Case2_F145_NS 2
INLINE-  2147483647 2147483647    513739.15600   6250446.00000     10255.61051 Case2_F145_NS 2
INLINE-  2147483647 2147483647    513998.31200   6250738.50000      9446.30089 Case2_F145_NS 3
INLINE-  2147483647 2147483647    513938.68800   6250693.00000      9738.28948 Case2_F145_NS 3
INLINE-  2147483647 2147483647    513818.31200   6250601.00000     10041.78408 Case2_F145_NS 3
INLINE-  2147483647 2147483647    513687.53100   6250500.50000     10328.88566 Case2_F145_NS 3
INLINE-  2147483647 2147483647    513963.03100   6250806.00000      9497.79000 Case2_F145_NS 4
INLINE-  2147483647 2147483647    513920.81200   6250773.50000      9694.85839 Case2_F145_NS 4
INLINE-  2147483647 2147483647    513841.18800   6250712.50000      9919.17684 Case2_F145_NS 4
INLINE-  2147483647 2147483647    513668.75000   6250580.50000     10317.05663 Case2_F145_NS 4
INLINE-  2147483647 2147483647    513934.00000   6250878.00000      9473.91195 Case2_F145_NS 5
INLINE-  2147483647 2147483647    513873.65600   6250832.00000      9751.13250 Case2_F145_NS 5
INLINE-  2147483647 2147483647    513784.53100   6250763.50000      9995.15499 Case2_F145_NS 5
INLINE-  2147483647 2147483647    513650.68800   6250661.50000     10249.59250 Case2_F145_NS 5
INLINE-  2147483647 2147483647    513903.18800   6250949.00000      9442.96789 Case2_F145_NS 6
INLINE-  2147483647 2147483647    513843.28100   6250903.00000      9743.69649 Case2_F145_NS 6
INLINE-  2147483647 2147483647    513706.00000   6250798.00000     10098.06420 Case2_F145_NS 6
INLINE-  2147483647 2147483647    513602.28100   6250718.50000     10312.74163 Case2_F145_NS 6
INLINE-  2147483647 2147483647    513837.43800   6250993.00000      9533.51707 Case2_F145_NS 7
INLINE-  2147483647 2147483647    513794.12500   6250960.00000      9790.10258 Case2_F145_NS 7
INLINE-  2147483647 2147483647    513714.43800   6250899.00000     10023.87405 Case2_F145_NS 7
INLINE-  2147483647 2147483647    513572.56200   6250790.50000     10307.49961 Case2_F145_NS 7
INLINE-  2147483647 2147483647    513835.28100   6251086.00000      9499.15500 Case2_F145_NS 8
INLINE-  2147483647 2147483647    513765.75000   6251032.50000      9808.05162 Case2_F145_NS 8
INLINE-  2147483647 2147483647    513663.90600   6250954.50000     10081.41616 Case2_F145_NS 8
INLINE-  2147483647 2147483647    513565.21900   6250879.00000     10275.04555 Case2_F145_NS 8
INLINE-  2147483647 2147483647    513810.43800   6251161.50000      9481.77496 Case2_F145_NS 9
INLINE-  2147483647 2147483647    513741.18800   6251108.50000      9766.01253 Case2_F145_NS 9
INLINE-  2147483647 2147483647    513647.68800   6251036.50000     10059.27812 Case2_F145_NS 9
INLINE-  2147483647 2147483647    513541.62500   6250955.50000     10311.02662 Case2_F145_NS 9
INLINE-  2147483647 2147483647    513778.37500   6251231.00000      9491.64898 Case2_F145_NS 10
INLINE-  2147483647 2147483647    513701.31200   6251172.00000      9819.34264 Case2_F145_NS 10
INLINE-  2147483647 2147483647    513624.87500   6251113.50000     10053.52411 Case2_F145_NS 10
INLINE-  2147483647 2147483647    513519.25000   6251033.00000     10288.34058 Case2_F145_NS 10
INLINE-  2147483647 2147483647    513753.34400   6251306.50000      9480.35696 Case2_F145_NS 11
INLINE-  2147483647 2147483647    513677.28100   6251248.00000      9784.43557 Case2_F145_NS 11
INLINE-  2147483647 2147483647    513608.18800   6251195.50000     10012.77903 Case2_F145_NS 11
INLINE-  2147483647 2147483647    513487.96900   6251103.50000     10317.72764 Case2_F145_NS 11
INLINE-  2147483647 2147483647    513706.93800   6251349.50000      9458.47192 Case2_F145_NS 12
INLINE-  2147483647 2147483647    513653.06200   6251308.50000      9769.40054 Case2_F145_NS 12
INLINE-  2147483647 2147483647    513561.81200   6251238.50000     10054.81411 Case2_F145_NS 12
INLINE-  2147483647 2147483647    513460.68800   6251161.00000     10320.49764 Case2_F145_NS 12
INLINE-  2147483647 2147483647    513656.84400   6251405.50000      9474.20995 Case2_F145_NS 13
INLINE-  2147483647 2147483647    513622.59400   6251379.50000      9755.58851 Case2_F145_NS 13
INLINE-  2147483647 2147483647    513429.12500   6251231.50000     10342.24068 Case2_F145_NS 13
INLINE-  2147483647 2147483647    513598.62500   6251455.50000      9460.02792 Case2_F145_NS 14
INLINE-  2147483647 2147483647    513547.06200   6251416.00000      9769.68354 Case2_F145_NS 14
INLINE-  2147483647 2147483647    513396.28100   6251300.50000     10254.18551 Case2_F145_NS 14
