INLINE-  2147483647 2147483647    515009.37500   6246932.50000      9508.77502 Case1_F089_NS 1
INLINE-  2147483647 2147483647    514995.93800   6246922.50000      9820.85964 Case1_F089_NS 1
INLINE-  2147483647 2147483647    514963.18800   6246897.50000     10136.95827 Case1_F089_NS 1
INLINE-  2147483647 2147483647    514910.25000   6246857.00000     10525.88105 Case1_F089_NS 1
INLINE-  2147483647 2147483647    515022.21900   6246911.00000      9511.60002 Case1_F089_NS 2
INLINE-  2147483647 2147483647    515014.46900   6246905.00000      9764.64453 Case1_F089_NS 2
INLINE-  2147483647 2147483647    514994.87500   6246890.00000     10014.89403 Case1_F089_NS 2
INLINE-  2147483647 2147483647    514961.06200   6246864.50000     10258.94752 Case1_F089_NS 2
INLINE-  2147483647 2147483647    514921.50000   6246834.00000     10499.55800 Case1_F089_NS 2
INLINE-  2147483647 2147483647    515043.65600   6246880.50000      9513.01603 Case1_F089_NS 3
INLINE-  2147483647 2147483647    515039.12500   6246877.00000      9704.16441 Case1_F089_NS 3
INLINE-  2147483647 2147483647    515030.87500   6246870.50000      9894.61779 Case1_F089_NS 3
INLINE-  2147483647 2147483647    515009.09400   6246854.00000     10093.92119 Case1_F089_NS 3
INLINE-  2147483647 2147483647    514941.15600   6246802.00000     10478.61496 Case1_F089_NS 3
INLINE-  2147483647 2147483647    515068.46900   6246852.00000      9509.54402 Case1_F089_NS 4
INLINE-  2147483647 2147483647    515062.37500   6246847.50000      9758.58652 Case1_F089_NS 4
INLINE-  2147483647 2147483647    515043.40600   6246833.00000     10004.72601 Case1_F089_NS 4
INLINE-  2147483647 2147483647    515007.93800   6246805.50000     10243.41849 Case1_F089_NS 4
INLINE-  2147483647 2147483647    514963.65600   6246772.00000     10476.24395 Case1_F089_NS 4
INLINE-  2147483647 2147483647    515085.34400   6246833.50000      9508.77502 Case1_F089_NS 5
INLINE-  2147483647 2147483647    515074.59400   6246825.50000      9827.61266 Case1_F089_NS 5
INLINE-  2147483647 2147483647    515036.43800   6246796.00000     10164.90833 Case1_F089_NS 5
INLINE-  2147483647 2147483647    514979.15600   6246752.00000     10478.61496 Case1_F089_NS 5
INLINE-  2147483647 2147483647    515102.03100   6246799.00000      9530.35106 Case1_F089_NS 6
INLINE-  2147483647 2147483647    515091.21900   6246791.00000      9852.96671 Case1_F089_NS 6
INLINE-  2147483647 2147483647    515055.09400   6246763.00000     10168.14534 Case1_F089_NS 6
INLINE-  2147483647 2147483647    515000.40600   6246721.50000     10472.25194 Case1_F089_NS 6
INLINE-  2147483647 2147483647    515110.84400   6246774.50000      9552.40810 Case1_F089_NS 7
INLINE-  2147483647 2147483647    515101.87500   6246767.50000      9838.87068 Case1_F089_NS 7
INLINE-  2147483647 2147483647    515067.21900   6246741.00000     10156.88131 Case1_F089_NS 7
INLINE-  2147483647 2147483647    515013.71900   6246700.00000     10464.26293 Case1_F089_NS 7
INLINE-  2147483647 2147483647    515137.37500   6246747.50000      9543.30609 Case1_F089_NS 8
INLINE-  2147483647 2147483647    515118.15600   6246732.50000      9854.00871 Case1_F089_NS 8
INLINE-  2147483647 2147483647    515085.15600   6246707.50000     10160.14832 Case1_F089_NS 8
INLINE-  2147483647 2147483647    515034.68800   6246669.00000     10456.63991 Case1_F089_NS 8
INLINE-  2147483647 2147483647    515158.12500   6246732.00000      9530.03906 Case1_F089_NS 9
INLINE-  2147483647 2147483647    515130.37500   6246710.50000      9834.19967 Case1_F089_NS 9
INLINE-  2147483647 2147483647    515107.50000   6246693.00000     10082.49516 Case1_F089_NS 9
INLINE-  2147483647 2147483647    515048.34400   6246648.00000     10450.20690 Case1_F089_NS 9
INLINE-  2147483647 2147483647    515180.56200   6246702.00000      9543.66509 Case1_F089_NS 10
INLINE-  2147483647 2147483647    515151.15600   6246679.50000      9849.26970 Case1_F089_NS 10
INLINE-  2147483647 2147483647    515119.65600   6246655.00000     10153.75231 Case1_F089_NS 10
INLINE-  2147483647 2147483647    515070.90600   6246618.00000     10449.24990 Case1_F089_NS 10
INLINE-  2147483647 2147483647    515199.90600   6246669.50000      9571.05014 Case1_F089_NS 11
INLINE-  2147483647 2147483647    515175.93800   6246651.00000      9834.19967 Case1_F089_NS 11
INLINE-  2147483647 2147483647    515153.06200   6246633.50000     10082.49516 Case1_F089_NS 11
INLINE-  2147483647 2147483647    515093.90600   6246588.50000     10450.20690 Case1_F089_NS 11
