INLINE-  2147483647 2147483647    516006.90600   6246925.00000      8577.86416 Case1_F125_NE 1
INLINE-  2147483647 2147483647    516027.31200   6246940.50000      8720.52044 Case1_F125_NE 1
INLINE-  2147483647 2147483647    516049.43800   6246957.50000      8866.35573 Case1_F125_NE 1
INLINE-  2147483647 2147483647    516002.68800   6246906.00000      8591.28518 Case1_F125_NE 2
INLINE-  2147483647 2147483647    516021.53100   6246920.50000      8729.24946 Case1_F125_NE 2
INLINE-  2147483647 2147483647    516049.34400   6246941.50000      8860.76872 Case1_F125_NE 2
INLINE-  2147483647 2147483647    515997.43800   6246886.50000      8600.98120 Case1_F125_NE 3
INLINE-  2147483647 2147483647    516009.78100   6246895.50000      8709.26742 Case1_F125_NE 3
INLINE-  2147483647 2147483647    516048.50000   6246925.50000      8854.16271 Case1_F125_NE 3
INLINE-  2147483647 2147483647    515984.75000   6246861.00000      8599.37620 Case1_F125_NE 4
INLINE-  2147483647 2147483647    516009.81200   6246880.00000      8758.05852 Case1_F125_NE 4
INLINE-  2147483647 2147483647    516041.31200   6246904.00000      8840.99968 Case1_F125_NE 4
INLINE-  2147483647 2147483647    515984.46900   6246845.00000      8596.27219 Case1_F125_NE 5
INLINE-  2147483647 2147483647    516006.87500   6246862.00000      8726.56545 Case1_F125_NE 5
INLINE-  2147483647 2147483647    516043.06200   6246889.50000      8843.01469 Case1_F125_NE 5
INLINE-  2147483647 2147483647    515986.34400   6246815.00000      8612.36522 Case1_F125_NE 6
INLINE-  2147483647 2147483647    516006.62500   6246830.50000      8717.87344 Case1_F125_NE 6
INLINE-  2147483647 2147483647    516054.40600   6246867.00000      8847.62170 Case1_F125_NE 6
INLINE-  2147483647 2147483647    515981.12500   6246779.50000      8577.50416 Case1_F125_NE 7
INLINE-  2147483647 2147483647    516001.56200   6246795.00000      8690.71838 Case1_F125_NE 7
INLINE-  2147483647 2147483647    516026.09400   6246814.00000      8783.80057 Case1_F125_NE 7
INLINE-  2147483647 2147483647    516065.53100   6246844.00000      8850.79070 Case1_F125_NE 7
INLINE-  2147483647 2147483647    515972.56200   6246741.50000      8607.92422 Case1_F125_NE 8
INLINE-  2147483647 2147483647    515998.25000   6246761.00000      8703.36941 Case1_F125_NE 8
INLINE-  2147483647 2147483647    516036.65600   6246790.50000      8792.36958 Case1_F125_NE 8
INLINE-  2147483647 2147483647    516086.93800   6246829.00000      8857.74572 Case1_F125_NE 8
INLINE-  2147483647 2147483647    515968.50000   6246722.50000      8598.52220 Case1_F125_NE 9
INLINE-  2147483647 2147483647    516009.43800   6246754.00000      8747.09149 Case1_F125_NE 9
INLINE-  2147483647 2147483647    516056.18800   6246789.50000      8824.43565 Case1_F125_NE 9
INLINE-  2147483647 2147483647    516103.65600   6246826.00000      8865.80473 Case1_F125_NE 9
