INLINE-  2147483647 2147483647    515030.40600   6249591.00000      9082.52817 Case1_F029_NNE 1
INLINE-  2147483647 2147483647    515002.31200   6249594.00000      9436.54987 Case1_F029_NNE 1
INLINE-  2147483647 2147483647    514920.65600   6249602.00000     10071.27014 Case1_F029_NNE 1
INLINE-  2147483647 2147483647    515020.00000   6249556.50000      9105.61221 Case1_F029_NNE 2
INLINE-  2147483647 2147483647    514998.81200   6249559.00000      9436.54987 Case1_F029_NNE 2
INLINE-  2147483647 2147483647    514917.15600   6249567.00000     10071.27014 Case1_F029_NNE 2
INLINE-  2147483647 2147483647    515002.00000   6249460.50000      9142.39228 Case1_F029_NNE 3
INLINE-  2147483647 2147483647    514977.40600   6249463.00000      9457.40691 Case1_F029_NNE 3
INLINE-  2147483647 2147483647    514927.90600   6249468.00000      9952.72291 Case1_F029_NNE 3
INLINE-  2147483647 2147483647    515003.65600   6249415.50000      9082.22516 Case1_F029_NNE 4
INLINE-  2147483647 2147483647    514976.81200   6249418.50000      9379.52476 Case1_F029_NNE 4
INLINE-  2147483647 2147483647    514949.87500   6249421.00000      9608.24422 Case1_F029_NNE 4
INLINE-  2147483647 2147483647    514926.53100   6249423.50000      9799.43560 Case1_F029_NNE 4
INLINE-  2147483647 2147483647    514984.81200   6249355.00000      9125.08225 Case1_F029_NNE 5
INLINE-  2147483647 2147483647    514949.93800   6249358.50000      9567.83914 Case1_F029_NNE 5
INLINE-  2147483647 2147483647    514980.25000   6249328.50000      9163.04733 Case1_F029_NNE 6
INLINE-  2147483647 2147483647    514966.68800   6249330.00000      9325.31365 Case1_F029_NNE 6
INLINE-  2147483647 2147483647    514966.40600   6249268.00000      9006.46901 Case1_F029_NNE 7
INLINE-  2147483647 2147483647    514944.06200   6249270.50000      9289.13458 Case1_F029_NNE 7
