INLINE-  2147483647 2147483647    515262.09400   6252038.00000      9115.52623 Case2_F132_EW 1
INLINE-  2147483647 2147483647    515285.96900   6252007.00000      9320.92264 Case2_F132_EW 1
INLINE-  2147483647 2147483647    515328.06200   6251952.00000      9526.43505 Case2_F132_EW 1
INLINE-  2147483647 2147483647    515364.46900   6251904.50000      9667.48633 Case2_F132_EW 1
INLINE-  2147483647 2147483647    515323.34400   6252081.50000      9049.73510 Case2_F132_EW 2
INLINE-  2147483647 2147483647    515362.71900   6252030.00000      9295.53959 Case2_F132_EW 2
INLINE-  2147483647 2147483647    515398.78100   6251983.00000      9456.62991 Case2_F132_EW 2
INLINE-  2147483647 2147483647    515466.78100   6251894.00000      9695.26339 Case2_F132_EW 2
INLINE-  2147483647 2147483647    515353.75000   6252124.00000      8969.06694 Case2_F132_EW 3
INLINE-  2147483647 2147483647    515408.62500   6252052.50000      9341.64268 Case2_F132_EW 3
INLINE-  2147483647 2147483647    515454.21900   6251992.50000      9491.47398 Case2_F132_EW 3
INLINE-  2147483647 2147483647    515590.00000   6251815.50000     10014.60403 Case2_F132_EW 3
INLINE-  2147483647 2147483647    515403.00000   6252162.50000      9023.23005 Case2_F132_EW 4
INLINE-  2147483647 2147483647    515461.31200   6252086.50000      9311.21862 Case2_F132_EW 4
INLINE-  2147483647 2147483647    515517.78100   6252012.50000      9482.06696 Case2_F132_EW 4
INLINE-  2147483647 2147483647    515578.62500   6251933.00000      9748.49050 Case2_F132_EW 4
INLINE-  2147483647 2147483647    515639.65600   6251853.50000     10014.60403 Case2_F132_EW 4
INLINE-  2147483647 2147483647    515432.78100   6252185.50000      9023.23005 Case2_F132_EW 5
INLINE-  2147483647 2147483647    515491.09400   6252109.00000      9311.21862 Case2_F132_EW 5
INLINE-  2147483647 2147483647    515547.56200   6252035.50000      9482.06696 Case2_F132_EW 5
INLINE-  2147483647 2147483647    515608.40600   6251956.00000      9748.49050 Case2_F132_EW 5
INLINE-  2147483647 2147483647    515669.43800   6251876.00000     10014.60403 Case2_F132_EW 5
