INLINE-  2147483647 2147483647    516012.56200   6246048.00000      9430.22786 Case1_F095_NS 1
INLINE-  2147483647 2147483647    515978.40600   6246022.00000      9826.58365 Case1_F095_NS 1
INLINE-  2147483647 2147483647    515952.34400   6246002.00000     10157.92832 Case1_F095_NS 1
INLINE-  2147483647 2147483647    515919.12500   6245976.50000     10461.25492 Case1_F095_NS 1
INLINE-  2147483647 2147483647    515889.25000   6245953.50000     10745.06649 Case1_F095_NS 1
INLINE-  2147483647 2147483647    515977.28100   6246099.50000      9400.42780 Case1_F095_NS 2
INLINE-  2147483647 2147483647    515948.93800   6246078.00000      9739.45248 Case1_F095_NS 2
INLINE-  2147483647 2147483647    515920.28100   6246056.00000     10078.37116 Case1_F095_NS 2
INLINE-  2147483647 2147483647    515884.62500   6246029.00000     10414.55183 Case1_F095_NS 2
INLINE-  2147483647 2147483647    515849.93800   6246002.50000     10751.17150 Case1_F095_NS 2
INLINE-  2147483647 2147483647    515941.53100   6246151.00000      9374.23475 Case1_F095_NS 3
INLINE-  2147483647 2147483647    515913.53100   6246129.50000      9720.86044 Case1_F095_NS 3
INLINE-  2147483647 2147483647    515882.59400   6246106.00000     10066.43613 Case1_F095_NS 3
INLINE-  2147483647 2147483647    515845.87500   6246078.00000     10409.72982 Case1_F095_NS 3
INLINE-  2147483647 2147483647    515811.34400   6246051.50000     10753.94751 Case1_F095_NS 3
INLINE-  2147483647 2147483647    515899.68800   6246197.50000      9388.13478 Case1_F095_NS 4
INLINE-  2147483647 2147483647    515877.93800   6246181.00000      9703.45841 Case1_F095_NS 4
INLINE-  2147483647 2147483647    515844.96900   6246156.00000     10054.58511 Case1_F095_NS 4
INLINE-  2147483647 2147483647    515807.53100   6246127.00000     10403.91781 Case1_F095_NS 4
INLINE-  2147483647 2147483647    515773.25000   6246101.00000     10754.54951 Case1_F095_NS 4
INLINE-  2147483647 2147483647    515868.03100   6246252.00000      9338.64568 Case1_F095_NS 5
INLINE-  2147483647 2147483647    515833.09400   6246225.50000      9788.49458 Case1_F095_NS 5
INLINE-  2147483647 2147483647    515799.12500   6246199.50000     10127.34125 Case1_F095_NS 5
INLINE-  2147483647 2147483647    515774.65600   6246180.50000     10424.50085 Case1_F095_NS 5
INLINE-  2147483647 2147483647    515737.34400   6246152.00000     10745.06649 Case1_F095_NS 5
INLINE-  2147483647 2147483647    515823.59400   6246297.00000      9384.77677 Case1_F095_NS 6
INLINE-  2147483647 2147483647    515792.78100   6246273.50000      9795.24259 Case1_F095_NS 6
INLINE-  2147483647 2147483647    515759.78100   6246248.00000     10186.91737 Case1_F095_NS 6
INLINE-  2147483647 2147483647    515737.62500   6246231.00000     10417.31383 Case1_F095_NS 6
INLINE-  2147483647 2147483647    515712.40600   6246212.00000     10685.36037 Case1_F095_NS 6
INLINE-  2147483647 2147483647    515770.12500   6246334.50000      9419.89684 Case1_F095_NS 7
INLINE-  2147483647 2147483647    515748.71900   6246318.00000      9769.33354 Case1_F095_NS 7
INLINE-  2147483647 2147483647    515725.21900   6246300.50000     10048.73710 Case1_F095_NS 7
INLINE-  2147483647 2147483647    515699.84400   6246281.00000     10386.56877 Case1_F095_NS 7
INLINE-  2147483647 2147483647    515676.87500   6246263.50000     10639.39128 Case1_F095_NS 7
INLINE-  2147483647 2147483647    515723.62500   6246377.50000      9438.46388 Case1_F095_NS 8
INLINE-  2147483647 2147483647    515708.71900   6246366.50000      9772.83155 Case1_F095_NS 8
INLINE-  2147483647 2147483647    515681.15600   6246345.00000     10111.46422 Case1_F095_NS 8
INLINE-  2147483647 2147483647    515654.37500   6246324.50000     10440.95288 Case1_F095_NS 8
INLINE-  2147483647 2147483647    515631.53100   6246307.50000     10724.82845 Case1_F095_NS 8
INLINE-  2147483647 2147483647    515684.06200   6246426.00000      9459.04192 Case1_F095_NS 9
INLINE-  2147483647 2147483647    515668.75000   6246414.50000      9771.12254 Case1_F095_NS 9
INLINE-  2147483647 2147483647    515642.00000   6246394.00000     10156.65431 Case1_F095_NS 9
INLINE-  2147483647 2147483647    515613.96900   6246372.50000     10487.25397 Case1_F095_NS 9
INLINE-  2147483647 2147483647    515590.09400   6246354.00000     10775.48855 Case1_F095_NS 9
INLINE-  2147483647 2147483647    515640.62500   6246471.50000      9500.66400 Case1_F095_NS 10
INLINE-  2147483647 2147483647    515630.06200   6246463.50000      9797.37759 Case1_F095_NS 10
INLINE-  2147483647 2147483647    515602.96900   6246443.00000     10152.78031 Case1_F095_NS 10
INLINE-  2147483647 2147483647    515574.81200   6246421.00000     10502.55201 Case1_F095_NS 10
INLINE-  2147483647 2147483647    515547.46900   6246400.50000     10833.14067 Case1_F095_NS 10
INLINE-  2147483647 2147483647    515608.43800   6246525.50000      9511.04002 Case1_F095_NS 11
INLINE-  2147483647 2147483647    515594.40600   6246515.00000      9772.36454 Case1_F095_NS 11
INLINE-  2147483647 2147483647    515563.81200   6246491.50000     10156.84531 Case1_F095_NS 11
INLINE-  2147483647 2147483647    515538.06200   6246472.00000     10478.82896 Case1_F095_NS 11
INLINE-  2147483647 2147483647    515509.06200   6246449.50000     10771.40454 Case1_F095_NS 11
INLINE-  2147483647 2147483647    515568.62500   6246574.00000      9489.17998 Case1_F095_NS 12
INLINE-  2147483647 2147483647    515550.50000   6246560.00000      9767.16253 Case1_F095_NS 12
INLINE-  2147483647 2147483647    515519.78100   6246536.50000     10111.41322 Case1_F095_NS 12
INLINE-  2147483647 2147483647    515492.84400   6246516.00000     10428.47386 Case1_F095_NS 12
INLINE-  2147483647 2147483647    515464.15600   6246494.00000     10715.64643 Case1_F095_NS 12
