INLINE-  2147483647 2147483647    516677.06250   6246116.00000      9087.64806 Case1_F147_NS 1
INLINE-  2147483647 2147483647    516604.09375   6246060.00000      9409.12917 Case1_F147_NS 1
INLINE-  2147483647 2147483647    516497.37500   6245978.50000      9820.04991 Case1_F147_NS 1
INLINE-  2147483647 2147483647    516640.96875   6246167.00000      9126.55829 Case1_F147_NS 2
INLINE-  2147483647 2147483647    516588.84375   6246127.00000      9358.67887 Case1_F147_NS 2
INLINE-  2147483647 2147483647    516503.09375   6246061.50000      9708.78895 Case1_F147_NS 2
INLINE-  2147483647 2147483647    516432.50000   6246007.50000      9978.56000 Case1_F147_NS 2
INLINE-  2147483647 2147483647    516604.78125   6246218.00000      9101.19789 Case1_F147_NS 3
INLINE-  2147483647 2147483647    516551.09375   6246177.00000      9358.67887 Case1_F147_NS 3
INLINE-  2147483647 2147483647    516465.12500   6246111.00000      9708.78895 Case1_F147_NS 3
INLINE-  2147483647 2147483647    516370.21875   6246038.50000     10158.82012 Case1_F147_NS 3
INLINE-  2147483647 2147483647    516556.78125   6246260.00000      9088.29845 Case1_F147_NS 4
INLINE-  2147483647 2147483647    516496.62500   6246214.00000      9381.36837 Case1_F147_NS 4
INLINE-  2147483647 2147483647    516427.03125   6246160.50000      9708.78895 Case1_F147_NS 4
INLINE-  2147483647 2147483647    516292.34375   6246057.50000     10288.12019 Case1_F147_NS 4
INLINE-  2147483647 2147483647    516514.34375   6246306.00000      9101.31801 Case1_F147_NS 5
INLINE-  2147483647 2147483647    516465.90625   6246269.00000      9351.96890 Case1_F147_NS 5
INLINE-  2147483647 2147483647    516390.75000   6246211.50000      9712.24989 Case1_F147_NS 5
INLINE-  2147483647 2147483647    516254.25000   6246107.00000     10288.12019 Case1_F147_NS 5
INLINE-  2147483647 2147483647    516470.21875   6246351.00000      9141.63840 Case1_F147_NS 6
INLINE-  2147483647 2147483647    516434.96875   6246324.00000      9349.51870 Case1_F147_NS 6
INLINE-  2147483647 2147483647    516374.21875   6246277.50000      9682.50960 Case1_F147_NS 6
INLINE-  2147483647 2147483647    516269.00000   6246197.00000     10243.62010 Case1_F147_NS 6
INLINE-  2147483647 2147483647    516432.53125   6246401.00000      9145.31810 Case1_F147_NS 7
INLINE-  2147483647 2147483647    516392.03125   6246370.00000      9345.83900 Case1_F147_NS 7
INLINE-  2147483647 2147483647    516350.12500   6246338.00000      9646.47925 Case1_F147_NS 7
INLINE-  2147483647 2147483647    516293.34375   6246294.50000      9968.13029 Case1_F147_NS 7
INLINE-  2147483647 2147483647    516391.78125   6246448.50000      9144.65794 Case1_F147_NS 8
INLINE-  2147483647 2147483647    516355.12500   6246420.50000      9474.15860 Case1_F147_NS 8
INLINE-  2147483647 2147483647    516318.21875   6246392.00000      9743.61910 Case1_F147_NS 8
