INLINE-  2147483647 2147483647    515726.12500   6250465.00000      9538.29908 Case1_F018_EW 1
INLINE-  2147483647 2147483647    515778.56200   6250396.50000      9946.53989 Case1_F018_EW 1
INLINE-  2147483647 2147483647    515887.96900   6250253.50000     10793.42159 Case1_F018_EW 1
INLINE-  2147483647 2147483647    515675.09400   6250449.50000      9507.88902 Case1_F018_EW 2
INLINE-  2147483647 2147483647    515725.96900   6250383.00000      9937.14887 Case1_F018_EW 2
INLINE-  2147483647 2147483647    515848.12500   6250223.50000     10793.42159 Case1_F018_EW 2
INLINE-  2147483647 2147483647    515631.59400   6250424.00000      9513.70903 Case1_F018_EW 3
INLINE-  2147483647 2147483647    515712.78100   6250318.00000     10170.02034 Case1_F018_EW 3
INLINE-  2147483647 2147483647    515810.00000   6250191.00000     10811.32062 Case1_F018_EW 3
INLINE-  2147483647 2147483647    515599.37500   6250404.50000      9512.03902 Case1_F018_EW 4
INLINE-  2147483647 2147483647    515679.28100   6250300.00000     10176.82035 Case1_F018_EW 4
INLINE-  2147483647 2147483647    515778.00000   6250171.00000     10823.02165 Case1_F018_EW 4
INLINE-  2147483647 2147483647    515581.18800   6250387.00000      9525.38905 Case1_F018_EW 5
INLINE-  2147483647 2147483647    515623.68800   6250331.50000      9895.10979 Case1_F018_EW 5
INLINE-  2147483647 2147483647    515688.31200   6250247.00000     10386.02077 Case1_F018_EW 5
INLINE-  2147483647 2147483647    515761.84400   6250151.00000     10831.02166 Case1_F018_EW 5
