INLINE-  2147483647 2147483647    512717.06200   6253393.50000      9397.46979 Case2_F041_NS 1
INLINE-  2147483647 2147483647    512690.06200   6253372.50000      9632.82427 Case2_F041_NS 1
INLINE-  2147483647 2147483647    512645.21900   6253464.00000      9309.80562 Case2_F041_NS 2
INLINE-  2147483647 2147483647    512637.65600   6253458.50000      9520.40004 Case2_F041_NS 2
INLINE-  2147483647 2147483647    512616.00000   6253442.00000      9713.22243 Case2_F041_NS 2
INLINE-  2147483647 2147483647    512635.03100   6253535.00000      9316.81863 Case2_F041_NS 3
INLINE-  2147483647 2147483647    512603.37500   6253511.00000      9561.02912 Case2_F041_NS 3
INLINE-  2147483647 2147483647    512554.65600   6253473.50000      9824.32865 Case2_F041_NS 3
INLINE-  2147483647 2147483647    512560.06200   6253588.00000      9316.80163 Case2_F041_NS 4
INLINE-  2147483647 2147483647    512527.03100   6253562.50000      9555.70211 Case2_F041_NS 4
INLINE-  2147483647 2147483647    512432.12500   6253490.00000      9934.87687 Case2_F041_NS 4
INLINE-  2147483647 2147483647    512528.62500   6253627.00000      9284.40757 Case2_F041_NS 5
INLINE-  2147483647 2147483647    512476.31200   6253586.50000      9605.68321 Case2_F041_NS 5
INLINE-  2147483647 2147483647    512395.62500   6253525.00000      9954.62191 Case2_F041_NS 5
INLINE-  2147483647 2147483647    512441.56200   6253654.50000      9371.91474 Case2_F041_NS 6
INLINE-  2147483647 2147483647    512399.50000   6253622.50000      9658.43132 Case2_F041_NS 6
INLINE-  2147483647 2147483647    512333.25000   6253571.50000      9874.83375 Case2_F041_NS 6
INLINE-  2147483647 2147483647    512382.12500   6253703.50000      9347.35869 Case2_F041_NS 7
INLINE-  2147483647 2147483647    512339.09400   6253670.50000      9627.28225 Case2_F041_NS 7
INLINE-  2147483647 2147483647    512267.43800   6253615.50000      9904.47281 Case2_F041_NS 7
INLINE-  2147483647 2147483647    512328.12500   6253756.50000      9386.33277 Case2_F041_NS 8
INLINE-  2147483647 2147483647    512309.59400   6253742.50000      9597.66020 Case2_F041_NS 8
INLINE-  2147483647 2147483647    512204.93800   6253662.50000      9925.38885 Case2_F041_NS 8
INLINE-  2147483647 2147483647    512251.43800   6253792.50000      9366.56673 Case2_F041_NS 9
INLINE-  2147483647 2147483647    512223.00000   6253770.50000      9670.70134 Case2_F041_NS 9
INLINE-  2147483647 2147483647    512129.68800   6253699.00000      9942.72089 Case2_F041_NS 9
INLINE-  2147483647 2147483647    512172.46900   6253810.50000      9392.12978 Case2_F041_NS 10
INLINE-  2147483647 2147483647    512148.00000   6253792.00000      9667.04333 Case2_F041_NS 10
INLINE-  2147483647 2147483647    512046.12500   6253714.00000      9968.57794 Case2_F041_NS 10
INLINE-  2147483647 2147483647    512111.65600   6253858.50000      9375.25975 Case2_F041_NS 11
INLINE-  2147483647 2147483647    512093.84400   6253845.00000      9648.64230 Case2_F041_NS 11
INLINE-  2147483647 2147483647    511950.25000   6253735.00000     10059.77612 Case2_F041_NS 11
INLINE-  2147483647 2147483647    512090.93800   6253937.00000      9365.43273 Case2_F041_NS 12
INLINE-  2147483647 2147483647    512049.28100   6253905.00000      9645.92529 Case2_F041_NS 12
INLINE-  2147483647 2147483647    511913.46900   6253801.00000     10053.09511 Case2_F041_NS 12
INLINE-  2147483647 2147483647    512063.71900   6253995.00000      9391.73178 Case2_F041_NS 13
INLINE-  2147483647 2147483647    512014.50000   6253957.00000      9656.14731 Case2_F041_NS 13
INLINE-  2147483647 2147483647    511879.06200   6253853.50000     10073.15215 Case2_F041_NS 13
INLINE-  2147483647 2147483647    512013.90600   6254035.50000      9436.88987 Case2_F041_NS 14
INLINE-  2147483647 2147483647    511977.68800   6254007.50000      9653.85331 Case2_F041_NS 14
INLINE-  2147483647 2147483647    511849.75000   6253910.00000     10085.73117 Case2_F041_NS 14
