INLINE-  2147483647 2147483647    517826.21900   6246219.50000      9655.71931 Case1_F158_EW 1
INLINE-  2147483647 2147483647    517957.50000   6246048.00000     10260.62052 Case1_F158_EW 1
INLINE-  2147483647 2147483647    518087.53100   6245878.00000     10722.32144 Case1_F158_EW 1
INLINE-  2147483647 2147483647    518235.62500   6245684.50000     11412.22282 Case1_F158_EW 1
INLINE-  2147483647 2147483647    517679.09400   6246206.00000      9370.96874 Case1_F158_EW 2
INLINE-  2147483647 2147483647    517743.71900   6246121.50000      9704.30941 Case1_F158_EW 2
INLINE-  2147483647 2147483647    517858.25000   6245972.00000     10260.62052 Case1_F158_EW 2
INLINE-  2147483647 2147483647    517988.25000   6245802.00000     10722.32144 Case1_F158_EW 2
INLINE-  2147483647 2147483647    518069.43800   6245696.00000     11144.62229 Case1_F158_EW 2
INLINE-  2147483647 2147483647    518142.46900   6245600.50000     11579.02316 Case1_F158_EW 2
INLINE-  2147483647 2147483647    517611.90600   6246191.00000      9324.66865 Case1_F158_EW 3
INLINE-  2147483647 2147483647    517662.81200   6246124.50000      9541.35908 Case1_F158_EW 3
INLINE-  2147483647 2147483647    517841.43800   6245891.00000     10250.02050 Case1_F158_EW 3
INLINE-  2147483647 2147483647    517935.59400   6245768.00000     10575.92115 Case1_F158_EW 3
INLINE-  2147483647 2147483647    518032.78100   6245641.00000     11042.22208 Case1_F158_EW 3
INLINE-  2147483647 2147483647    517534.31200   6246189.50000      9055.88711 Case1_F158_EW 4
INLINE-  2147483647 2147483647    517604.06200   6246098.50000      9558.73912 Case1_F158_EW 4
INLINE-  2147483647 2147483647    517768.93800   6245883.00000     10161.82032 Case1_F158_EW 4
INLINE-  2147483647 2147483647    517869.18800   6245752.00000     10445.72089 Case1_F158_EW 4
INLINE-  2147483647 2147483647    517967.93800   6245623.00000     10886.02177 Case1_F158_EW 4
INLINE-  2147483647 2147483647    517513.50000   6246114.00000      9185.37837 Case1_F158_EW 5
INLINE-  2147483647 2147483647    517565.15600   6246046.50000      9590.64918 Case1_F158_EW 5
INLINE-  2147483647 2147483647    517698.00000   6245873.00000     10172.22034 Case1_F158_EW 5
INLINE-  2147483647 2147483647    517799.03100   6245741.00000     10497.42099 Case1_F158_EW 5
