INLINE-  2147483647 2147483647    514511.62500   6252311.50000      9046.91409 Case2_F129_NS 1
INLINE-  2147483647 2147483647    514540.34400   6252333.50000      9458.14992 Case2_F129_NS 1
INLINE-  2147483647 2147483647    514572.78100   6252358.50000      9755.05251 Case2_F129_NS 1
INLINE-  2147483647 2147483647    514606.46900   6252384.00000     10171.61734 Case2_F129_NS 1
INLINE-  2147483647 2147483647    514643.43800   6252412.50000     10495.46199 Case2_F129_NS 1
INLINE-  2147483647 2147483647    514550.15600   6252262.50000      9011.77402 Case2_F129_NS 2
INLINE-  2147483647 2147483647    514583.59400   6252288.00000      9527.52106 Case2_F129_NS 2
INLINE-  2147483647 2147483647    514603.65600   6252303.50000      9773.75855 Case2_F129_NS 2
INLINE-  2147483647 2147483647    514627.93800   6252322.00000     10121.13124 Case2_F129_NS 2
INLINE-  2147483647 2147483647    514676.65600   6252359.00000     10488.86898 Case2_F129_NS 2
INLINE-  2147483647 2147483647    514591.93800   6252215.50000      9020.69604 Case2_F129_NS 3
INLINE-  2147483647 2147483647    514608.62500   6252228.50000      9394.82579 Case2_F129_NS 3
INLINE-  2147483647 2147483647    514630.12500   6252245.00000      9767.96754 Case2_F129_NS 3
INLINE-  2147483647 2147483647    514658.96900   6252267.00000     10139.16328 Case2_F129_NS 3
INLINE-  2147483647 2147483647    514705.59400   6252302.50000     10502.95801 Case2_F129_NS 3
INLINE-  2147483647 2147483647    514634.21900   6252169.50000      9038.61708 Case2_F129_NS 4
INLINE-  2147483647 2147483647    514643.28100   6252176.50000      9413.02283 Case2_F129_NS 4
INLINE-  2147483647 2147483647    514658.18800   6252187.50000      9786.59757 Case2_F129_NS 4
INLINE-  2147483647 2147483647    514690.53100   6252212.50000     10156.12231 Case2_F129_NS 4
INLINE-  2147483647 2147483647    514733.75000   6252245.50000     10521.07604 Case2_F129_NS 4
INLINE-  2147483647 2147483647    514675.78100   6252122.50000      9057.48911 Case2_F129_NS 5
INLINE-  2147483647 2147483647    514677.87500   6252124.00000      9431.87386 Case2_F129_NS 5
INLINE-  2147483647 2147483647    514686.65600   6252131.00000      9805.71461 Case2_F129_NS 5
INLINE-  2147483647 2147483647    514722.34400   6252158.00000     10173.27635 Case2_F129_NS 5
INLINE-  2147483647 2147483647    514762.12500   6252188.50000     10539.07308 Case2_F129_NS 5
INLINE-  2147483647 2147483647    514712.12500   6252071.50000      9080.94216 Case2_F129_NS 6
INLINE-  2147483647 2147483647    514711.46900   6252071.00000      9520.10404 Case2_F129_NS 6
INLINE-  2147483647 2147483647    514715.00000   6252074.00000      9783.10957 Case2_F129_NS 6
INLINE-  2147483647 2147483647    514757.75000   6252106.50000     10209.18042 Case2_F129_NS 6
INLINE-  2147483647 2147483647    514792.15600   6252133.00000     10555.29411 Case2_F129_NS 6
INLINE-  2147483647 2147483647    514733.28100   6252009.00000      9115.90123 Case2_F129_NS 7
INLINE-  2147483647 2147483647    514740.31200   6252014.50000      9480.90196 Case2_F129_NS 7
INLINE-  2147483647 2147483647    514757.12500   6252027.50000      9844.31669 Case2_F129_NS 7
INLINE-  2147483647 2147483647    514792.18800   6252054.00000     10202.88141 Case2_F129_NS 7
INLINE-  2147483647 2147483647    514825.37500   6252079.50000     10562.14812 Case2_F129_NS 7
INLINE-  2147483647 2147483647    514753.71900   6251946.00000      9147.66330 Case2_F129_NS 8
INLINE-  2147483647 2147483647    514773.68800   6251961.50000      9552.77711 Case2_F129_NS 8
INLINE-  2147483647 2147483647    514800.28100   6251981.50000      9885.74977 Case2_F129_NS 8
INLINE-  2147483647 2147483647    514828.18800   6252003.00000     10180.68336 Case2_F129_NS 8
INLINE-  2147483647 2147483647    514862.90600   6252029.50000     10572.51115 Case2_F129_NS 8
INLINE-  2147483647 2147483647    514781.31200   6251904.50000      9147.18629 Case2_F129_NS 9
INLINE-  2147483647 2147483647    514806.56200   6251923.50000      9514.54403 Case2_F129_NS 9
INLINE-  2147483647 2147483647    514834.53100   6251945.00000      9881.07376 Case2_F129_NS 9
INLINE-  2147483647 2147483647    514874.75000   6251976.00000     10242.92749 Case2_F129_NS 9
INLINE-  2147483647 2147483647    514910.50000   6252003.00000     10606.77121 Case2_F129_NS 9
INLINE-  2147483647 2147483647    514822.09400   6251857.00000      9147.66330 Case2_F129_NS 10
INLINE-  2147483647 2147483647    514853.50000   6251881.00000      9523.60205 Case2_F129_NS 10
INLINE-  2147483647 2147483647    514874.59400   6251897.00000      9850.35370 Case2_F129_NS 10
INLINE-  2147483647 2147483647    514916.00000   6251928.50000     10178.58036 Case2_F129_NS 10
INLINE-  2147483647 2147483647    514966.40600   6251967.00000     10638.83028 Case2_F129_NS 10
INLINE-  2147483647 2147483647    514866.37500   6251812.00000      9183.58837 Case2_F129_NS 11
INLINE-  2147483647 2147483647    514897.75000   6251836.00000      9549.43710 Case2_F129_NS 11
INLINE-  2147483647 2147483647    514924.15600   6251856.00000      9916.77283 Case2_F129_NS 11
INLINE-  2147483647 2147483647    514965.68800   6251888.00000     10278.46956 Case2_F129_NS 11
INLINE-  2147483647 2147483647    515004.18800   6251917.50000     10641.56428 Case2_F129_NS 11
INLINE-  2147483647 2147483647    514912.37500   6251768.50000      9221.96144 Case2_F129_NS 12
INLINE-  2147483647 2147483647    514937.96900   6251788.00000      9504.68101 Case2_F129_NS 12
INLINE-  2147483647 2147483647    514964.00000   6251808.00000      9854.08471 Case2_F129_NS 12
INLINE-  2147483647 2147483647    514992.84400   6251830.00000     10148.62030 Case2_F129_NS 12
INLINE-  2147483647 2147483647    515042.37500   6251868.00000     10638.83028 Case2_F129_NS 12
INLINE-  2147483647 2147483647    514963.53100   6251729.00000      9238.65648 Case2_F129_NS 13
INLINE-  2147483647 2147483647    514998.71900   6251756.00000      9588.04318 Case2_F129_NS 13
INLINE-  2147483647 2147483647    515031.71900   6251781.00000      9938.22888 Case2_F129_NS 13
INLINE-  2147483647 2147483647    515067.00000   6251808.00000     10287.61458 Case2_F129_NS 13
INLINE-  2147483647 2147483647    515100.71900   6251834.00000     10637.65428 Case2_F129_NS 13
INLINE-  2147483647 2147483647    515016.34400   6251690.50000      9251.52650 Case2_F129_NS 14
INLINE-  2147483647 2147483647    515048.31200   6251715.00000      9532.79607 Case2_F129_NS 14
INLINE-  2147483647 2147483647    515071.15600   6251732.50000      9754.32451 Case2_F129_NS 14
INLINE-  2147483647 2147483647    515110.46900   6251762.50000     10101.51720 Case2_F129_NS 14
INLINE-  2147483647 2147483647    515162.03100   6251802.00000     10641.21928 Case2_F129_NS 14
INLINE-  2147483647 2147483647    515068.15600   6251651.50000      9272.54955 Case2_F129_NS 15
INLINE-  2147483647 2147483647    515106.43800   6251681.00000      9618.14424 Case2_F129_NS 15
INLINE-  2147483647 2147483647    515143.12500   6251709.00000      9964.41793 Case2_F129_NS 15
INLINE-  2147483647 2147483647    515179.43800   6251737.00000     10310.85062 Case2_F129_NS 15
INLINE-  2147483647 2147483647    515213.50000   6251763.00000     10658.23232 Case2_F129_NS 15
INLINE-  2147483647 2147483647    515119.68800   6251612.50000      9295.01859 Case2_F129_NS 16
INLINE-  2147483647 2147483647    515156.56200   6251640.50000      9640.37428 Case2_F129_NS 16
INLINE-  2147483647 2147483647    515190.81200   6251667.00000      9986.78097 Case2_F129_NS 16
INLINE-  2147483647 2147483647    515226.87500   6251694.50000     10332.49066 Case2_F129_NS 16
INLINE-  2147483647 2147483647    515262.93800   6251722.00000     10678.19736 Case2_F129_NS 16
INLINE-  2147483647 2147483647    515170.84400   6251573.00000      9316.69663 Case2_F129_NS 17
INLINE-  2147483647 2147483647    515206.03100   6251600.00000      9662.27832 Case2_F129_NS 17
INLINE-  2147483647 2147483647    515237.31200   6251623.50000     10009.36202 Case2_F129_NS 17
INLINE-  2147483647 2147483647    515273.18800   6251651.00000     10354.62871 Case2_F129_NS 17
INLINE-  2147483647 2147483647    515311.40600   6251680.50000     10698.90240 Case2_F129_NS 17
INLINE-  2147483647 2147483647    515219.28100   6251531.50000      9330.74666 Case2_F129_NS 18
INLINE-  2147483647 2147483647    515258.53100   6251561.50000      9745.57449 Case2_F129_NS 18
INLINE-  2147483647 2147483647    515287.53100   6251583.50000     10099.49220 Case2_F129_NS 18
INLINE-  2147483647 2147483647    515320.93800   6251609.00000     10407.85982 Case2_F129_NS 18
INLINE-  2147483647 2147483647    515356.81200   6251636.50000     10715.15743 Case2_F129_NS 18
INLINE-  2147483647 2147483647    515260.15600   6251484.00000      9322.76465 Case2_F129_NS 19
INLINE-  2147483647 2147483647    515290.87500   6251507.50000      9672.47634 Case2_F129_NS 19
INLINE-  2147483647 2147483647    515319.03100   6251529.00000     10023.08005 Case2_F129_NS 19
INLINE-  2147483647 2147483647    515355.03100   6251556.50000     10370.69974 Case2_F129_NS 19
INLINE-  2147483647 2147483647    515395.40600   6251587.50000     10716.41343 Case2_F129_NS 19
INLINE-  2147483647 2147483647    515299.40600   6251435.00000      9312.07362 Case2_F129_NS 20
INLINE-  2147483647 2147483647    515334.46900   6251462.00000      9745.57449 Case2_F129_NS 20
INLINE-  2147483647 2147483647    515363.50000   6251484.50000     10099.49220 Case2_F129_NS 20
INLINE-  2147483647 2147483647    515396.90600   6251510.00000     10407.85982 Case2_F129_NS 20
INLINE-  2147483647 2147483647    515432.78100   6251537.50000     10715.15743 Case2_F129_NS 20
INLINE-  2147483647 2147483647    515330.31200   6251396.00000      9311.29462 Case2_F129_NS 21
INLINE-  2147483647 2147483647    515353.15600   6251413.50000      9593.74019 Case2_F129_NS 21
INLINE-  2147483647 2147483647    515375.09400   6251430.00000      9876.49375 Case2_F129_NS 21
INLINE-  2147483647 2147483647    515399.65600   6251449.00000     10158.33132 Case2_F129_NS 21
INLINE-  2147483647 2147483647    515430.65600   6251472.50000     10437.63488 Case2_F129_NS 21
INLINE-  2147483647 2147483647    515463.15600   6251497.50000     10716.22043 Case2_F129_NS 21
INLINE-  2147483647 2147483647    515360.18800   6251356.00000      9312.07362 Case2_F129_NS 22
INLINE-  2147483647 2147483647    515378.43800   6251370.00000      9526.44505 Case2_F129_NS 22
INLINE-  2147483647 2147483647    515395.25000   6251382.50000      9745.57449 Case2_F129_NS 22
INLINE-  2147483647 2147483647    515424.25000   6251405.00000     10099.49220 Case2_F129_NS 22
INLINE-  2147483647 2147483647    515457.65600   6251430.50000     10407.85982 Case2_F129_NS 22
INLINE-  2147483647 2147483647    515493.53100   6251458.00000     10715.15743 Case2_F129_NS 22
INLINE-  2147483647 2147483647    515395.65600   6251304.50000      9309.98562 Case2_F129_NS 23
INLINE-  2147483647 2147483647    515419.75000   6251322.50000      9592.23218 Case2_F129_NS 23
INLINE-  2147483647 2147483647    515443.65600   6251341.00000      9874.53575 Case2_F129_NS 23
INLINE-  2147483647 2147483647    515467.71900   6251359.50000     10156.77031 Case2_F129_NS 23
INLINE-  2147483647 2147483647    515498.75000   6251383.00000     10436.28287 Case2_F129_NS 23
INLINE-  2147483647 2147483647    515532.84400   6251409.50000     10714.31543 Case2_F129_NS 23
INLINE-  2147483647 2147483647    515423.56200   6251262.50000      9307.69262 Case2_F129_NS 24
INLINE-  2147483647 2147483647    515440.59400   6251275.50000      9512.40402 Case2_F129_NS 24
INLINE-  2147483647 2147483647    515463.59400   6251293.50000      9745.57449 Case2_F129_NS 24
INLINE-  2147483647 2147483647    515492.62500   6251315.50000     10099.49220 Case2_F129_NS 24
INLINE-  2147483647 2147483647    515526.03100   6251341.00000     10407.85982 Case2_F129_NS 24
INLINE-  2147483647 2147483647    515562.06200   6251368.50000     10697.05639 Case2_F129_NS 24
INLINE-  2147483647 2147483647    515453.46900   6251222.50000      9307.28261 Case2_F129_NS 25
INLINE-  2147483647 2147483647    515477.84400   6251241.50000      9586.31817 Case2_F129_NS 25
INLINE-  2147483647 2147483647    515503.81200   6251261.00000      9864.75573 Case2_F129_NS 25
INLINE-  2147483647 2147483647    515527.31200   6251279.00000     10144.09929 Case2_F129_NS 25
INLINE-  2147483647 2147483647    515549.87500   6251296.50000     10333.89967 Case2_F129_NS 25
INLINE-  2147483647 2147483647    515576.34400   6251316.50000     10588.05418 Case2_F129_NS 25
