INLINE-  2147483647 2147483647    517360.25000   6246705.00000      8767.23753 Case1_F143_NS 1
INLINE-  2147483647 2147483647    517299.43800   6246784.50000      9167.46833 Case1_F143_NS 1
INLINE-  2147483647 2147483647    517235.81200   6246867.50000      9437.49887 Case1_F143_NS 1
INLINE-  2147483647 2147483647    517326.03100   6246708.50000      8846.40769 Case1_F143_NS 2
INLINE-  2147483647 2147483647    517273.59400   6246777.00000      9173.45835 Case1_F143_NS 2
INLINE-  2147483647 2147483647    517215.84400   6246852.50000      9437.49887 Case1_F143_NS 2
INLINE-  2147483647 2147483647    517278.71900   6246708.50000      8886.88777 Case1_F143_NS 3
INLINE-  2147483647 2147483647    517238.53100   6246761.00000      9213.33843 Case1_F143_NS 3
INLINE-  2147483647 2147483647    517186.09400   6246829.50000      9437.49887 Case1_F143_NS 3
INLINE-  2147483647 2147483647    517221.50000   6246680.50000      8983.63797 Case1_F143_NS 4
INLINE-  2147483647 2147483647    517184.34400   6246729.00000      9237.46847 Case1_F143_NS 4
INLINE-  2147483647 2147483647    517136.50000   6246791.50000      9437.49887 Case1_F143_NS 4
INLINE-  2147483647 2147483647    517177.93800   6246634.50000      9036.20807 Case1_F143_NS 5
INLINE-  2147483647 2147483647    517138.46900   6246686.00000      9264.68853 Case1_F143_NS 5
INLINE-  2147483647 2147483647    517089.12500   6246750.50000      9503.23901 Case1_F143_NS 5
INLINE-  2147483647 2147483647    517141.84400   6246579.00000      8981.34796 Case1_F143_NS 6
INLINE-  2147483647 2147483647    517085.09400   6246653.00000      9306.14861 Case1_F143_NS 6
INLINE-  2147483647 2147483647    517039.56200   6246712.50000      9503.23901 Case1_F143_NS 6
INLINE-  2147483647 2147483647    517077.28100   6246581.00000      9005.85801 Case1_F143_NS 7
INLINE-  2147483647 2147483647    517034.00000   6246637.50000      9319.39864 Case1_F143_NS 7
INLINE-  2147483647 2147483647    516999.65600   6246682.50000      9503.23901 Case1_F143_NS 7
INLINE-  2147483647 2147483647    517019.96900   6246553.00000      9050.37810 Case1_F143_NS 8
INLINE-  2147483647 2147483647    516975.93800   6246610.50000      9342.66869 Case1_F143_NS 8
INLINE-  2147483647 2147483647    516936.50000   6246662.00000      9543.29909 Case1_F143_NS 8
INLINE-  2147483647 2147483647    516970.40600   6246515.00000      9050.37810 Case1_F143_NS 9
INLINE-  2147483647 2147483647    516930.96900   6246566.50000      9305.39861 Case1_F143_NS 9
INLINE-  2147483647 2147483647    516886.68800   6246624.50000      9543.29909 Case1_F143_NS 9
INLINE-  2147483647 2147483647    516919.25000   6246479.00000      9063.71813 Case1_F143_NS 10
INLINE-  2147483647 2147483647    516881.34400   6246528.50000      9305.39861 Case1_F143_NS 10
INLINE-  2147483647 2147483647    516837.06200   6246586.50000      9543.29909 Case1_F143_NS 10
