INLINE-  2147483647 2147483647    516591.34400   6248203.00000      8712.87743 Case1_F108_EW 1
INLINE-  2147483647 2147483647    516655.71900   6248119.00000      9278.24856 Case1_F108_EW 1
INLINE-  2147483647 2147483647    516784.21900   6247951.00000      9760.95952 Case1_F108_EW 1
INLINE-  2147483647 2147483647    516944.53100   6247741.50000     10177.12035 Case1_F108_EW 1
INLINE-  2147483647 2147483647    516570.81200   6248189.00000      8707.15641 Case1_F108_EW 2
INLINE-  2147483647 2147483647    516616.34400   6248129.50000      9151.41830 Case1_F108_EW 2
INLINE-  2147483647 2147483647    516702.87500   6248016.50000      9572.39914 Case1_F108_EW 2
INLINE-  2147483647 2147483647    516924.75000   6247726.50000     10177.12035 Case1_F108_EW 2
INLINE-  2147483647 2147483647    516535.71900   6248173.00000      8670.18734 Case1_F108_EW 3
INLINE-  2147483647 2147483647    516605.43800   6248082.00000      9247.47849 Case1_F108_EW 3
INLINE-  2147483647 2147483647    516730.12500   6247919.00000      9752.63951 Case1_F108_EW 3
INLINE-  2147483647 2147483647    516895.00000   6247703.50000     10177.12035 Case1_F108_EW 3
INLINE-  2147483647 2147483647    516502.93800   6248154.50000      8636.26727 Case1_F108_EW 4
INLINE-  2147483647 2147483647    516562.21900   6248077.00000      9142.77829 Case1_F108_EW 4
INLINE-  2147483647 2147483647    516643.40600   6247971.00000      9572.39914 Case1_F108_EW 4
INLINE-  2147483647 2147483647    516865.28100   6247681.00000     10177.12035 Case1_F108_EW 4
INLINE-  2147483647 2147483647    516464.65600   6248101.50000      8627.22725 Case1_F108_EW 5
INLINE-  2147483647 2147483647    516494.18800   6248063.00000      9043.28809 Case1_F108_EW 5
INLINE-  2147483647 2147483647    516550.40600   6247989.50000      9346.14869 Case1_F108_EW 5
INLINE-  2147483647 2147483647    516672.03100   6247830.50000      9784.07957 Case1_F108_EW 5
INLINE-  2147483647 2147483647    516815.56200   6247643.00000     10177.12035 Case1_F108_EW 5
INLINE-  2147483647 2147483647    516431.71900   6248021.00000      8784.63657 Case1_F108_EW 6
INLINE-  2147483647 2147483647    516462.75000   6247980.50000      9157.77832 Case1_F108_EW 6
INLINE-  2147483647 2147483647    516525.09400   6247899.00000      9463.89893 Case1_F108_EW 6
INLINE-  2147483647 2147483647    516762.00000   6247589.50000     10190.12038 Case1_F108_EW 6
INLINE-  2147483647 2147483647    516394.06200   6247967.50000      8831.61766 Case1_F108_EW 7
INLINE-  2147483647 2147483647    516428.40600   6247922.50000      9141.12828 Case1_F108_EW 7
INLINE-  2147483647 2147483647    516475.46900   6247861.00000      9463.89893 Case1_F108_EW 7
INLINE-  2147483647 2147483647    516719.25000   6247542.50000     10198.32040 Case1_F108_EW 7
INLINE-  2147483647 2147483647    516356.62500   6247913.50000      8860.47672 Case1_F108_EW 8
INLINE-  2147483647 2147483647    516382.56200   6247879.50000      9182.06836 Case1_F108_EW 8
INLINE-  2147483647 2147483647    516425.84400   6247823.00000      9463.89893 Case1_F108_EW 8
INLINE-  2147483647 2147483647    516655.87500   6247522.50000     10088.52018 Case1_F108_EW 8
INLINE-  2147483647 2147483647    516310.09400   6247871.50000      8898.11780 Case1_F108_EW 9
INLINE-  2147483647 2147483647    516358.68800   6247808.00000      9334.68867 Case1_F108_EW 9
INLINE-  2147483647 2147483647    516470.37500   6247662.00000      9730.03946 Case1_F108_EW 9
INLINE-  2147483647 2147483647    516605.50000   6247485.50000     10080.02016 Case1_F108_EW 9
INLINE-  2147483647 2147483647    516271.15600   6247819.50000      8870.64774 Case1_F108_EW 10
INLINE-  2147483647 2147483647    516299.90600   6247782.00000      9184.98837 Case1_F108_EW 10
INLINE-  2147483647 2147483647    516351.56200   6247714.50000      9493.45899 Case1_F108_EW 10
INLINE-  2147483647 2147483647    516556.65600   6247446.50000     10088.52018 Case1_F108_EW 10
INLINE-  2147483647 2147483647    516218.43800   6247785.50000      8851.50770 Case1_F108_EW 11
INLINE-  2147483647 2147483647    516254.84400   6247738.00000      9194.97839 Case1_F108_EW 11
INLINE-  2147483647 2147483647    516311.06200   6247664.50000      9487.53898 Case1_F108_EW 11
INLINE-  2147483647 2147483647    516507.00000   6247408.50000     10088.52018 Case1_F108_EW 11
INLINE-  2147483647 2147483647    516183.12500   6247729.00000      8968.63794 Case1_F108_EW 12
INLINE-  2147483647 2147483647    516210.59400   6247693.00000      9169.26834 Case1_F108_EW 12
INLINE-  2147483647 2147483647    516261.46900   6247626.50000      9487.53898 Case1_F108_EW 12
INLINE-  2147483647 2147483647    516457.40600   6247370.50000     10088.52018 Case1_F108_EW 12
