INLINE-  2147483647 2147483647    516383.00000   6248393.00000      8998.87800 Case1_F079_NS 1
INLINE-  2147483647 2147483647    516390.53100   6248399.00000      9255.14851 Case1_F079_NS 1
INLINE-  2147483647 2147483647    516397.06200   6248404.00000      9523.92005 Case1_F079_NS 1
INLINE-  2147483647 2147483647    516419.25000   6248421.00000      9860.54672 Case1_F079_NS 1
INLINE-  2147483647 2147483647    516435.18800   6248433.00000     10128.30126 Case1_F079_NS 1
INLINE-  2147483647 2147483647    516450.56200   6248445.00000     10396.19579 Case1_F079_NS 1
INLINE-  2147483647 2147483647    516363.31200   6248425.50000      9027.13905 Case1_F079_NS 2
INLINE-  2147483647 2147483647    516370.78100   6248431.00000      9262.56753 Case1_F079_NS 2
INLINE-  2147483647 2147483647    516382.56200   6248440.00000      9530.92206 Case1_F079_NS 2
INLINE-  2147483647 2147483647    516394.71900   6248449.50000      9799.18360 Case1_F079_NS 2
INLINE-  2147483647 2147483647    516407.78100   6248459.50000     10067.32513 Case1_F079_NS 2
INLINE-  2147483647 2147483647    516421.90600   6248470.00000     10335.26567 Case1_F079_NS 2
INLINE-  2147483647 2147483647    516338.84400   6248453.50000      9014.65903 Case1_F079_NS 3
INLINE-  2147483647 2147483647    516351.78100   6248463.50000      9289.96858 Case1_F079_NS 3
INLINE-  2147483647 2147483647    516365.93800   6248474.50000      9543.38809 Case1_F079_NS 3
INLINE-  2147483647 2147483647    516375.03100   6248481.50000      9838.92768 Case1_F079_NS 3
INLINE-  2147483647 2147483647    516386.06200   6248490.00000     10067.90714 Case1_F079_NS 3
INLINE-  2147483647 2147483647    516398.43800   6248499.50000     10296.62459 Case1_F079_NS 3
INLINE-  2147483647 2147483647    516307.15600   6248476.50000      8984.77797 Case1_F079_NS 4
INLINE-  2147483647 2147483647    516323.28100   6248489.00000      9257.65952 Case1_F079_NS 4
INLINE-  2147483647 2147483647    516339.90600   6248502.00000      9530.50006 Case1_F079_NS 4
INLINE-  2147483647 2147483647    516354.18800   6248512.50000      9803.69161 Case1_F079_NS 4
INLINE-  2147483647 2147483647    516371.93800   6248526.50000     10076.07015 Case1_F079_NS 4
INLINE-  2147483647 2147483647    516390.87500   6248541.00000     10348.21170 Case1_F079_NS 4
INLINE-  2147483647 2147483647    516283.56200   6248506.00000      8979.04496 Case1_F079_NS 5
INLINE-  2147483647 2147483647    516295.25000   6248515.00000      9270.77454 Case1_F079_NS 5
INLINE-  2147483647 2147483647    516312.62500   6248528.00000      9561.86412 Case1_F079_NS 5
INLINE-  2147483647 2147483647    516335.37500   6248545.50000      9850.98570 Case1_F079_NS 5
INLINE-  2147483647 2147483647    516361.18800   6248565.50000     10138.86428 Case1_F079_NS 5
INLINE-  2147483647 2147483647    516385.81200   6248584.00000     10427.42685 Case1_F079_NS 5
INLINE-  2147483647 2147483647    516259.46900   6248534.50000      8973.24995 Case1_F079_NS 6
INLINE-  2147483647 2147483647    516265.28100   6248539.00000      9282.50057 Case1_F079_NS 6
INLINE-  2147483647 2147483647    516283.46900   6248553.00000      9589.84718 Case1_F079_NS 6
INLINE-  2147483647 2147483647    516311.87500   6248574.50000      9894.06379 Case1_F079_NS 6
INLINE-  2147483647 2147483647    516344.65600   6248600.00000     10196.45339 Case1_F079_NS 6
INLINE-  2147483647 2147483647    516375.43800   6248623.50000     10499.70700 Case1_F079_NS 6
INLINE-  2147483647 2147483647    516234.65600   6248563.00000      8968.01794 Case1_F079_NS 7
INLINE-  2147483647 2147483647    516234.90600   6248563.00000      9288.50858 Case1_F079_NS 7
INLINE-  2147483647 2147483647    516246.71900   6248572.00000      9524.07405 Case1_F079_NS 7
INLINE-  2147483647 2147483647    516278.71900   6248596.50000      9858.10572 Case1_F079_NS 7
INLINE-  2147483647 2147483647    516319.71900   6248628.00000     10193.30439 Case1_F079_NS 7
INLINE-  2147483647 2147483647    516363.50000   6248661.50000     10569.72514 Case1_F079_NS 7
INLINE-  2147483647 2147483647    516206.96900   6248589.00000      8965.77493 Case1_F079_NS 8
INLINE-  2147483647 2147483647    516208.03100   6248589.50000      9298.58860 Case1_F079_NS 8
INLINE-  2147483647 2147483647    516230.46900   6248607.00000      9628.02326 Case1_F079_NS 8
INLINE-  2147483647 2147483647    516266.78100   6248634.50000      9952.68091 Case1_F079_NS 8
INLINE-  2147483647 2147483647    516307.78100   6248666.00000     10275.02855 Case1_F079_NS 8
INLINE-  2147483647 2147483647    516346.71900   6248696.00000     10598.39320 Case1_F079_NS 8
INLINE-  2147483647 2147483647    516178.06200   6248614.00000      8964.70193 Case1_F079_NS 9
INLINE-  2147483647 2147483647    516185.18800   6248619.50000      9374.17175 Case1_F079_NS 9
INLINE-  2147483647 2147483647    516222.78100   6248648.00000      9775.79355 Case1_F079_NS 9
INLINE-  2147483647 2147483647    516271.78100   6248685.50000     10164.83133 Case1_F079_NS 9
INLINE-  2147483647 2147483647    516326.56200   6248727.50000     10610.32122 Case1_F079_NS 9
INLINE-  2147483647 2147483647    516148.15600   6248638.50000      8964.17893 Case1_F079_NS 10
INLINE-  2147483647 2147483647    516158.71900   6248646.50000      9376.13475 Case1_F079_NS 10
INLINE-  2147483647 2147483647    516195.53100   6248674.50000      9781.82156 Case1_F079_NS 10
INLINE-  2147483647 2147483647    516245.06200   6248712.50000     10182.09036 Case1_F079_NS 10
INLINE-  2147483647 2147483647    516294.90600   6248750.50000     10582.19916 Case1_F079_NS 10
INLINE-  2147483647 2147483647    516116.18800   6248661.00000      8964.96793 Case1_F079_NS 11
INLINE-  2147483647 2147483647    516125.93800   6248668.50000      9252.87851 Case1_F079_NS 11
INLINE-  2147483647 2147483647    516137.50000   6248677.50000      9477.09895 Case1_F079_NS 11
INLINE-  2147483647 2147483647    516166.43800   6248699.50000      9782.13956 Case1_F079_NS 11
INLINE-  2147483647 2147483647    516208.25000   6248731.50000     10130.45526 Case1_F079_NS 11
INLINE-  2147483647 2147483647    516263.28100   6248773.50000     10548.70310 Case1_F079_NS 11
INLINE-  2147483647 2147483647    516075.71900   6248677.50000      8970.43394 Case1_F079_NS 12
INLINE-  2147483647 2147483647    516094.84400   6248692.00000      9287.16257 Case1_F079_NS 12
INLINE-  2147483647 2147483647    516119.90600   6248711.00000      9602.21520 Case1_F079_NS 12
INLINE-  2147483647 2147483647    516153.65600   6248737.00000      9914.13183 Case1_F079_NS 12
INLINE-  2147483647 2147483647    516193.56200   6248767.50000     10223.06745 Case1_F079_NS 12
INLINE-  2147483647 2147483647    516251.31200   6248811.50000     10565.47613 Case1_F079_NS 12
INLINE-  2147483647 2147483647    516033.21900   6248692.00000      8975.55795 Case1_F079_NS 13
INLINE-  2147483647 2147483647    516052.31200   6248706.50000      9177.80836 Case1_F079_NS 13
INLINE-  2147483647 2147483647    516066.50000   6248717.50000      9357.12771 Case1_F079_NS 13
INLINE-  2147483647 2147483647    516100.37500   6248743.50000      9693.79039 Case1_F079_NS 13
INLINE-  2147483647 2147483647    516143.12500   6248776.00000     10057.24111 Case1_F079_NS 13
INLINE-  2147483647 2147483647    516179.81200   6248804.00000     10301.00560 Case1_F079_NS 13
INLINE-  2147483647 2147483647    516219.34400   6248834.50000     10543.07209 Case1_F079_NS 13
INLINE-  2147483647 2147483647    515992.75000   6248708.00000      8971.64394 Case1_F079_NS 14
INLINE-  2147483647 2147483647    516026.93800   6248734.50000      9290.53258 Case1_F079_NS 14
INLINE-  2147483647 2147483647    516058.31200   6248758.50000      9610.72222 Case1_F079_NS 14
INLINE-  2147483647 2147483647    516092.53100   6248784.50000      9929.74186 Case1_F079_NS 14
INLINE-  2147483647 2147483647    516136.87500   6248818.50000     10243.56149 Case1_F079_NS 14
INLINE-  2147483647 2147483647    516186.06200   6248856.00000     10554.57611 Case1_F079_NS 14
INLINE-  2147483647 2147483647    515959.00000   6248729.50000      8973.32795 Case1_F079_NS 15
INLINE-  2147483647 2147483647    515985.78100   6248750.00000      9193.94839 Case1_F079_NS 15
INLINE-  2147483647 2147483647    516032.15600   6248785.50000      9644.05129 Case1_F079_NS 15
INLINE-  2147483647 2147483647    516067.06200   6248812.50000      9969.85694 Case1_F079_NS 15
INLINE-  2147483647 2147483647    516162.93800   6248885.50000     10600.43220 Case1_F079_NS 15
INLINE-  2147483647 2147483647    515940.87500   6248794.50000      9020.27504 Case1_F079_NS 16
INLINE-  2147483647 2147483647    515972.90600   6248819.00000      9368.88474 Case1_F079_NS 16
INLINE-  2147483647 2147483647    516025.25000   6248859.00000      9779.37856 Case1_F079_NS 16
INLINE-  2147483647 2147483647    516076.62500   6248898.50000     10185.02637 Case1_F079_NS 16
INLINE-  2147483647 2147483647    516144.46900   6248950.00000     10686.54837 Case1_F079_NS 16
