INLINE-  2147483647 2147483647    513007.28100   6250531.00000     10241.96148 Case2_F150_NS 1
INLINE-  2147483647 2147483647    512972.90600   6250504.50000     10481.54996 Case2_F150_NS 1
INLINE-  2147483647 2147483647    512939.18800   6250479.00000     10642.00328 Case2_F150_NS 1
INLINE-  2147483647 2147483647    512994.81200   6250568.50000     10247.85250 Case2_F150_NS 2
INLINE-  2147483647 2147483647    512965.75000   6250546.50000     10462.25292 Case2_F150_NS 2
INLINE-  2147483647 2147483647    512929.50000   6250518.50000     10672.00434 Case2_F150_NS 2
INLINE-  2147483647 2147483647    512972.28100   6250614.50000     10256.33951 Case2_F150_NS 3
INLINE-  2147483647 2147483647    512938.81200   6250588.50000     10511.85902 Case2_F150_NS 3
INLINE-  2147483647 2147483647    512909.09400   6250566.00000     10702.63841 Case2_F150_NS 3
INLINE-  2147483647 2147483647    512948.06200   6250627.00000     10278.45556 Case2_F150_NS 4
INLINE-  2147483647 2147483647    512929.75000   6250613.00000     10498.03100 Case2_F150_NS 4
INLINE-  2147483647 2147483647    512895.43800   6250587.00000     10723.72245 Case2_F150_NS 4
INLINE-  2147483647 2147483647    512935.87500   6250665.00000     10277.99256 Case2_F150_NS 5
INLINE-  2147483647 2147483647    512908.40600   6250644.00000     10517.00603 Case2_F150_NS 5
INLINE-  2147483647 2147483647    512872.78100   6250617.00000     10746.04249 Case2_F150_NS 5
INLINE-  2147483647 2147483647    512921.21900   6250701.00000     10261.53752 Case2_F150_NS 6
INLINE-  2147483647 2147483647    512892.18800   6250679.00000     10523.16005 Case2_F150_NS 6
INLINE-  2147483647 2147483647    512849.78100   6250646.50000     10777.32555 Case2_F150_NS 6
INLINE-  2147483647 2147483647    512916.46900   6250729.00000     10236.20147 Case2_F150_NS 7
INLINE-  2147483647 2147483647    512898.25000   6250715.00000     10432.77887 Case2_F150_NS 7
INLINE-  2147483647 2147483647    512869.50000   6250693.00000     10623.98525 Case2_F150_NS 7
INLINE-  2147483647 2147483647    512834.28100   6250666.00000     10810.94662 Case2_F150_NS 7
INLINE-  2147483647 2147483647    512912.37500   6250757.50000     10209.95242 Case2_F150_NS 8
INLINE-  2147483647 2147483647    512892.21900   6250742.00000     10431.88286 Case2_F150_NS 8
INLINE-  2147483647 2147483647    512859.71900   6250717.00000     10638.12628 Case2_F150_NS 8
INLINE-  2147483647 2147483647    512820.06200   6250686.50000     10839.36168 Case2_F150_NS 8
INLINE-  2147483647 2147483647    512896.40600   6250792.00000     10205.16841 Case2_F150_NS 9
INLINE-  2147483647 2147483647    512884.03100   6250783.00000     10367.34473 Case2_F150_NS 9
INLINE-  2147483647 2147483647    512863.46900   6250767.00000     10531.60506 Case2_F150_NS 9
INLINE-  2147483647 2147483647    512801.00000   6250719.00000     10856.90171 Case2_F150_NS 9
INLINE-  2147483647 2147483647    512879.53100   6250826.50000     10207.14741 Case2_F150_NS 10
INLINE-  2147483647 2147483647    512842.21900   6250798.00000     10540.40608 Case2_F150_NS 10
INLINE-  2147483647 2147483647    512792.96900   6250760.50000     10825.94565 Case2_F150_NS 10
INLINE-  2147483647 2147483647    512857.18800   6250856.50000     10164.63933 Case2_F150_NS 11
INLINE-  2147483647 2147483647    512837.93800   6250842.00000     10412.69283 Case2_F150_NS 11
INLINE-  2147483647 2147483647    512823.71900   6250831.00000     10537.36307 Case2_F150_NS 11
INLINE-  2147483647 2147483647    512787.28100   6250803.00000     10787.64058 Case2_F150_NS 11
INLINE-  2147483647 2147483647    512824.40600   6250879.00000     10235.15547 Case2_F150_NS 12
INLINE-  2147483647 2147483647    512822.62500   6250877.50000     10405.43081 Case2_F150_NS 12
INLINE-  2147483647 2147483647    512807.50000   6250866.00000     10591.93718 Case2_F150_NS 12
INLINE-  2147483647 2147483647    512779.59400   6250844.50000     10777.18355 Case2_F150_NS 12
INLINE-  2147483647 2147483647    512799.71900   6250907.00000     10331.28466 Case2_F150_NS 13
INLINE-  2147483647 2147483647    512790.09400   6250899.50000     10560.15812 Case2_F150_NS 13
INLINE-  2147483647 2147483647    512768.50000   6250883.00000     10819.37264 Case2_F150_NS 13
INLINE-  2147483647 2147483647    512739.68800   6250940.00000     10283.03657 Case2_F150_NS 14
INLINE-  2147483647 2147483647    512731.78100   6250934.00000     10557.92112 Case2_F150_NS 14
INLINE-  2147483647 2147483647    512721.62500   6250926.00000     10838.26368 Case2_F150_NS 14
INLINE-  2147483647 2147483647    512702.37500   6250974.00000     10320.73764 Case2_F150_NS 15
INLINE-  2147483647 2147483647    512690.34400   6250965.00000     10586.70117 Case2_F150_NS 15
INLINE-  2147483647 2147483647    512678.87500   6250956.50000     10848.37470 Case2_F150_NS 15
INLINE-  2147483647 2147483647    512664.40600   6251024.00000     10264.78653 Case2_F150_NS 16
INLINE-  2147483647 2147483647    512655.00000   6251016.50000     10553.05811 Case2_F150_NS 16
INLINE-  2147483647 2147483647    512643.18800   6251007.50000     10851.90670 Case2_F150_NS 16
