INLINE-  2147483647 2147483647    513769.53100   6249689.50000      9571.79614 Case1_F001_EW 1
INLINE-  2147483647 2147483647    513768.43800   6249691.00000      9833.68567 Case1_F001_EW 1
INLINE-  2147483647 2147483647    513764.78100   6249696.00000     10129.68026 Case1_F001_EW 1
INLINE-  2147483647 2147483647    513757.15600   6249706.00000     10419.01984 Case1_F001_EW 1
INLINE-  2147483647 2147483647    513726.62500   6249745.50000     10806.47361 Case1_F001_EW 1
INLINE-  2147483647 2147483647    513686.15600   6249798.50000     11208.66842 Case1_F001_EW 1
INLINE-  2147483647 2147483647    513642.25000   6249856.00000     11558.05612 Case1_F001_EW 1
INLINE-  2147483647 2147483647    513847.12500   6249711.50000      9580.09716 Case1_F001_EW 2
INLINE-  2147483647 2147483647    513845.43800   6249714.00000      9845.00869 Case1_F001_EW 2
INLINE-  2147483647 2147483647    513840.00000   6249721.00000     10046.34209 Case1_F001_EW 2
INLINE-  2147483647 2147483647    513833.46900   6249729.50000     10396.51979 Case1_F001_EW 2
INLINE-  2147483647 2147483647    513794.84400   6249780.00000     10806.15961 Case1_F001_EW 2
INLINE-  2147483647 2147483647    513766.71900   6249816.50000     10998.37400 Case1_F001_EW 2
INLINE-  2147483647 2147483647    513726.46900   6249869.50000     11330.29966 Case1_F001_EW 2
INLINE-  2147483647 2147483647    513941.46900   6249753.00000      9511.25302 Case1_F001_EW 3
INLINE-  2147483647 2147483647    513930.90600   6249766.50000      9841.98268 Case1_F001_EW 3
INLINE-  2147483647 2147483647    513913.93800   6249789.00000     10173.49535 Case1_F001_EW 3
INLINE-  2147483647 2147483647    513895.43800   6249813.00000     10514.67903 Case1_F001_EW 3
INLINE-  2147483647 2147483647    513873.56200   6249841.50000     10812.67563 Case1_F001_EW 3
INLINE-  2147483647 2147483647    513821.43800   6249910.00000     11205.08641 Case1_F001_EW 3
INLINE-  2147483647 2147483647    514005.18800   6249772.50000      9408.26582 Case1_F001_EW 4
INLINE-  2147483647 2147483647    513992.03100   6249789.50000      9708.39642 Case1_F001_EW 4
INLINE-  2147483647 2147483647    513976.53100   6249810.00000     10007.76302 Case1_F001_EW 4
INLINE-  2147483647 2147483647    513962.71900   6249828.00000     10307.74962 Case1_F001_EW 4
INLINE-  2147483647 2147483647    513946.50000   6249849.00000     10607.03721 Case1_F001_EW 4
INLINE-  2147483647 2147483647    513918.34400   6249886.00000     10899.54080 Case1_F001_EW 4
INLINE-  2147483647 2147483647    513873.75000   6249944.50000     11178.04936 Case1_F001_EW 4
INLINE-  2147483647 2147483647    514065.37500   6249796.50000      9294.90359 Case1_F001_EW 5
INLINE-  2147483647 2147483647    514056.43800   6249808.50000      9507.21501 Case1_F001_EW 5
INLINE-  2147483647 2147483647    514042.28100   6249827.00000      9743.22849 Case1_F001_EW 5
INLINE-  2147483647 2147483647    514024.06200   6249850.50000     10184.28537 Case1_F001_EW 5
INLINE-  2147483647 2147483647    514007.34400   6249872.50000     10510.43502 Case1_F001_EW 5
INLINE-  2147483647 2147483647    513981.25000   6249906.50000     10828.65666 Case1_F001_EW 5
INLINE-  2147483647 2147483647    513924.00000   6249981.50000     11169.97034 Case1_F001_EW 5
INLINE-  2147483647 2147483647    514115.25000   6249834.50000      9177.11235 Case1_F001_EW 6
INLINE-  2147483647 2147483647    514101.71900   6249852.00000      9516.72003 Case1_F001_EW 6
INLINE-  2147483647 2147483647    514085.43800   6249873.50000      9855.53271 Case1_F001_EW 6
INLINE-  2147483647 2147483647    514068.50000   6249895.50000     10194.11439 Case1_F001_EW 6
INLINE-  2147483647 2147483647    514049.06200   6249921.00000     10531.83606 Case1_F001_EW 6
INLINE-  2147483647 2147483647    514023.90600   6249954.00000     10866.27173 Case1_F001_EW 6
INLINE-  2147483647 2147483647    513974.50000   6250018.50000     11182.16936 Case1_F001_EW 6
INLINE-  2147483647 2147483647    514162.59400   6249875.50000      9062.10712 Case1_F001_EW 7
INLINE-  2147483647 2147483647    514154.00000   6249886.50000      9386.57177 Case1_F001_EW 7
INLINE-  2147483647 2147483647    514141.15600   6249903.50000      9709.79642 Case1_F001_EW 7
INLINE-  2147483647 2147483647    514116.78100   6249935.50000     10121.70824 Case1_F001_EW 7
INLINE-  2147483647 2147483647    514094.40600   6249964.50000     10470.03794 Case1_F001_EW 7
INLINE-  2147483647 2147483647    514076.03100   6249988.50000     10794.88859 Case1_F001_EW 7
INLINE-  2147483647 2147483647    514022.75000   6250058.00000     11192.87139 Case1_F001_EW 7
INLINE-  2147483647 2147483647    514208.06200   6249919.00000      8984.55797 Case1_F001_EW 8
INLINE-  2147483647 2147483647    514206.90600   6249920.50000      9389.17078 Case1_F001_EW 8
INLINE-  2147483647 2147483647    514194.96900   6249936.00000      9793.44259 Case1_F001_EW 8
INLINE-  2147483647 2147483647    514170.21900   6249968.00000     10117.66124 Case1_F001_EW 8
INLINE-  2147483647 2147483647    514139.50000   6250008.50000     10474.96995 Case1_F001_EW 8
INLINE-  2147483647 2147483647    514105.90600   6250052.50000     10829.96266 Case1_F001_EW 8
INLINE-  2147483647 2147483647    514059.59400   6250113.00000     11175.88935 Case1_F001_EW 8
INLINE-  2147483647 2147483647    514248.00000   6249969.50000      8991.89798 Case1_F001_EW 9
INLINE-  2147483647 2147483647    514252.56200   6249963.50000      9217.84044 Case1_F001_EW 9
INLINE-  2147483647 2147483647    514251.96900   6249964.50000      9427.87986 Case1_F001_EW 9
INLINE-  2147483647 2147483647    514242.21900   6249977.00000      9694.61239 Case1_F001_EW 9
INLINE-  2147483647 2147483647    514217.81200   6250009.00000     10120.97524 Case1_F001_EW 9
INLINE-  2147483647 2147483647    514146.28100   6250102.50000     10738.20348 Case1_F001_EW 9
INLINE-  2147483647 2147483647    514117.56200   6250140.00000     10951.54290 Case1_F001_EW 9
INLINE-  2147483647 2147483647    514088.00000   6250178.50000     11189.16338 Case1_F001_EW 9
INLINE-  2147483647 2147483647    514296.43800   6250009.00000      9066.70513 Case1_F001_EW 10
INLINE-  2147483647 2147483647    514290.34400   6250017.00000      9413.69083 Case1_F001_EW 10
INLINE-  2147483647 2147483647    514282.75000   6250027.00000      9633.86927 Case1_F001_EW 10
INLINE-  2147483647 2147483647    514261.59400   6250054.50000      9942.68989 Case1_F001_EW 10
INLINE-  2147483647 2147483647    514187.96900   6250150.50000     10389.27878 Case1_F001_EW 10
INLINE-  2147483647 2147483647    514141.31200   6250211.50000     10679.63836 Case1_F001_EW 10
INLINE-  2147483647 2147483647    514087.65600   6250282.00000     11018.61804 Case1_F001_EW 10
INLINE-  2147483647 2147483647    514027.93800   6250360.00000     11553.98211 Case1_F001_EW 10
INLINE-  2147483647 2147483647    514351.56200   6250019.00000      9092.84419 Case1_F001_EW 11
INLINE-  2147483647 2147483647    514324.12500   6250055.00000      9568.05214 Case1_F001_EW 11
INLINE-  2147483647 2147483647    514278.87500   6250114.00000      9989.48298 Case1_F001_EW 11
INLINE-  2147483647 2147483647    514208.59400   6250206.00000     10388.22578 Case1_F001_EW 11
INLINE-  2147483647 2147483647    514136.65600   6250300.00000     10784.82057 Case1_F001_EW 11
INLINE-  2147483647 2147483647    514070.53100   6250386.50000     11188.24538 Case1_F001_EW 11
INLINE-  2147483647 2147483647    514011.18800   6250464.00000     11598.25920 Case1_F001_EW 11
INLINE-  2147483647 2147483647    514410.84400   6250024.00000      9183.79637 Case1_F001_EW 12
INLINE-  2147483647 2147483647    514359.31200   6250091.50000      9630.64626 Case1_F001_EW 12
INLINE-  2147483647 2147483647    514295.15600   6250175.00000     10014.05303 Case1_F001_EW 12
INLINE-  2147483647 2147483647    514226.84400   6250264.50000     10389.80578 Case1_F001_EW 12
INLINE-  2147483647 2147483647    514147.75000   6250368.00000     10782.30256 Case1_F001_EW 12
INLINE-  2147483647 2147483647    514072.37500   6250466.50000     11190.08138 Case1_F001_EW 12
INLINE-  2147483647 2147483647    513991.71900   6250571.50000     11607.64622 Case1_F001_EW 12
INLINE-  2147483647 2147483647    514443.68800   6250063.50000      9110.26022 Case1_F001_EW 13
INLINE-  2147483647 2147483647    514402.68800   6250117.00000      9559.00612 Case1_F001_EW 13
INLINE-  2147483647 2147483647    514327.90600   6250214.50000      9981.22996 Case1_F001_EW 13
INLINE-  2147483647 2147483647    514247.50000   6250319.50000     10396.14779 Case1_F001_EW 13
INLINE-  2147483647 2147483647    514163.40600   6250429.50000     10805.96861 Case1_F001_EW 13
INLINE-  2147483647 2147483647    514079.84400   6250539.00000     11216.40943 Case1_F001_EW 13
INLINE-  2147483647 2147483647    513992.62500   6250653.00000     11621.60224 Case1_F001_EW 13
INLINE-  2147483647 2147483647    514519.09400   6250067.50000      8954.02091 Case1_F001_EW 14
INLINE-  2147483647 2147483647    514475.28100   6250125.00000      9363.14973 Case1_F001_EW 14
INLINE-  2147483647 2147483647    514408.18800   6250212.50000      9775.24955 Case1_F001_EW 14
INLINE-  2147483647 2147483647    514297.18800   6250357.50000     10331.10066 Case1_F001_EW 14
INLINE-  2147483647 2147483647    514217.50000   6250462.00000     10714.17943 Case1_F001_EW 14
INLINE-  2147483647 2147483647    514117.75000   6250592.00000     11160.85232 Case1_F001_EW 14
INLINE-  2147483647 2147483647    514010.15600   6250732.50000     11620.42124 Case1_F001_EW 14
INLINE-  2147483647 2147483647    514588.65600   6250100.00000      8957.73092 Case1_F001_EW 15
INLINE-  2147483647 2147483647    514527.81200   6250179.50000      9423.45485 Case1_F001_EW 15
INLINE-  2147483647 2147483647    514447.62500   6250284.50000      9868.81074 Case1_F001_EW 15
INLINE-  2147483647 2147483647    514359.40600   6250400.00000     10303.61261 Case1_F001_EW 15
INLINE-  2147483647 2147483647    514266.75000   6250521.00000     10731.85146 Case1_F001_EW 15
INLINE-  2147483647 2147483647    514165.12500   6250653.50000     11145.66029 Case1_F001_EW 15
INLINE-  2147483647 2147483647    514065.71900   6250783.50000     11563.26513 Case1_F001_EW 15
INLINE-  2147483647 2147483647    514654.75000   6250137.50000      9000.96700 Case1_F001_EW 16
INLINE-  2147483647 2147483647    514594.37500   6250216.00000      9407.94482 Case1_F001_EW 16
INLINE-  2147483647 2147483647    514524.50000   6250307.50000      9786.20157 Case1_F001_EW 16
INLINE-  2147483647 2147483647    514416.31200   6250449.00000     10331.10066 Case1_F001_EW 16
INLINE-  2147483647 2147483647    514330.31200   6250561.00000     10709.28942 Case1_F001_EW 16
INLINE-  2147483647 2147483647    514237.59400   6250682.50000     11049.10210 Case1_F001_EW 16
INLINE-  2147483647 2147483647    514180.93800   6250756.50000     11283.00657 Case1_F001_EW 16
INLINE-  2147483647 2147483647    514123.00000   6250832.00000     11512.58103 Case1_F001_EW 16
INLINE-  2147483647 2147483647    514694.93800   6250167.00000      9004.17101 Case1_F001_EW 17
INLINE-  2147483647 2147483647    514639.31200   6250239.50000      9397.90180 Case1_F001_EW 17
INLINE-  2147483647 2147483647    514569.59400   6250331.00000      9775.75955 Case1_F001_EW 17
INLINE-  2147483647 2147483647    514499.21900   6250423.00000     10152.86231 Case1_F001_EW 17
INLINE-  2147483647 2147483647    514421.03100   6250525.00000     10518.96404 Case1_F001_EW 17
INLINE-  2147483647 2147483647    514329.56200   6250644.50000     10862.89673 Case1_F001_EW 17
INLINE-  2147483647 2147483647    514232.53100   6250771.50000     11196.20439 Case1_F001_EW 17
INLINE-  2147483647 2147483647    514137.12500   6250896.00000     11532.54607 Case1_F001_EW 17
INLINE-  2147483647 2147483647    514744.09400   6250205.50000      9000.96700 Case1_F001_EW 18
INLINE-  2147483647 2147483647    514687.71900   6250279.50000      9419.82584 Case1_F001_EW 18
INLINE-  2147483647 2147483647    514618.06200   6250370.50000      9793.12859 Case1_F001_EW 18
INLINE-  2147483647 2147483647    514520.12500   6250498.50000     10326.11365 Case1_F001_EW 18
INLINE-  2147483647 2147483647    514425.96900   6250621.50000     10714.17943 Case1_F001_EW 18
INLINE-  2147483647 2147483647    514308.65600   6250774.50000     11095.94719 Case1_F001_EW 18
INLINE-  2147483647 2147483647    514245.56200   6250857.00000     11297.32959 Case1_F001_EW 18
INLINE-  2147483647 2147483647    514157.40600   6250972.50000     11574.53515 Case1_F001_EW 18
INLINE-  2147483647 2147483647    514803.65600   6250251.00000      9000.96700 Case1_F001_EW 19
INLINE-  2147483647 2147483647    514742.56200   6250331.00000      9428.16686 Case1_F001_EW 19
INLINE-  2147483647 2147483647    514663.78100   6250434.00000      9834.87367 Case1_F001_EW 19
INLINE-  2147483647 2147483647    514589.71900   6250531.00000     10247.79150 Case1_F001_EW 19
INLINE-  2147483647 2147483647    514505.28100   6250641.00000     10646.35729 Case1_F001_EW 19
INLINE-  2147483647 2147483647    514398.21900   6250781.00000     11005.35801 Case1_F001_EW 19
INLINE-  2147483647 2147483647    514283.68800   6250930.50000     11348.19270 Case1_F001_EW 19
INLINE-  2147483647 2147483647    514168.81200   6251081.00000     11690.19338 Case1_F001_EW 19
INLINE-  2147483647 2147483647    514863.21900   6250297.00000      9000.96700 Case1_F001_EW 20
INLINE-  2147483647 2147483647    514799.62500   6250380.00000      9418.32984 Case1_F001_EW 20
INLINE-  2147483647 2147483647    514728.84400   6250472.50000      9766.68953 Case1_F001_EW 20
INLINE-  2147483647 2147483647    514624.78100   6250608.50000     10331.10066 Case1_F001_EW 20
INLINE-  2147483647 2147483647    514545.09400   6250712.50000     10714.17943 Case1_F001_EW 20
INLINE-  2147483647 2147483647    514427.78100   6250866.00000     11095.94719 Case1_F001_EW 20
INLINE-  2147483647 2147483647    514286.81200   6251050.00000     11507.05601 Case1_F001_EW 20
INLINE-  2147483647 2147483647    514180.90600   6251188.50000     11817.05163 Case1_F001_EW 20
INLINE-  2147483647 2147483647    514912.84400   6250335.00000      9000.96700 Case1_F001_EW 21
INLINE-  2147483647 2147483647    514840.25000   6250429.50000      9463.93093 Case1_F001_EW 21
INLINE-  2147483647 2147483647    514751.46900   6250545.50000      9907.08081 Case1_F001_EW 21
INLINE-  2147483647 2147483647    514667.00000   6250656.00000     10355.78071 Case1_F001_EW 21
INLINE-  2147483647 2147483647    514565.37500   6250789.00000     10778.76156 Case1_F001_EW 21
INLINE-  2147483647 2147483647    514445.84400   6250945.00000     11168.53434 Case1_F001_EW 21
INLINE-  2147483647 2147483647    514319.50000   6251110.00000     11543.12809 Case1_F001_EW 21
INLINE-  2147483647 2147483647    514192.37500   6251276.00000     11915.92683 Case1_F001_EW 21
INLINE-  2147483647 2147483647    514962.46900   6250373.00000      9000.96700 Case1_F001_EW 22
INLINE-  2147483647 2147483647    514898.90600   6250456.00000      9418.32984 Case1_F001_EW 22
INLINE-  2147483647 2147483647    514828.12500   6250548.50000      9766.68953 Case1_F001_EW 22
INLINE-  2147483647 2147483647    514724.06200   6250684.50000     10331.10066 Case1_F001_EW 22
INLINE-  2147483647 2147483647    514622.37500   6250817.00000     10690.04838 Case1_F001_EW 22
INLINE-  2147483647 2147483647    514512.81200   6250960.50000     11073.75215 Case1_F001_EW 22
INLINE-  2147483647 2147483647    514204.25000   6251363.50000     12014.89703 Case1_F001_EW 22
