INLINE-  2147483647 2147483647    516460.12500   6251069.00000      9968.68994 Case1_F020_EW 1
INLINE-  2147483647 2147483647    516444.12500   6251090.00000     10268.82054 Case1_F020_EW 1
INLINE-  2147483647 2147483647    516441.81200   6251093.00000     10536.12107 Case1_F020_EW 1
INLINE-  2147483647 2147483647    516422.75000   6251118.00000     10790.12158 Case1_F020_EW 1
INLINE-  2147483647 2147483647    516353.00000   6251209.00000     11209.12242 Case1_F020_EW 1
INLINE-  2147483647 2147483647    516454.71900   6251035.00000      9989.73998 Case1_F020_EW 2
INLINE-  2147483647 2147483647    516438.68800   6251056.00000     10292.22058 Case1_F020_EW 2
INLINE-  2147483647 2147483647    516431.06200   6251066.00000     10596.92119 Case1_F020_EW 2
INLINE-  2147483647 2147483647    516404.59400   6251100.50000     10893.92179 Case1_F020_EW 2
INLINE-  2147483647 2147483647    516368.71900   6251147.50000     11184.02237 Case1_F020_EW 2
INLINE-  2147483647 2147483647    516440.06200   6250992.50000     10007.52002 Case1_F020_EW 3
INLINE-  2147483647 2147483647    516424.06200   6251013.50000     10291.32058 Case1_F020_EW 3
INLINE-  2147483647 2147483647    516414.37500   6251026.00000     10576.92115 Case1_F020_EW 3
INLINE-  2147483647 2147483647    516394.53100   6251052.00000     10858.32172 Case1_F020_EW 3
INLINE-  2147483647 2147483647    516373.15600   6251080.00000     11156.12231 Case1_F020_EW 3
INLINE-  2147483647 2147483647    516434.62500   6250958.50000     10017.02003 Case1_F020_EW 4
INLINE-  2147483647 2147483647    516417.84400   6250980.50000     10295.42059 Case1_F020_EW 4
INLINE-  2147483647 2147483647    516405.87500   6250996.00000     10575.22115 Case1_F020_EW 4
INLINE-  2147483647 2147483647    516389.84400   6251017.00000     10853.82171 Case1_F020_EW 4
INLINE-  2147483647 2147483647    516371.53100   6251041.00000     11131.32226 Case1_F020_EW 4
INLINE-  2147483647 2147483647    516418.43800   6250918.00000     10011.72002 Case1_F020_EW 5
INLINE-  2147483647 2147483647    516402.65600   6250938.50000     10281.12056 Case1_F020_EW 5
INLINE-  2147483647 2147483647    516388.90600   6250956.50000     10548.82110 Case1_F020_EW 5
INLINE-  2147483647 2147483647    516377.46900   6250971.50000     10792.32158 Case1_F020_EW 5
INLINE-  2147483647 2147483647    516356.34400   6250999.00000     11106.62221 Case1_F020_EW 5
INLINE-  2147483647 2147483647    516410.15600   6250887.50000      9971.24994 Case1_F020_EW 6
INLINE-  2147483647 2147483647    516399.46900   6250901.50000     10253.52051 Case1_F020_EW 6
INLINE-  2147483647 2147483647    516382.68800   6250923.50000     10533.62107 Case1_F020_EW 6
INLINE-  2147483647 2147483647    516365.87500   6250945.50000     10813.62163 Case1_F020_EW 6
INLINE-  2147483647 2147483647    516345.53100   6250972.00000     11092.12218 Case1_F020_EW 6
INLINE-  2147483647 2147483647    516390.96900   6250851.00000      9929.55986 Case1_F020_EW 7
INLINE-  2147483647 2147483647    516385.62500   6250858.00000     10256.82051 Case1_F020_EW 7
INLINE-  2147483647 2147483647    516365.03100   6250885.00000     10554.72111 Case1_F020_EW 7
INLINE-  2147483647 2147483647    516334.75000   6250924.50000     10910.72182 Case1_F020_EW 7
INLINE-  2147483647 2147483647    516317.93800   6250946.50000     11087.12217 Case1_F020_EW 7
INLINE-  2147483647 2147483647    516371.75000   6250814.50000      9917.86984 Case1_F020_EW 8
INLINE-  2147483647 2147483647    516371.75000   6250814.50000     10246.02049 Case1_F020_EW 8
INLINE-  2147483647 2147483647    516352.15600   6250840.00000     10552.62111 Case1_F020_EW 8
INLINE-  2147483647 2147483647    516313.25000   6250891.00000     10846.22169 Case1_F020_EW 8
INLINE-  2147483647 2147483647    516264.62500   6250954.50000     11125.22225 Case1_F020_EW 8
INLINE-  2147483647 2147483647    516362.46900   6250785.50000      9929.82986 Case1_F020_EW 9
INLINE-  2147483647 2147483647    516365.53100   6250781.50000     10113.72023 Case1_F020_EW 9
INLINE-  2147483647 2147483647    516361.68800   6250786.50000     10303.92061 Case1_F020_EW 9
INLINE-  2147483647 2147483647    516340.56200   6250814.00000     10594.22119 Case1_F020_EW 9
INLINE-  2147483647 2147483647    516302.65600   6250863.50000     10828.02166 Case1_F020_EW 9
INLINE-  2147483647 2147483647    516269.84400   6250906.50000     11037.12207 Case1_F020_EW 9
INLINE-  2147483647 2147483647    516210.03100   6250984.50000     11142.32228 Case1_F020_EW 9
INLINE-  2147483647 2147483647    516342.68800   6250770.00000      9860.02972 Case1_F020_EW 10
INLINE-  2147483647 2147483647    516344.96900   6250767.00000     10073.22015 Case1_F020_EW 10
INLINE-  2147483647 2147483647    516338.87500   6250775.00000     10318.82064 Case1_F020_EW 10
INLINE-  2147483647 2147483647    516328.18800   6250789.00000     10508.22102 Case1_F020_EW 10
INLINE-  2147483647 2147483647    516297.90600   6250828.50000     10720.32144 Case1_F020_EW 10
INLINE-  2147483647 2147483647    516256.18800   6250883.00000     10918.92184 Case1_F020_EW 10
INLINE-  2147483647 2147483647    516189.25000   6250970.50000     11060.12212 Case1_F020_EW 10
INLINE-  2147483647 2147483647    516318.21900   6250740.50000      9731.96946 Case1_F020_EW 11
INLINE-  2147483647 2147483647    516321.28100   6250736.50000      9860.81972 Case1_F020_EW 11
INLINE-  2147483647 2147483647    516321.28100   6250736.50000     10079.52016 Case1_F020_EW 11
INLINE-  2147483647 2147483647    516310.59400   6250750.50000     10306.22061 Case1_F020_EW 11
INLINE-  2147483647 2147483647    516285.62500   6250783.00000     10577.32115 Case1_F020_EW 11
INLINE-  2147483647 2147483647    516237.81200   6250845.50000     10784.02157 Case1_F020_EW 11
INLINE-  2147483647 2147483647    516164.03100   6250942.00000     10978.42196 Case1_F020_EW 11
INLINE-  2147483647 2147483647    516290.00000   6250715.50000      9717.73944 Case1_F020_EW 12
INLINE-  2147483647 2147483647    516290.78100   6250714.50000      9952.01990 Case1_F020_EW 12
INLINE-  2147483647 2147483647    516281.59400   6250726.50000     10185.22037 Case1_F020_EW 12
INLINE-  2147483647 2147483647    516266.34400   6250746.50000     10416.22083 Case1_F020_EW 12
INLINE-  2147483647 2147483647    516237.59400   6250784.00000     10637.92128 Case1_F020_EW 12
INLINE-  2147483647 2147483647    516189.75000   6250846.50000     10833.92167 Case1_F020_EW 12
INLINE-  2147483647 2147483647    516128.18800   6250927.00000     11002.72201 Case1_F020_EW 12
INLINE-  2147483647 2147483647    516254.15600   6250680.00000      9716.59943 Case1_F020_EW 13
INLINE-  2147483647 2147483647    516250.34400   6250685.00000      9931.34986 Case1_F020_EW 13
INLINE-  2147483647 2147483647    516238.87500   6250700.00000     10149.82030 Case1_F020_EW 13
INLINE-  2147483647 2147483647    516222.09400   6250722.00000     10384.12077 Case1_F020_EW 13
INLINE-  2147483647 2147483647    516200.96900   6250749.50000     10562.72113 Case1_F020_EW 13
INLINE-  2147483647 2147483647    516160.50000   6250802.50000     10769.92154 Case1_F020_EW 13
INLINE-  2147483647 2147483647    516091.56200   6250892.50000     11025.52205 Case1_F020_EW 13
INLINE-  2147483647 2147483647    516225.71900   6250635.00000      9692.33938 Case1_F020_EW 14
INLINE-  2147483647 2147483647    516218.06200   6250645.00000      9889.66978 Case1_F020_EW 14
INLINE-  2147483647 2147483647    516205.34400   6250661.50000     10119.42024 Case1_F020_EW 14
INLINE-  2147483647 2147483647    516182.43800   6250691.50000     10341.52068 Case1_F020_EW 14
INLINE-  2147483647 2147483647    516150.62500   6250733.00000     10555.72111 Case1_F020_EW 14
INLINE-  2147483647 2147483647    516107.90600   6250789.00000     10757.02151 Case1_F020_EW 14
INLINE-  2147483647 2147483647    516051.90600   6250862.00000     10935.42187 Case1_F020_EW 14
INLINE-  2147483647 2147483647    516224.78100   6250554.00000      9646.60929 Case1_F020_EW 15
INLINE-  2147483647 2147483647    516191.43800   6250597.50000      9929.44986 Case1_F020_EW 15
INLINE-  2147483647 2147483647    516163.96900   6250633.50000     10179.42036 Case1_F020_EW 15
INLINE-  2147483647 2147483647    516084.31200   6250737.50000     10641.02128 Case1_F020_EW 15
INLINE-  2147483647 2147483647    516020.43800   6250821.00000     10836.02167 Case1_F020_EW 15
