INLINE-  2147483647 2147483647    512250.56200   6255027.00000      9671.45134 Case2_F015_NS 1
INLINE-  2147483647 2147483647    512222.93800   6255063.00000      9807.55062 Case2_F015_NS 1
INLINE-  2147483647 2147483647    512190.56200   6255105.50000     10015.67103 Case2_F015_NS 1
INLINE-  2147483647 2147483647    512159.37500   6255146.00000     10198.30740 Case2_F015_NS 1
INLINE-  2147483647 2147483647    512131.59400   6255182.50000     10434.95187 Case2_F015_NS 1
INLINE-  2147483647 2147483647    512291.93800   6255055.00000      9685.32737 Case2_F015_NS 2
INLINE-  2147483647 2147483647    512259.00000   6255098.00000      9893.19179 Case2_F015_NS 2
INLINE-  2147483647 2147483647    512233.84400   6255131.00000     10247.36949 Case2_F015_NS 2
INLINE-  2147483647 2147483647    512210.34400   6255162.00000     10685.97037 Case2_F015_NS 2
INLINE-  2147483647 2147483647    512164.03100   6255222.50000     11075.70715 Case2_F015_NS 2
INLINE-  2147483647 2147483647    512335.03100   6255081.00000      9713.38843 Case2_F015_NS 3
INLINE-  2147483647 2147483647    512308.37500   6255116.00000     10063.56513 Case2_F015_NS 3
INLINE-  2147483647 2147483647    512296.28100   6255132.00000     10421.34284 Case2_F015_NS 3
INLINE-  2147483647 2147483647    512274.96900   6255159.50000     10776.05855 Case2_F015_NS 3
INLINE-  2147483647 2147483647    512235.87500   6255211.00000     11120.31924 Case2_F015_NS 3
INLINE-  2147483647 2147483647    512368.71900   6255099.00000      9745.76549 Case2_F015_NS 4
INLINE-  2147483647 2147483647    512367.34400   6255100.50000      9890.93178 Case2_F015_NS 4
INLINE-  2147483647 2147483647    512367.40600   6255100.50000     10257.12751 Case2_F015_NS 4
INLINE-  2147483647 2147483647    512367.25000   6255101.00000     10485.63797 Case2_F015_NS 4
INLINE-  2147483647 2147483647    512346.28100   6255128.00000     10776.75355 Case2_F015_NS 4
INLINE-  2147483647 2147483647    512334.40600   6255143.50000     10871.53974 Case2_F015_NS 4
INLINE-  2147483647 2147483647    512318.81200   6255164.00000     11074.78215 Case2_F015_NS 4
