INLINE-  2147483647 2147483647    516208.96900   6246173.00000      9174.39835 Case1_F138_EW 1
INLINE-  2147483647 2147483647    516232.40600   6246142.50000      9904.28981 Case1_F138_EW 1
INLINE-  2147483647 2147483647    516151.50000   6246124.50000      9226.55845 Case1_F138_EW 2
INLINE-  2147483647 2147483647    516153.78100   6246121.50000      9772.58955 Case1_F138_EW 2
INLINE-  2147483647 2147483647    516216.12500   6246040.00000     10392.52079 Case1_F138_EW 2
INLINE-  2147483647 2147483647    516094.37500   6246076.00000      9278.72856 Case1_F138_EW 3
INLINE-  2147483647 2147483647    516100.46900   6246068.00000      9820.76964 Case1_F138_EW 3
INLINE-  2147483647 2147483647    516143.00000   6246012.50000     10355.42071 Case1_F138_EW 3
INLINE-  2147483647 2147483647    516221.87500   6245909.50000     10896.52179 Case1_F138_EW 3
INLINE-  2147483647 2147483647    516030.18800   6246036.50000      9326.25865 Case1_F138_EW 4
INLINE-  2147483647 2147483647    516045.43800   6246016.50000      9890.36978 Case1_F138_EW 4
INLINE-  2147483647 2147483647    516095.56200   6245951.00000     10445.02089 Case1_F138_EW 4
INLINE-  2147483647 2147483647    516150.28100   6245879.50000     10997.22199 Case1_F138_EW 4
INLINE-  2147483647 2147483647    516198.87500   6245816.00000     11301.02260 Case1_F138_EW 4
INLINE-  2147483647 2147483647    515966.15600   6245997.00000      9373.78875 Case1_F138_EW 5
INLINE-  2147483647 2147483647    515987.53100   6245969.00000      9915.86983 Case1_F138_EW 5
INLINE-  2147483647 2147483647    516065.65600   6245867.00000     10703.82041 Case1_F138_EW 5
INLINE-  2147483647 2147483647    516150.87500   6245755.50000     11549.92310 Case1_F138_EW 5
INLINE-  2147483647 2147483647    515905.09400   6245953.00000      9360.77872 Case1_F138_EW 6
INLINE-  2147483647 2147483647    515910.43800   6245946.00000      9885.23977 Case1_F138_EW 6
INLINE-  2147483647 2147483647    515972.53100   6245865.00000     10652.72131 Case1_F138_EW 6
INLINE-  2147483647 2147483647    516041.75000   6245774.50000     11349.82270 Case1_F138_EW 6
INLINE-  2147483647 2147483647    516129.81200   6245659.50000     12014.22403 Case1_F138_EW 6
INLINE-  2147483647 2147483647    515843.96900   6245909.50000      9347.75870 Case1_F138_EW 7
INLINE-  2147483647 2147483647    515835.56200   6245920.50000      9942.70989 Case1_F138_EW 7
INLINE-  2147483647 2147483647    515898.65600   6245838.00000     10818.32164 Case1_F138_EW 7
INLINE-  2147483647 2147483647    515962.53100   6245754.50000     11340.22268 Case1_F138_EW 7
INLINE-  2147483647 2147483647    516083.90600   6245596.00000     12259.92452 Case1_F138_EW 7
INLINE-  2147483647 2147483647    515790.59400   6245876.50000      9307.04861 Case1_F138_EW 8
INLINE-  2147483647 2147483647    515783.71900   6245885.50000      9845.14969 Case1_F138_EW 8
INLINE-  2147483647 2147483647    515832.31200   6245822.00000     10637.62128 Case1_F138_EW 8
INLINE-  2147483647 2147483647    515883.96900   6245754.50000     11112.12222 Case1_F138_EW 8
INLINE-  2147483647 2147483647    515931.03100   6245693.00000     11603.12321 Case1_F138_EW 8
INLINE-  2147483647 2147483647    516013.75000   6245585.00000     12214.72443 Case1_F138_EW 8
INLINE-  2147483647 2147483647    515737.87500   6245842.50000      9266.33853 Case1_F138_EW 9
INLINE-  2147483647 2147483647    515731.00000   6245851.50000      9746.29849 Case1_F138_EW 9
INLINE-  2147483647 2147483647    515765.87500   6245806.00000     10456.82091 Case1_F138_EW 9
INLINE-  2147483647 2147483647    515805.56200   6245754.00000     10884.92177 Case1_F138_EW 9
INLINE-  2147483647 2147483647    515846.53100   6245700.50000     11323.72265 Case1_F138_EW 9
INLINE-  2147483647 2147483647    515925.40600   6245597.50000     11864.12373 Case1_F138_EW 9
INLINE-  2147483647 2147483647    515650.90600   6245791.50000      9184.90837 Case1_F138_EW 10
INLINE-  2147483647 2147483647    515650.12500   6245792.50000      9974.59995 Case1_F138_EW 10
INLINE-  2147483647 2147483647    515690.34400   6245740.00000     10710.12142 Case1_F138_EW 10
INLINE-  2147483647 2147483647    515768.46900   6245638.00000     11162.72233 Case1_F138_EW 10
INLINE-  2147483647 2147483647    515582.21900   6245778.50000      9365.18873 Case1_F138_EW 11
INLINE-  2147483647 2147483647    515589.09400   6245769.50000      9975.17995 Case1_F138_EW 11
INLINE-  2147483647 2147483647    515626.25000   6245721.00000     10796.12159 Case1_F138_EW 11
INLINE-  2147483647 2147483647    515536.40600   6245756.00000      9535.23907 Case1_F138_EW 12
INLINE-  2147483647 2147483647    515546.34400   6245743.00000      9994.99999 Case1_F138_EW 12
INLINE-  2147483647 2147483647    515594.93800   6245679.50000     10599.72120 Case1_F138_EW 12
