INLINE-  2147483647 2147483647    516048.65600   6246958.50000      8577.54616 Case1_F116_EW 1
INLINE-  2147483647 2147483647    516047.12500   6246960.50000      9363.81773 Case1_F116_EW 1
INLINE-  2147483647 2147483647    516089.59400   6246905.00000      9904.52981 Case1_F116_EW 1
INLINE-  2147483647 2147483647    516141.28100   6246837.50000     10239.02048 Case1_F116_EW 1
INLINE-  2147483647 2147483647    516233.87500   6246716.50000     10315.82063 Case1_F116_EW 1
INLINE-  2147483647 2147483647    516340.25000   6246577.50000     10463.72093 Case1_F116_EW 1
INLINE-  2147483647 2147483647    516457.31200   6246424.50000     10629.82126 Case1_F116_EW 1
INLINE-  2147483647 2147483647    515996.71875   6246923.50000      8579.28669 Case1_F116_EW 2
INLINE-  2147483647 2147483647    516005.12500   6246912.50000      9388.70921 Case1_F116_EW 2
INLINE-  2147483647 2147483647    516039.93750   6246867.00000      9904.52957 Case1_F116_EW 2
INLINE-  2147483647 2147483647    516060.56250   6246840.00000     10044.02009 Case1_F116_EW 2
INLINE-  2147483647 2147483647    516102.31250   6246785.50000     10188.32018 Case1_F116_EW 2
INLINE-  2147483647 2147483647    516184.21875   6246678.50000     10315.82044 Case1_F116_EW 2
INLINE-  2147483647 2147483647    516290.59375   6246539.50000     10463.72112 Case1_F116_EW 2
INLINE-  2147483647 2147483647    516407.65625   6246386.50000     10629.82106 Case1_F116_EW 2
INLINE-  2147483647 2147483647    516461.15625   6246316.50000     10692.02138 Case1_F116_EW 2
INLINE-  2147483647 2147483647    515944.78100   6246888.50000      8682.66737 Case1_F116_EW 3
INLINE-  2147483647 2147483647    515951.65600   6246879.50000      9350.40870 Case1_F116_EW 3
INLINE-  2147483647 2147483647    515990.34400   6246829.00000      9904.52981 Case1_F116_EW 3
INLINE-  2147483647 2147483647    516058.03100   6246740.50000     10183.42037 Case1_F116_EW 3
INLINE-  2147483647 2147483647    516134.62500   6246640.50000     10315.82063 Case1_F116_EW 3
INLINE-  2147483647 2147483647    516240.96900   6246501.50000     10463.72093 Case1_F116_EW 3
INLINE-  2147483647 2147483647    516358.03100   6246348.50000     10629.82126 Case1_F116_EW 3
INLINE-  2147483647 2147483647    515895.90600   6246849.50000      8691.75738 Case1_F116_EW 4
INLINE-  2147483647 2147483647    515909.65600   6246831.50000      9387.21877 Case1_F116_EW 4
INLINE-  2147483647 2147483647    515940.68800   6246791.00000      9904.52981 Case1_F116_EW 4
INLINE-  2147483647 2147483647    516008.37500   6246702.50000     10183.42037 Case1_F116_EW 4
INLINE-  2147483647 2147483647    516084.96900   6246602.50000     10315.82063 Case1_F116_EW 4
INLINE-  2147483647 2147483647    516191.34400   6246463.50000     10463.72093 Case1_F116_EW 4
INLINE-  2147483647 2147483647    516308.37500   6246310.50000     10629.82126 Case1_F116_EW 4
INLINE-  2147483647 2147483647    515834.84400   6246826.50000      8724.18745 Case1_F116_EW 5
INLINE-  2147483647 2147483647    515840.18800   6246819.50000      9288.20858 Case1_F116_EW 5
INLINE-  2147483647 2147483647    515891.09400   6246753.00000      9904.52981 Case1_F116_EW 5
INLINE-  2147483647 2147483647    515958.75000   6246664.50000     10183.42037 Case1_F116_EW 5
INLINE-  2147483647 2147483647    516035.34400   6246564.50000     10315.82063 Case1_F116_EW 5
INLINE-  2147483647 2147483647    516141.71900   6246425.50000     10463.72093 Case1_F116_EW 5
INLINE-  2147483647 2147483647    516318.06200   6246195.00000     10656.52131 Case1_F116_EW 5
INLINE-  2147483647 2147483647    515771.50000   6246806.50000      8955.26791 Case1_F116_EW 6
INLINE-  2147483647 2147483647    515790.56200   6246781.50000      9288.20858 Case1_F116_EW 6
INLINE-  2147483647 2147483647    515841.43800   6246715.00000      9904.52981 Case1_F116_EW 6
INLINE-  2147483647 2147483647    515909.12500   6246626.50000     10183.42037 Case1_F116_EW 6
INLINE-  2147483647 2147483647    515985.75000   6246526.50000     10315.82063 Case1_F116_EW 6
INLINE-  2147483647 2147483647    516092.09400   6246387.50000     10463.72093 Case1_F116_EW 6
INLINE-  2147483647 2147483647    516268.43800   6246157.00000     10656.52131 Case1_F116_EW 6
