INLINE-  2147483647 2147483647    516976.50000   6245904.50000      9240.68840 Case1_F149_NS_A18E 1
INLINE-  2147483647 2147483647    516917.62500   6245859.50000      9488.74945 Case1_F149_NS_A18E 1
INLINE-  2147483647 2147483647    516848.53125   6245806.50000      9751.25974 Case1_F149_NS_A18E 1
INLINE-  2147483647 2147483647    516779.93750   6245754.00000      9989.55025 Case1_F149_NS_A18E 1
INLINE-  2147483647 2147483647    516704.09375   6245696.00000     10237.82028 Case1_F149_NS_A18E 1
INLINE-  2147483647 2147483647    516965.81250   6245943.50000      9153.84839 Case1_F149_NS_A18E 2
INLINE-  2147483647 2147483647    516931.96875   6245917.50000      9338.80872 Case1_F149_NS_A18E 2
INLINE-  2147483647 2147483647    516856.71875   6245860.00000      9671.04962 Case1_F149_NS_A18E 2
INLINE-  2147483647 2147483647    516725.00000   6245759.00000     10109.82002 Case1_F149_NS_A18E 2
INLINE-  2147483647 2147483647    516671.18750   6245718.00000     10278.42095 Case1_F149_NS_A18E 2
INLINE-  2147483647 2147483647    516935.09375   6245998.50000      9117.90788 Case1_F149_NS_A18E 3
INLINE-  2147483647 2147483647    516900.65625   6245972.50000      9308.26862 Case1_F149_NS_A18E 3
INLINE-  2147483647 2147483647    516812.59375   6245905.00000      9703.89929 Case1_F149_NS_A18E 3
INLINE-  2147483647 2147483647    516749.34375   6245856.50000      9924.17024 Case1_F149_NS_A18E 3
INLINE-  2147483647 2147483647    516690.59375   6245811.50000     10095.42058 Case1_F149_NS_A18E 3
INLINE-  2147483647 2147483647    516623.00000   6245760.00000     10326.82046 Case1_F149_NS_A18E 3
INLINE-  2147483647 2147483647    516892.84375   6246045.00000      9094.66858 Case1_F149_NS_A18E 4
INLINE-  2147483647 2147483647    516849.06250   6246011.50000      9300.03813 Case1_F149_NS_A18E 4
INLINE-  2147483647 2147483647    516771.25000   6245952.00000      9646.13941 Case1_F149_NS_A18E 4
INLINE-  2147483647 2147483647    516642.00000   6245853.00000     10104.92060 Case1_F149_NS_A18E 4
INLINE-  2147483647 2147483647    516576.46875   6245803.00000     10328.72085 Case1_F149_NS_A18E 4
INLINE-  2147483647 2147483647    516877.75000   6246065.00000      9055.52788 Case1_F149_NS_A18E 5
INLINE-  2147483647 2147483647    516837.56250   6246034.00000      9256.31832 Case1_F149_NS_A18E 5
INLINE-  2147483647 2147483647    516749.18750   6245966.50000      9630.92942 Case1_F149_NS_A18E 5
INLINE-  2147483647 2147483647    516624.03125   6245871.00000     10089.31998 Case1_F149_NS_A18E 5
INLINE-  2147483647 2147483647    516558.71875   6245821.00000     10304.32041 Case1_F149_NS_A18E 5
INLINE-  2147483647 2147483647    516853.28125   6246125.00000      9033.28760 Case1_F149_NS_A18E 6
INLINE-  2147483647 2147483647    516802.56250   6246086.00000      9255.57808 Case1_F149_NS_A18E 6
INLINE-  2147483647 2147483647    516709.03125   6246014.50000      9605.55925 Case1_F149_NS_A18E 6
INLINE-  2147483647 2147483647    516577.90625   6245914.00000     10063.92052 Case1_F149_NS_A18E 6
INLINE-  2147483647 2147483647    516515.06250   6245866.00000     10292.92098 Case1_F149_NS_A18E 6
INLINE-  2147483647 2147483647    516832.46875   6246156.00000      9027.40770 Case1_F149_NS_A18E 7
INLINE-  2147483647 2147483647    516768.93750   6246107.50000      9313.38874 Case1_F149_NS_A18E 7
INLINE-  2147483647 2147483647    516662.53125   6246026.00000      9698.98912 Case1_F149_NS_A18E 7
INLINE-  2147483647 2147483647    516549.96875   6245940.00000     10099.22039 Case1_F149_NS_A18E 7
INLINE-  2147483647 2147483647    516476.09375   6245883.50000     10358.22091 Case1_F149_NS_A18E 7
INLINE-  2147483647 2147483647    516815.75000   6246190.50000      9023.46824 Case1_F149_NS_A18E 8
INLINE-  2147483647 2147483647    516740.59375   6246133.00000      9369.68866 Case1_F149_NS_A18E 8
INLINE-  2147483647 2147483647    516634.00000   6246051.50000      9733.81927 Case1_F149_NS_A18E 8
INLINE-  2147483647 2147483647    516524.78125   6245968.00000     10164.22052 Case1_F149_NS_A18E 8
INLINE-  2147483647 2147483647    516438.71875   6245902.00000     10462.42132 Case1_F149_NS_A18E 8
INLINE-  2147483647 2147483647    516786.06250   6246231.00000      9019.41843 Case1_F149_NS_A18E 9
INLINE-  2147483647 2147483647    516704.46875   6246168.50000      9389.66917 Case1_F149_NS_A18E 9
INLINE-  2147483647 2147483647    516602.81250   6246090.50000      9759.95995 Case1_F149_NS_A18E 9
INLINE-  2147483647 2147483647    516500.15625   6246012.00000     10188.02038 Case1_F149_NS_A18E 9
INLINE-  2147483647 2147483647    516402.00000   6245937.00000     10554.22130 Case1_F149_NS_A18E 9
INLINE-  2147483647 2147483647    516755.21875   6246254.50000      9013.44771 Case1_F149_NS_A18E 10
INLINE-  2147483647 2147483647    516685.84375   6246201.50000      9413.57840 Case1_F149_NS_A18E 10
INLINE-  2147483647 2147483647    516601.56250   6246137.00000      9763.82910 Case1_F149_NS_A18E 10
INLINE-  2147483647 2147483647    516500.50000   6246059.50000     10194.72058 Case1_F149_NS_A18E 10
INLINE-  2147483647 2147483647    516385.46875   6245971.50000     10588.22137 Case1_F149_NS_A18E 10
INLINE-  2147483647 2147483647    516708.87500   6246313.50000      9017.91843 Case1_F149_NS_A18E 11
INLINE-  2147483647 2147483647    516663.31250   6246278.50000      9295.75883 Case1_F149_NS_A18E 11
INLINE-  2147483647 2147483647    516575.65625   6246211.50000      9796.40924 Case1_F149_NS_A18E 11
INLINE-  2147483647 2147483647    516465.25000   6246127.00000     10223.72064 Case1_F149_NS_A18E 11
INLINE-  2147483647 2147483647    516359.62500   6246046.00000     10600.12081 Case1_F149_NS_A18E 11
INLINE-  2147483647 2147483647    516662.90625   6246372.50000      9023.27781 Case1_F149_NS_A18E 12
INLINE-  2147483647 2147483647    516601.25000   6246325.50000      9391.55882 Case1_F149_NS_A18E 12
INLINE-  2147483647 2147483647    516532.84375   6246273.00000      9776.80959 Case1_F149_NS_A18E 12
INLINE-  2147483647 2147483647    516410.46875   6246179.50000     10325.92104 Case1_F149_NS_A18E 12
INLINE-  2147483647 2147483647    516329.65625   6246117.50000     10619.42163 Case1_F149_NS_A18E 12
INLINE-  2147483647 2147483647    516605.84375   6246407.50000      8975.66834 Case1_F149_NS_A18E 13
INLINE-  2147483647 2147483647    516509.78125   6246334.00000      9646.92945 Case1_F149_NS_A18E 13
INLINE-  2147483647 2147483647    516358.09375   6246218.00000     10425.32066 Case1_F149_NS_A18E 13
INLINE-  2147483647 2147483647    516556.71875   6246464.50000      8913.24830 Case1_F149_NS_A18E 14
INLINE-  2147483647 2147483647    516475.62500   6246402.50000      9555.43903 Case1_F149_NS_A18E 14
INLINE-  2147483647 2147483647    516367.90625   6246320.00000     10153.42070 Case1_F149_NS_A18E 14
INLINE-  2147483647 2147483647    516530.34375   6246523.00000      8862.47769 Case1_F149_NS_A18E 15
INLINE-  2147483647 2147483647    516473.46875   6246479.50000      9311.72858 Case1_F149_NS_A18E 15
INLINE-  2147483647 2147483647    516370.71875   6246401.00000     10035.22027 Case1_F149_NS_A18E 15
INLINE-  2147483647 2147483647    516491.68750   6246572.00000      8794.61720 Case1_F149_NS_A18E 16
INLINE-  2147483647 2147483647    516442.75000   6246534.50000      9281.53809 Case1_F149_NS_A18E 16
INLINE-  2147483647 2147483647    516381.09375   6246487.50000      9795.14947 Case1_F149_NS_A18E 16
INLINE-  2147483647 2147483647    516471.78125   6246635.50000      8796.99806 Case1_F149_NS_A18E 17
INLINE-  2147483647 2147483647    516438.50000   6246610.00000      9147.74876 Case1_F149_NS_A18E 17
INLINE-  2147483647 2147483647    516386.31250   6246570.00000      9547.01909 Case1_F149_NS_A18E 17
INLINE-  2147483647 2147483647    516429.21875   6246681.50000      8789.33789 Case1_F149_NS_A18E 18
INLINE-  2147483647 2147483647    516409.46875   6246666.50000      8980.20839 Case1_F149_NS_A18E 18
INLINE-  2147483647 2147483647    516385.93750   6246648.50000      9204.93833 Case1_F149_NS_A18E 18
