INLINE-  2147483647 2147483647    516277.56250   6247022.00000      8467.30697 Case1_F085_NS 1
INLINE-  2147483647 2147483647    516227.81250   6246984.00000      8778.63767 Case1_F085_NS 1
INLINE-  2147483647 2147483647    516145.71875   6246921.00000      9222.97841 Case1_F085_NS 1
INLINE-  2147483647 2147483647    516053.31250   6246850.50000      9715.97939 Case1_F085_NS 1
INLINE-  2147483647 2147483647    516255.71875   6247068.00000      8514.35687 Case1_F085_NS 2
INLINE-  2147483647 2147483647    516216.90625   6247038.50000      8763.17768 Case1_F085_NS 2
INLINE-  2147483647 2147483647    516159.31250   6246994.50000      9076.16854 Case1_F085_NS 2
INLINE-  2147483647 2147483647    516093.21875   6246944.00000      9382.21896 Case1_F085_NS 2
INLINE-  2147483647 2147483647    516024.03125   6246891.00000      9685.35921 Case1_F085_NS 2
INLINE-  2147483647 2147483647    516239.03125   6247087.00000      8536.92723 Case1_F085_NS 3
INLINE-  2147483647 2147483647    516207.65625   6247063.00000      8775.36716 Case1_F085_NS 3
INLINE-  2147483647 2147483647    516151.28125   6247019.50000      9087.14806 Case1_F085_NS 3
INLINE-  2147483647 2147483647    516082.46875   6246967.00000      9388.60862 Case1_F085_NS 3
INLINE-  2147483647 2147483647    516009.71875   6246911.50000      9686.33969 Case1_F085_NS 3
INLINE-  2147483647 2147483647    516226.31250   6247108.50000      8555.69680 Case1_F085_NS 4
INLINE-  2147483647 2147483647    516199.21875   6247088.00000      8779.02732 Case1_F085_NS 4
INLINE-  2147483647 2147483647    516148.18750   6247049.00000      9068.05818 Case1_F085_NS 4
INLINE-  2147483647 2147483647    516104.21875   6247015.00000      9240.89836 Case1_F085_NS 4
INLINE-  2147483647 2147483647    516051.59375   6246975.00000      9455.83922 Case1_F085_NS 4
INLINE-  2147483647 2147483647    515999.28125   6246935.00000      9676.75959 Case1_F085_NS 4
INLINE-  2147483647 2147483647    516209.00000   6247142.50000      8588.90683 Case1_F085_NS 5
INLINE-  2147483647 2147483647    516185.87500   6247125.00000      8783.22753 Case1_F085_NS 5
INLINE-  2147483647 2147483647    516132.75000   6247084.50000      9080.87851 Case1_F085_NS 5
INLINE-  2147483647 2147483647    516057.40625   6247026.50000      9388.56858 Case1_F085_NS 5
INLINE-  2147483647 2147483647    516012.84375   6246992.50000      9553.33942 Case1_F085_NS 5
INLINE-  2147483647 2147483647    515968.56250   6246958.50000      9742.20991 Case1_F085_NS 5
INLINE-  2147483647 2147483647    516199.25000   6247166.50000      8612.80726 Case1_F085_NS 6
INLINE-  2147483647 2147483647    516178.90625   6247151.00000      8793.74806 Case1_F085_NS 6
INLINE-  2147483647 2147483647    516131.65625   6247115.00000      9058.14800 Case1_F085_NS 6
INLINE-  2147483647 2147483647    516090.75000   6247083.50000      9224.96865 Case1_F085_NS 6
INLINE-  2147483647 2147483647    516037.84375   6247043.00000      9417.61844 Case1_F085_NS 6
INLINE-  2147483647 2147483647    515992.09375   6247008.00000      9590.63930 Case1_F085_NS 6
INLINE-  2147483647 2147483647    515950.09375   6246976.00000      9771.72950 Case1_F085_NS 6
INLINE-  2147483647 2147483647    516191.31250   6247192.00000      8614.40688 Case1_F085_NS 7
INLINE-  2147483647 2147483647    516174.53125   6247179.00000      8756.94720 Case1_F085_NS 7
INLINE-  2147483647 2147483647    516123.81250   6247140.50000      9055.22807 Case1_F085_NS 7
INLINE-  2147483647 2147483647    516057.71875   6247090.00000      9340.96888 Case1_F085_NS 7
INLINE-  2147483647 2147483647    516002.50000   6247047.50000      9523.77881 Case1_F085_NS 7
INLINE-  2147483647 2147483647    515957.75000   6247013.50000      9716.36904 Case1_F085_NS 7
INLINE-  2147483647 2147483647    515928.96875   6246991.00000      9900.21023 Case1_F085_NS 7
INLINE-  2147483647 2147483647    516171.40625   6247224.00000      8633.55731 Case1_F085_NS 8
INLINE-  2147483647 2147483647    516155.62500   6247212.00000      8771.96774 Case1_F085_NS 8
INLINE-  2147483647 2147483647    516124.15625   6247188.00000      8965.69762 Case1_F085_NS 8
INLINE-  2147483647 2147483647    516057.15625   6247136.50000      9299.12895 Case1_F085_NS 8
INLINE-  2147483647 2147483647    516015.06250   6247104.50000      9468.20937 Case1_F085_NS 8
INLINE-  2147483647 2147483647    515975.84375   6247074.50000      9630.27903 Case1_F085_NS 8
INLINE-  2147483647 2147483647    515906.28125   6247021.00000      9980.68988 Case1_F085_NS 8
INLINE-  2147483647 2147483647    516152.31250   6247256.50000      8650.71750 Case1_F085_NS 9
INLINE-  2147483647 2147483647    516136.21875   6247244.50000      8777.87791 Case1_F085_NS 9
INLINE-  2147483647 2147483647    516083.31250   6247204.00000      9081.01816 Case1_F085_NS 9
INLINE-  2147483647 2147483647    516020.18750   6247155.50000      9376.62910 Case1_F085_NS 9
INLINE-  2147483647 2147483647    515962.50000   6247111.50000      9631.34934 Case1_F085_NS 9
INLINE-  2147483647 2147483647    515880.09375   6247048.50000     10105.42060 Case1_F085_NS 9
INLINE-  2147483647 2147483647    516141.09375   6247279.50000      8668.42749 Case1_F085_NS 10
INLINE-  2147483647 2147483647    516120.71875   6247264.00000      8829.57723 Case1_F085_NS 10
INLINE-  2147483647 2147483647    516092.25000   6247242.00000      8985.70840 Case1_F085_NS 10
INLINE-  2147483647 2147483647    516018.09375   6247185.50000      9326.18857 Case1_F085_NS 10
INLINE-  2147483647 2147483647    515951.09375   6247134.00000      9631.47922 Case1_F085_NS 10
INLINE-  2147483647 2147483647    515912.25000   6247104.50000      9837.54995 Case1_F085_NS 10
INLINE-  2147483647 2147483647    515874.06250   6247075.00000     10103.82001 Case1_F085_NS 10
INLINE-  2147483647 2147483647    516122.62500   6247297.00000      8695.88751 Case1_F085_NS 11
INLINE-  2147483647 2147483647    516102.37500   6247281.50000      8850.80774 Case1_F085_NS 11
INLINE-  2147483647 2147483647    516050.43750   6247241.50000      9134.64815 Case1_F085_NS 11
INLINE-  2147483647 2147483647    515986.12500   6247192.50000      9415.80887 Case1_F085_NS 11
INLINE-  2147483647 2147483647    515931.03125   6247150.00000      9659.83963 Case1_F085_NS 11
INLINE-  2147483647 2147483647    515893.00000   6247121.00000      9876.38987 Case1_F085_NS 11
INLINE-  2147483647 2147483647    515864.03125   6247099.00000     10083.02017 Case1_F085_NS 11
INLINE-  2147483647 2147483647    516100.21875   6247327.00000      8732.45789 Case1_F085_NS 12
INLINE-  2147483647 2147483647    516061.90625   6247297.50000      8958.54819 Case1_F085_NS 12
INLINE-  2147483647 2147483647    516003.25000   6247252.50000      9292.29886 Case1_F085_NS 12
INLINE-  2147483647 2147483647    515935.62500   6247201.00000      9550.08941 Case1_F085_NS 12
INLINE-  2147483647 2147483647    515888.68750   6247165.00000      9789.50005 Case1_F085_NS 12
INLINE-  2147483647 2147483647    515850.56250   6247136.00000     10080.52016 Case1_F085_NS 12
INLINE-  2147483647 2147483647    516093.37500   6247353.00000      8724.28698 Case1_F085_NS 13
INLINE-  2147483647 2147483647    516062.09375   6247329.00000      8894.43771 Case1_F085_NS 13
INLINE-  2147483647 2147483647    516015.43750   6247293.50000      9181.42852 Case1_F085_NS 13
INLINE-  2147483647 2147483647    515955.37500   6247247.50000      9451.63902 Case1_F085_NS 13
INLINE-  2147483647 2147483647    515911.12500   6247213.50000      9630.00949 Case1_F085_NS 13
INLINE-  2147483647 2147483647    515874.37500   6247185.50000      9845.84000 Case1_F085_NS 13
INLINE-  2147483647 2147483647    515843.71875   6247162.00000     10091.42057 Case1_F085_NS 13
INLINE-  2147483647 2147483647    516070.68750   6247383.00000      8742.30752 Case1_F085_NS 14
INLINE-  2147483647 2147483647    516044.18750   6247362.50000      8896.96799 Case1_F085_NS 14
INLINE-  2147483647 2147483647    515999.21875   6247328.50000      9190.68830 Case1_F085_NS 14
INLINE-  2147483647 2147483647    515934.37500   6247278.50000      9500.08931 Case1_F085_NS 14
INLINE-  2147483647 2147483647    515878.90625   6247236.00000      9826.71008 Case1_F085_NS 14
INLINE-  2147483647 2147483647    515816.75000   6247188.50000     10214.62004 Case1_F085_NS 14
INLINE-  2147483647 2147483647    516051.65625   6247415.50000      8754.48724 Case1_F085_NS 15
INLINE-  2147483647 2147483647    516026.65625   6247396.50000      8898.35764 Case1_F085_NS 15
INLINE-  2147483647 2147483647    515983.37500   6247363.50000      9199.21859 Case1_F085_NS 15
INLINE-  2147483647 2147483647    515933.25000   6247325.00000      9495.70942 Case1_F085_NS 15
INLINE-  2147483647 2147483647    515907.93750   6247305.50000      9650.11891 Case1_F085_NS 15
INLINE-  2147483647 2147483647    515851.34375   6247262.50000      9979.18988 Case1_F085_NS 15
INLINE-  2147483647 2147483647    515802.00000   6247224.50000     10286.02057 Case1_F085_NS 15
INLINE-  2147483647 2147483647    516037.46875   6247436.00000      8779.43748 Case1_F085_NS 16
INLINE-  2147483647 2147483647    516017.12500   6247420.50000      8898.01780 Case1_F085_NS 16
INLINE-  2147483647 2147483647    515975.53125   6247389.00000      9206.61802 Case1_F085_NS 16
INLINE-  2147483647 2147483647    515926.78125   6247351.50000      9510.87937 Case1_F085_NS 16
INLINE-  2147483647 2147483647    515857.09375   6247298.00000      9918.51007 Case1_F085_NS 16
INLINE-  2147483647 2147483647    515805.46875   6247258.50000     10235.02047 Case1_F085_NS 16
INLINE-  2147483647 2147483647    516025.65625   6247458.50000      8771.50778 Case1_F085_NS 17
INLINE-  2147483647 2147483647    516007.50000   6247445.00000      8898.36741 Case1_F085_NS 17
INLINE-  2147483647 2147483647    515967.68750   6247414.50000      9214.68835 Case1_F085_NS 17
INLINE-  2147483647 2147483647    515920.43750   6247378.00000      9526.84913 Case1_F085_NS 17
INLINE-  2147483647 2147483647    515868.21875   6247338.00000      9814.43955 Case1_F085_NS 17
INLINE-  2147483647 2147483647    515796.25000   6247283.00000     10244.02049 Case1_F085_NS 17
INLINE-  2147483647 2147483647    516004.34375   6247489.50000      8799.99807 Case1_F085_NS 18
INLINE-  2147483647 2147483647    515989.96875   6247478.50000      8899.10764 Case1_F085_NS 18
INLINE-  2147483647 2147483647    515951.84375   6247449.50000      9222.31825 Case1_F085_NS 18
INLINE-  2147483647 2147483647    515905.96875   6247414.50000      9541.51908 Case1_F085_NS 18
INLINE-  2147483647 2147483647    515857.84375   6247377.50000      9846.77946 Case1_F085_NS 18
INLINE-  2147483647 2147483647    515788.65625   6247324.50000     10247.12010 Case1_F085_NS 18
INLINE-  2147483647 2147483647    515979.68750   6247518.00000      8811.40727 Case1_F085_NS 19
INLINE-  2147483647 2147483647    515972.43750   6247512.50000      8899.76780 Case1_F085_NS 19
INLINE-  2147483647 2147483647    515936.00000   6247484.50000      9229.41885 Case1_F085_NS 19
INLINE-  2147483647 2147483647    515891.62500   6247450.50000      9555.17927 Case1_F085_NS 19
INLINE-  2147483647 2147483647    515852.43750   6247420.50000      9805.52938 Case1_F085_NS 19
INLINE-  2147483647 2147483647    515811.21875   6247389.00000     10035.61968 Case1_F085_NS 19
INLINE-  2147483647 2147483647    515767.34375   6247355.50000     10270.22074 Case1_F085_NS 19
INLINE-  2147483647 2147483647    515967.96875   6247540.50000      8827.89754 Case1_F085_NS 20
INLINE-  2147483647 2147483647    515939.87500   6247519.00000      9124.76825 Case1_F085_NS 20
INLINE-  2147483647 2147483647    515898.68750   6247487.50000      9456.27868 Case1_F085_NS 20
INLINE-  2147483647 2147483647    515864.71875   6247461.50000      9679.59944 Case1_F085_NS 20
INLINE-  2147483647 2147483647    515808.75000   6247418.50000      9985.80025 Case1_F085_NS 20
INLINE-  2147483647 2147483647    515753.34375   6247376.00000     10297.72079 Case1_F085_NS 20
INLINE-  2147483647 2147483647    515943.00000   6247600.00000      8756.17767 Case1_F085_NS 21
INLINE-  2147483647 2147483647    515927.00000   6247588.00000      8881.27753 Case1_F085_NS 21
INLINE-  2147483647 2147483647    515911.03125   6247575.50000      9090.03771 Case1_F085_NS 21
INLINE-  2147483647 2147483647    515867.34375   6247542.00000      9443.83920 Case1_F085_NS 21
INLINE-  2147483647 2147483647    515832.21875   6247515.00000      9668.23906 Case1_F085_NS 21
INLINE-  2147483647 2147483647    515797.96875   6247489.00000      9853.93963 Case1_F085_NS 21
INLINE-  2147483647 2147483647    515702.78125   6247416.00000     10347.52070 Case1_F085_NS 21
INLINE-  2147483647 2147483647    515919.62500   6247661.00000      8688.84746 Case1_F085_NS 22
INLINE-  2147483647 2147483647    515908.68750   6247652.50000      8841.14757 Case1_F085_NS 22
INLINE-  2147483647 2147483647    515880.81250   6247631.00000      9115.85808 Case1_F085_NS 22
INLINE-  2147483647 2147483647    515833.25000   6247594.50000      9427.56866 Case1_F085_NS 22
INLINE-  2147483647 2147483647    515790.46875   6247562.00000      9649.64918 Case1_F085_NS 22
INLINE-  2147483647 2147483647    515702.81250   6247495.00000     10077.02015 Case1_F085_NS 22
INLINE-  2147483647 2147483647    515906.84375   6247729.50000      8734.13759 Case1_F085_NS 23
INLINE-  2147483647 2147483647    515894.93750   6247720.50000      8832.74813 Case1_F085_NS 23
INLINE-  2147483647 2147483647    515846.50000   6247683.50000      9139.23801 Case1_F085_NS 23
INLINE-  2147483647 2147483647    515789.81250   6247640.00000      9428.76886 Case1_F085_NS 23
INLINE-  2147483647 2147483647    515739.50000   6247601.50000      9640.22924 Case1_F085_NS 23
INLINE-  2147483647 2147483647    515664.53125   6247544.50000      9942.42028 Case1_F085_NS 23
INLINE-  2147483647 2147483647    515898.21875   6247786.00000      8695.51739 Case1_F085_NS 24
INLINE-  2147483647 2147483647    515869.03125   6247763.50000      8866.80777 Case1_F085_NS 24
INLINE-  2147483647 2147483647    515808.06250   6247717.00000      9199.03793 Case1_F085_NS 24
INLINE-  2147483647 2147483647    515731.62500   6247658.50000      9517.64892 Case1_F085_NS 24
INLINE-  2147483647 2147483647    515644.87500   6247592.00000      9825.72961 Case1_F085_NS 24
INLINE-  2147483647 2147483647    515873.28125   6247830.00000      8710.11703 Case1_F085_NS 25
INLINE-  2147483647 2147483647    515856.21875   6247817.00000      8807.20804 Case1_F085_NS 25
INLINE-  2147483647 2147483647    515811.25000   6247782.50000      9059.07769 Case1_F085_NS 25
INLINE-  2147483647 2147483647    515747.40625   6247733.50000      9337.01867 Case1_F085_NS 25
INLINE-  2147483647 2147483647    515678.31250   6247680.50000      9575.46935 Case1_F085_NS 25
INLINE-  2147483647 2147483647    515605.65625   6247625.00000      9809.85946 Case1_F085_NS 25
INLINE-  2147483647 2147483647    515837.50000   6247881.00000      8718.08775 Case1_F085_NS 26
INLINE-  2147483647 2147483647    515809.50000   6247860.00000      8888.59786 Case1_F085_NS 26
INLINE-  2147483647 2147483647    515763.34375   6247824.50000      9141.03781 Case1_F085_NS 26
INLINE-  2147483647 2147483647    515703.46875   6247778.50000      9381.60861 Case1_F085_NS 26
INLINE-  2147483647 2147483647    515634.59375   6247726.00000      9612.17938 Case1_F085_NS 26
INLINE-  2147483647 2147483647    515563.03125   6247671.00000      9839.48941 Case1_F085_NS 26
INLINE-  2147483647 2147483647    515800.00000   6247931.00000      8714.00766 Case1_F085_NS 27
INLINE-  2147483647 2147483647    515771.62500   6247909.50000      8907.28735 Case1_F085_NS 27
INLINE-  2147483647 2147483647    515739.65625   6247885.00000      9098.09827 Case1_F085_NS 27
INLINE-  2147483647 2147483647    515688.34375   6247846.00000      9317.69832 Case1_F085_NS 27
INLINE-  2147483647 2147483647    515609.12500   6247785.00000      9584.84925 Case1_F085_NS 27
INLINE-  2147483647 2147483647    515526.93750   6247722.00000      9848.34977 Case1_F085_NS 27
INLINE-  2147483647 2147483647    515763.71875   6247982.00000      8767.35738 Case1_F085_NS 28
INLINE-  2147483647 2147483647    515727.18750   6247954.00000      8961.62827 Case1_F085_NS 28
INLINE-  2147483647 2147483647    515678.93750   6247917.50000      9196.76839 Case1_F085_NS 28
INLINE-  2147483647 2147483647    515617.59375   6247870.50000      9419.13896 Case1_F085_NS 28
INLINE-  2147483647 2147483647    515549.00000   6247818.00000      9633.01927 Case1_F085_NS 28
INLINE-  2147483647 2147483647    515479.21875   6247764.50000      9845.17008 Case1_F085_NS 28
INLINE-  2147483647 2147483647    515735.87500   6248039.50000      8736.48720 Case1_F085_NS 29
INLINE-  2147483647 2147483647    515664.09375   6247984.50000      9079.64804 Case1_F085_NS 29
INLINE-  2147483647 2147483647    515611.09375   6247944.00000      9292.92874 Case1_F085_NS 29
INLINE-  2147483647 2147483647    515527.00000   6247879.50000      9557.31892 Case1_F085_NS 29
INLINE-  2147483647 2147483647    515439.75000   6247813.00000      9817.62999 Case1_F085_NS 29
INLINE-  2147483647 2147483647    515690.75000   6248083.50000      8750.26750 Case1_F085_NS 30
INLINE-  2147483647 2147483647    515641.40625   6248046.00000      9011.01802 Case1_F085_NS 30
INLINE-  2147483647 2147483647    515569.65625   6247991.00000      9313.09870 Case1_F085_NS 30
INLINE-  2147483647 2147483647    515481.50000   6247923.50000      9597.07876 Case1_F085_NS 30
INLINE-  2147483647 2147483647    515390.56250   6247854.00000      9877.64964 Case1_F085_NS 30
INLINE-  2147483647 2147483647    515652.96875   6248133.50000      8732.23719 Case1_F085_NS 31
INLINE-  2147483647 2147483647    515589.53125   6248085.00000      9078.71835 Case1_F085_NS 31
INLINE-  2147483647 2147483647    515536.71875   6248044.50000      9293.38870 Case1_F085_NS 31
INLINE-  2147483647 2147483647    515451.65625   6247979.50000      9582.85901 Case1_F085_NS 31
INLINE-  2147483647 2147483647    515364.31250   6247912.50000      9869.57931 Case1_F085_NS 31
INLINE-  2147483647 2147483647    515620.21875   6248171.50000      8735.26747 Case1_F085_NS 32
INLINE-  2147483647 2147483647    515569.09375   6248132.00000      9005.42817 Case1_F085_NS 32
INLINE-  2147483647 2147483647    515492.75000   6248074.00000      9315.97859 Case1_F085_NS 32
INLINE-  2147483647 2147483647    515401.62500   6248004.00000      9610.35906 Case1_F085_NS 32
INLINE-  2147483647 2147483647    515308.90625   6247933.00000      9902.73953 Case1_F085_NS 32
INLINE-  2147483647 2147483647    515586.93750   6248209.00000      8736.70790 Case1_F085_NS 33
INLINE-  2147483647 2147483647    515519.34375   6248157.00000      9072.47811 Case1_F085_NS 33
INLINE-  2147483647 2147483647    515469.71875   6248119.00000      9262.83884 Case1_F085_NS 33
INLINE-  2147483647 2147483647    515368.93750   6248042.00000      9581.58948 Case1_F085_NS 33
INLINE-  2147483647 2147483647    515265.81250   6247963.00000      9897.28933 Case1_F085_NS 33
INLINE-  2147483647 2147483647    515561.43750   6248221.00000      8722.03698 Case1_F085_NS 34
INLINE-  2147483647 2147483647    515517.34375   6248187.00000      8972.87830 Case1_F085_NS 34
INLINE-  2147483647 2147483647    515447.96875   6248134.00000      9270.47850 Case1_F085_NS 34
INLINE-  2147483647 2147483647    515364.87500   6248070.50000      9553.57868 Case1_F085_NS 34
INLINE-  2147483647 2147483647    515273.84375   6248000.50000      9826.76965 Case1_F085_NS 34
INLINE-  2147483647 2147483647    515522.03125   6248253.50000      8721.54772 Case1_F085_NS 35
INLINE-  2147483647 2147483647    515485.96875   6248226.00000      8974.10779 Case1_F085_NS 35
INLINE-  2147483647 2147483647    515424.34375   6248179.00000      9280.46876 Case1_F085_NS 35
INLINE-  2147483647 2147483647    515340.25000   6248114.50000      9564.60897 Case1_F085_NS 35
INLINE-  2147483647 2147483647    515242.78125   6248040.00000      9830.65931 Case1_F085_NS 35
INLINE-  2147483647 2147483647    515511.15625   6248261.00000      8721.42760 Case1_F085_NS 36
INLINE-  2147483647 2147483647    515480.96875   6248238.00000      8993.98771 Case1_F085_NS 36
INLINE-  2147483647 2147483647    515426.56250   6248196.00000      9285.68849 Case1_F085_NS 36
INLINE-  2147483647 2147483647    515340.09375   6248130.00000      9577.61876 Case1_F085_NS 36
INLINE-  2147483647 2147483647    515231.40625   6248047.00000      9848.47966 Case1_F085_NS 36
