INLINE-  2147483647 2147483647    515919.00000   6246873.50000      8612.38622 Case1_F097_NS 1
INLINE-  2147483647 2147483647    515946.37500   6246894.50000      8781.18356 Case1_F097_NS 1
INLINE-  2147483647 2147483647    515990.28100   6246928.00000      8934.58887 Case1_F097_NS 1
INLINE-  2147483647 2147483647    516035.75000   6246963.00000      9007.05901 Case1_F097_NS 1
INLINE-  2147483647 2147483647    515911.40600   6246883.50000      8612.38622 Case1_F097_NS 2
INLINE-  2147483647 2147483647    515938.46900   6246904.00000      8780.90556 Case1_F097_NS 2
INLINE-  2147483647 2147483647    515972.84400   6246930.50000      8908.79082 Case1_F097_NS 2
INLINE-  2147483647 2147483647    516045.34400   6246986.00000      9056.35811 Case1_F097_NS 2
INLINE-  2147483647 2147483647    515896.21900   6246903.00000      8612.38622 Case1_F097_NS 3
INLINE-  2147483647 2147483647    515918.21900   6246920.00000      8769.42154 Case1_F097_NS 3
INLINE-  2147483647 2147483647    515957.34400   6246950.00000      8892.63979 Case1_F097_NS 3
INLINE-  2147483647 2147483647    516030.31200   6247006.00000      9016.15003 Case1_F097_NS 3
INLINE-  2147483647 2147483647    515876.09400   6246919.50000      8601.72020 Case1_F097_NS 4
INLINE-  2147483647 2147483647    515891.81200   6246931.50000      8734.93947 Case1_F097_NS 4
INLINE-  2147483647 2147483647    515931.25000   6246961.50000      8843.39269 Case1_F097_NS 4
INLINE-  2147483647 2147483647    515966.62500   6246988.50000      8908.09282 Case1_F097_NS 4
INLINE-  2147483647 2147483647    516011.87500   6247023.00000      8977.60596 Case1_F097_NS 4
INLINE-  2147483647 2147483647    515848.87500   6246945.50000      8592.13418 Case1_F097_NS 5
INLINE-  2147483647 2147483647    515873.12500   6246964.00000      8766.61953 Case1_F097_NS 5
INLINE-  2147483647 2147483647    515927.06200   6247005.50000      8860.41372 Case1_F097_NS 5
INLINE-  2147483647 2147483647    515987.59400   6247052.00000      8937.99588 Case1_F097_NS 5
INLINE-  2147483647 2147483647    516064.03100   6247110.50000      9036.08207 Case1_F097_NS 5
INLINE-  2147483647 2147483647    515833.15600   6246965.00000      8591.01318 Case1_F097_NS 6
INLINE-  2147483647 2147483647    515854.65600   6246981.50000      8747.41949 Case1_F097_NS 6
INLINE-  2147483647 2147483647    515908.03100   6247022.50000      8867.34573 Case1_F097_NS 6
INLINE-  2147483647 2147483647    515996.43800   6247090.00000      8975.18095 Case1_F097_NS 6
INLINE-  2147483647 2147483647    516077.12500   6247152.00000      9054.14911 Case1_F097_NS 6
INLINE-  2147483647 2147483647    515810.90600   6246995.50000      8592.13418 Case1_F097_NS 7
INLINE-  2147483647 2147483647    515837.90600   6247016.00000      8758.21652 Case1_F097_NS 7
INLINE-  2147483647 2147483647    515887.12500   6247053.50000      8870.71774 Case1_F097_NS 7
INLINE-  2147483647 2147483647    515939.21900   6247093.50000      8948.04690 Case1_F097_NS 7
INLINE-  2147483647 2147483647    515998.15600   6247138.50000      9005.86901 Case1_F097_NS 7
