INLINE-  2147483647 2147483647    513944.34375   6248996.00000      8996.29827 Case2_F146_NS 1
INLINE-  2147483647 2147483647    513910.46875   6248992.00000      9191.13850 Case2_F146_NS 1
INLINE-  2147483647 2147483647    513841.03125   6248986.00000      9516.60888 Case2_F146_NS 1
INLINE-  2147483647 2147483647    513855.31250   6248987.50000      9410.23855 Case2_F146_NS 1
INLINE-  2147483647 2147483647    513948.87500   6249070.50000      8984.11758 Case2_F146_NS 2
INLINE-  2147483647 2147483647    513904.56250   6249066.50000      9191.77815 Case2_F146_NS 2
INLINE-  2147483647 2147483647    513834.34375   6249059.50000      9516.60888 Case2_F146_NS 2
INLINE-  2147483647 2147483647    513747.25000   6249051.50000      9825.63000 Case2_F146_NS 2
INLINE-  2147483647 2147483647    513896.68750   6249172.00000      8957.82749 Case2_F146_NS 3
INLINE-  2147483647 2147483647    513854.03125   6249167.50000      9151.84838 Case2_F146_NS 3
INLINE-  2147483647 2147483647    513791.75000   6249162.50000      9470.72890 Case2_F146_NS 3
INLINE-  2147483647 2147483647    513641.96875   6249148.50000     10283.42096 Case2_F146_NS 3
INLINE-  2147483647 2147483647    513797.93750   6249309.00000      9060.22808 Case2_F146_NS 4
INLINE-  2147483647 2147483647    513762.53125   6249305.50000      9268.07811 Case2_F146_NS 4
INLINE-  2147483647 2147483647    513706.28125   6249300.00000      9576.83947 Case2_F146_NS 4
INLINE-  2147483647 2147483647    513536.37500   6249285.00000     10673.02135 Case2_F146_NS 4
INLINE-  2147483647 2147483647    513458.68750   6249277.50000     11268.12215 Case2_F146_NS 4
INLINE-  2147483647 2147483647    513819.21875   6249457.50000      9004.69770 Case2_F146_NS 5
INLINE-  2147483647 2147483647    513751.53125   6249451.00000      9230.26846 Case2_F146_NS 5
INLINE-  2147483647 2147483647    513669.15625   6249443.00000      9582.64905 Case2_F146_NS 5
INLINE-  2147483647 2147483647    513522.62500   6249430.00000     10673.02135 Case2_F146_NS 5
INLINE-  2147483647 2147483647    513406.78125   6249418.50000     11356.72291 Case2_F146_NS 5
INLINE-  2147483647 2147483647    513855.75000   6249557.50000      9017.93796 Case2_F146_NS 6
INLINE-  2147483647 2147483647    513802.93750   6249553.50000      9184.02813 Case2_F146_NS 6
INLINE-  2147483647 2147483647    513692.18750   6249542.50000      9588.77894 Case2_F146_NS 6
INLINE-  2147483647 2147483647    513568.15625   6249531.00000     10550.32091 Case2_F146_NS 6
INLINE-  2147483647 2147483647    513380.12500   6249513.00000     11389.02278 Case2_F146_NS 6
INLINE-  2147483647 2147483647    513853.90625   6249676.00000      9054.79838 Case2_F146_NS 7
INLINE-  2147483647 2147483647    513800.40625   6249671.00000      9241.53801 Case2_F146_NS 7
INLINE-  2147483647 2147483647    513716.18750   6249663.50000      9553.84919 Case2_F146_NS 7
INLINE-  2147483647 2147483647    513517.59375   6249645.00000     10642.72148 Case2_F146_NS 7
INLINE-  2147483647 2147483647    513366.56250   6249630.50000     11543.12270 Case2_F146_NS 7
INLINE-  2147483647 2147483647    513854.12500   6249704.50000      9061.14801 Case2_F146_NS 8
INLINE-  2147483647 2147483647    513809.43750   6249700.00000      9233.26847 Case2_F146_NS 8
INLINE-  2147483647 2147483647    513713.75000   6249691.50000      9597.86881 Case2_F146_NS 8
INLINE-  2147483647 2147483647    513602.90625   6249680.50000     10220.52044 Case2_F146_NS 8
INLINE-  2147483647 2147483647    513484.15625   6249670.00000     10877.02175 Case2_F146_NS 8
INLINE-  2147483647 2147483647    513364.21875   6249658.50000     11644.12290 Case2_F146_NS 8
INLINE-  2147483647 2147483647    513861.81250   6249815.50000      9065.55817 Case2_F146_NS 9
INLINE-  2147483647 2147483647    513785.68750   6249808.00000      9270.73827 Case2_F146_NS 9
INLINE-  2147483647 2147483647    513692.06250   6249799.00000      9609.61883 Case2_F146_NS 9
INLINE-  2147483647 2147483647    513603.25000   6249791.00000     10258.22071 Case2_F146_NS 9
INLINE-  2147483647 2147483647    513509.84375   6249782.50000     10900.52180 Case2_F146_NS 9
INLINE-  2147483647 2147483647    513388.15625   6249771.00000     11854.42410 Case2_F146_NS 9
INLINE-  2147483647 2147483647    513870.84375   6249885.50000      9070.86775 Case2_F146_NS 10
INLINE-  2147483647 2147483647    513816.93750   6249880.50000      9265.58884 Case2_F146_NS 10
INLINE-  2147483647 2147483647    513688.68750   6249869.00000      9687.83969 Case2_F146_NS 10
INLINE-  2147483647 2147483647    513573.96875   6249858.00000     10581.72136 Case2_F146_NS 10
INLINE-  2147483647 2147483647    513500.18750   6249850.50000     11319.72283 Case2_F146_NS 10
INLINE-  2147483647 2147483647    513413.59375   6249842.50000     12098.02420 Case2_F146_NS 10
INLINE-  2147483647 2147483647    513853.50000   6249992.00000      9088.27794 Case2_F146_NS 11
INLINE-  2147483647 2147483647    513806.75000   6249987.50000      9265.58884 Case2_F146_NS 11
INLINE-  2147483647 2147483647    513693.56250   6249976.50000      9666.70976 Case2_F146_NS 11
INLINE-  2147483647 2147483647    513599.75000   6249967.50000     10596.62080 Case2_F146_NS 11
INLINE-  2147483647 2147483647    513539.50000   6249962.50000     11255.12212 Case2_F146_NS 11
INLINE-  2147483647 2147483647    513418.12500   6249951.50000     12246.82430 Case2_F146_NS 11
INLINE-  2147483647 2147483647    513824.28125   6250111.00000      9199.71859 Case2_F146_NS 12
INLINE-  2147483647 2147483647    513676.15625   6250097.00000      9780.63968 Case2_F146_NS 12
INLINE-  2147483647 2147483647    513605.90625   6250090.50000     10613.02123 Case2_F146_NS 12
INLINE-  2147483647 2147483647    513520.15625   6250083.00000     11367.92313 Case2_F146_NS 12
INLINE-  2147483647 2147483647    513393.06250   6250070.50000     12272.92494 Case2_F146_NS 12
INLINE-  2147483647 2147483647    513783.62500   6250223.50000      9252.23823 Case2_F146_NS 13
INLINE-  2147483647 2147483647    513679.84375   6250213.00000      9687.57895 Case2_F146_NS 13
INLINE-  2147483647 2147483647    513518.71875   6250198.50000     11151.32211 Case2_F146_NS 13
INLINE-  2147483647 2147483647    513362.53125   6250184.50000     12301.92499 Case2_F146_NS 13
INLINE-  2147483647 2147483647    513774.46875   6250323.50000      9252.23823 Case2_F146_NS 14
INLINE-  2147483647 2147483647    513669.81250   6250314.00000      9733.49994 Case2_F146_NS 14
INLINE-  2147483647 2147483647    513561.62500   6250303.50000     10408.02082 Case2_F146_NS 14
INLINE-  2147483647 2147483647    513471.81250   6250294.50000     11276.32236 Case2_F146_NS 14
INLINE-  2147483647 2147483647    513341.81250   6250283.50000     12388.32458 Case2_F146_NS 14
INLINE-  2147483647 2147483647    513760.46875   6250474.50000      9252.23823 Case2_F146_NS 15
INLINE-  2147483647 2147483647    513640.06250   6250464.50000      9750.29977 Case2_F146_NS 15
INLINE-  2147483647 2147483647    513547.71875   6250455.00000     10408.02082 Case2_F146_NS 15
INLINE-  2147483647 2147483647    513457.03125   6250447.00000     11337.82248 Case2_F146_NS 15
INLINE-  2147483647 2147483647    513340.34375   6250436.50000     12566.62474 Case2_F146_NS 15
INLINE-  2147483647 2147483647    513722.62500   6250521.00000      9362.09880 Case2_F146_NS 16
INLINE-  2147483647 2147483647    513644.75000   6250513.50000      9728.59954 Case2_F146_NS 16
INLINE-  2147483647 2147483647    513543.28125   6250503.50000     10408.02082 Case2_F146_NS 16
INLINE-  2147483647 2147483647    513452.62500   6250495.50000     11337.82248 Case2_F146_NS 16
INLINE-  2147483647 2147483647    513336.03125   6250485.00000     12566.62474 Case2_F146_NS 16
INLINE-  2147483647 2147483647    513647.09375   6250685.50000      9416.55887 Case2_F146_NS 17
INLINE-  2147483647 2147483647    513614.21875   6250682.00000      9764.19922 Case2_F146_NS 17
INLINE-  2147483647 2147483647    513555.71875   6250677.00000     10421.22104 Case2_F146_NS 17
INLINE-  2147483647 2147483647    513466.31250   6250668.00000     11419.42323 Case2_F146_NS 17
INLINE-  2147483647 2147483647    513309.81250   6250654.00000     12791.22578 Case2_F146_NS 17
INLINE-  2147483647 2147483647    513609.87500   6250811.00000      9400.11841 Case2_F146_NS 18
INLINE-  2147483647 2147483647    513576.71875   6250807.50000      9789.88970 Case2_F146_NS 18
INLINE-  2147483647 2147483647    513543.84375   6250804.50000     10421.22104 Case2_F146_NS 18
INLINE-  2147483647 2147483647    513454.71875   6250796.00000     11456.72311 Case2_F146_NS 18
INLINE-  2147483647 2147483647    513319.65625   6250784.00000     13046.72629 Case2_F146_NS 18
INLINE-  2147483647 2147483647    513593.93750   6250945.00000      9428.12921 Case2_F146_NS 19
INLINE-  2147483647 2147483647    513567.31250   6250942.00000      9791.06939 Case2_F146_NS 19
INLINE-  2147483647 2147483647    513531.06250   6250939.50000     10421.22104 Case2_F146_NS 19
INLINE-  2147483647 2147483647    513446.34375   6250931.50000     11502.92340 Case2_F146_NS 19
INLINE-  2147483647 2147483647    513322.28125   6250920.00000     13345.52669 Case2_F146_NS 19
INLINE-  2147483647 2147483647    513498.03125   6251056.00000      9433.52863 Case2_F146_NS 20
INLINE-  2147483647 2147483647    513504.37500   6251056.00000      9793.15923 Case2_F146_NS 20
INLINE-  2147483647 2147483647    513480.03125   6251055.00000     10442.32069 Case2_F146_NS 20
INLINE-  2147483647 2147483647    513419.00000   6251049.00000     11518.72323 Case2_F146_NS 20
INLINE-  2147483647 2147483647    513285.18750   6251036.50000     13421.72704 Case2_F146_NS 20
INLINE-  2147483647 2147483647    513438.00000   6251159.50000      9454.86852 Case2_F146_NS 21
INLINE-  2147483647 2147483647    513438.59375   6251160.00000      9784.97953 Case2_F146_NS 21
INLINE-  2147483647 2147483647    513407.28125   6251156.50000     10546.92148 Case2_F146_NS 21
INLINE-  2147483647 2147483647    513349.37500   6251151.50000     11561.22332 Case2_F146_NS 21
INLINE-  2147483647 2147483647    513251.06250   6251142.50000     13468.82674 Case2_F146_NS 21
