INLINE-  2147483647 2147483647    516097.68800   6249198.00000      9259.57852 Case1_F068_EW 1
INLINE-  2147483647 2147483647    516081.15600   6249219.50000      9458.04892 Case1_F068_EW 1
INLINE-  2147483647 2147483647    516043.21900   6249269.00000      9730.58946 Case1_F068_EW 1
INLINE-  2147483647 2147483647    516073.43800   6249168.00000      9249.52850 Case1_F068_EW 2
INLINE-  2147483647 2147483647    516049.00000   6249200.00000      9480.13896 Case1_F068_EW 2
INLINE-  2147483647 2147483647    516014.12500   6249245.50000      9732.39946 Case1_F068_EW 2
INLINE-  2147483647 2147483647    516053.37500   6249132.50000      9251.48850 Case1_F068_EW 3
INLINE-  2147483647 2147483647    516031.46900   6249161.00000      9446.54889 Case1_F068_EW 3
INLINE-  2147483647 2147483647    515984.40600   6249222.50000      9733.26947 Case1_F068_EW 3
INLINE-  2147483647 2147483647    516024.53100   6249108.50000      9233.67847 Case1_F068_EW 4
INLINE-  2147483647 2147483647    515992.46900   6249150.50000      9474.23795 Case1_F068_EW 4
INLINE-  2147483647 2147483647    515942.34400   6249216.00000      9728.31946 Case1_F068_EW 4
INLINE-  2147483647 2147483647    515990.28100   6249112.00000      9203.19841 Case1_F068_EW 5
INLINE-  2147483647 2147483647    515950.59400   6249164.00000      9456.65891 Case1_F068_EW 5
INLINE-  2147483647 2147483647    515907.34400   6249220.50000      9720.86944 Case1_F068_EW 5
INLINE-  2147483647 2147483647    515970.31200   6249117.50000      9221.61844 Case1_F068_EW 6
INLINE-  2147483647 2147483647    515931.62500   6249168.00000      9459.52892 Case1_F068_EW 6
INLINE-  2147483647 2147483647    515888.34400   6249224.50000      9714.27943 Case1_F068_EW 6
