INLINE-  2147483647 2147483647    514581.31250   6252763.00000      8994.25822 Case2_F112_EW 1
INLINE-  2147483647 2147483647    514569.90625   6252778.00000      9173.49882 Case2_F112_EW 1
INLINE-  2147483647 2147483647    514547.12500   6252808.00000      9402.35865 Case2_F112_EW 1
INLINE-  2147483647 2147483647    514511.43750   6252854.50000      9864.81953 Case2_F112_EW 1
INLINE-  2147483647 2147483647    514483.31250   6252891.00000     10213.92082 Case2_F112_EW 1
INLINE-  2147483647 2147483647    514420.28125   6252973.50000     10574.12076 Case2_F112_EW 1
INLINE-  2147483647 2147483647    514353.43750   6253061.00000     10835.02167 Case2_F112_EW 1
INLINE-  2147483647 2147483647    514633.21875   6252798.00000      8989.50821 Case2_F112_EW 2
INLINE-  2147483647 2147483647    514619.53125   6252816.00000      9173.49882 Case2_F112_EW 2
INLINE-  2147483647 2147483647    514596.75000   6252845.50000      9402.35865 Case2_F112_EW 2
INLINE-  2147483647 2147483647    514561.06250   6252892.50000      9864.81953 Case2_F112_EW 2
INLINE-  2147483647 2147483647    514532.96875   6252929.00000     10213.92082 Case2_F112_EW 2
INLINE-  2147483647 2147483647    514469.90625   6253011.50000     10574.12076 Case2_F112_EW 2
INLINE-  2147483647 2147483647    514403.06250   6253099.00000     10835.02167 Case2_F112_EW 2
INLINE-  2147483647 2147483647    514679.81250   6252840.00000      8982.15761 Case2_F112_EW 3
INLINE-  2147483647 2147483647    514660.06250   6252866.00000      9182.60821 Case2_F112_EW 3
INLINE-  2147483647 2147483647    514638.03125   6252894.50000      9421.95927 Case2_F112_EW 3
INLINE-  2147483647 2147483647    514610.68750   6252930.50000      9864.81953 Case2_F112_EW 3
INLINE-  2147483647 2147483647    514582.59375   6252967.00000     10213.92082 Case2_F112_EW 3
INLINE-  2147483647 2147483647    514519.53125   6253049.50000     10574.12076 Case2_F112_EW 3
INLINE-  2147483647 2147483647    514452.71875   6253137.00000     10835.02167 Case2_F112_EW 3
INLINE-  2147483647 2147483647    514712.71875   6252900.00000      8980.24843 Case2_F112_EW 4
INLINE-  2147483647 2147483647    514702.84375   6252913.00000      9173.76835 Case2_F112_EW 4
INLINE-  2147483647 2147483647    514687.65625   6252932.50000      9421.95927 Case2_F112_EW 4
INLINE-  2147483647 2147483647    514660.31250   6252968.50000      9864.81953 Case2_F112_EW 4
INLINE-  2147483647 2147483647    514632.21875   6253005.00000     10213.92082 Case2_F112_EW 4
INLINE-  2147483647 2147483647    514569.18750   6253087.50000     10574.12076 Case2_F112_EW 4
INLINE-  2147483647 2147483647    514502.34375   6253175.00000     10835.02167 Case2_F112_EW 4
INLINE-  2147483647 2147483647    514741.06250   6252945.00000      8972.82752 Case2_F112_EW 5
INLINE-  2147483647 2147483647    514728.12500   6252962.00000      9252.07807 Case2_F112_EW 5
INLINE-  2147483647 2147483647    514709.15625   6252987.00000      9584.76917 Case2_F112_EW 5
INLINE-  2147483647 2147483647    514693.18750   6253007.50000      9918.14972 Case2_F112_EW 5
INLINE-  2147483647 2147483647    514665.84375   6253043.50000     10246.32030 Case2_F112_EW 5
INLINE-  2147483647 2147483647    514613.43750   6253112.00000     10553.32091 Case2_F112_EW 5
INLINE-  2147483647 2147483647    514542.81250   6253204.00000     10833.02167 Case2_F112_EW 5
INLINE-  2147483647 2147483647    514765.50000   6252975.00000      8988.45841 Case2_F112_EW 6
INLINE-  2147483647 2147483647    514748.03125   6252997.50000      9248.58881 Case2_F112_EW 6
INLINE-  2147483647 2147483647    514732.84375   6253017.50000      9526.92921 Case2_F112_EW 6
INLINE-  2147483647 2147483647    514722.96875   6253030.50000      9834.64955 Case2_F112_EW 6
INLINE-  2147483647 2147483647    514699.43750   6253061.00000     10193.12000 Case2_F112_EW 6
INLINE-  2147483647 2147483647    514648.53125   6253127.50000     10526.32086 Case2_F112_EW 6
INLINE-  2147483647 2147483647    514573.34375   6253226.00000     10830.82147 Case2_F112_EW 6
INLINE-  2147483647 2147483647    514793.06250   6253021.00000      9021.34812 Case2_F112_EW 7
INLINE-  2147483647 2147483647    514781.68750   6253036.00000      9350.52847 Case2_F112_EW 7
INLINE-  2147483647 2147483647    514769.53125   6253052.00000      9666.37968 Case2_F112_EW 7
INLINE-  2147483647 2147483647    514747.50000   6253080.50000      9995.84030 Case2_F112_EW 7
INLINE-  2147483647 2147483647    514729.25000   6253104.50000     10283.92096 Case2_F112_EW 7
INLINE-  2147483647 2147483647    514679.90625   6253169.00000     10569.82094 Case2_F112_EW 7
INLINE-  2147483647 2147483647    514613.06250   6253256.50000     10830.32147 Case2_F112_EW 7
INLINE-  2147483647 2147483647    514826.65625   6253039.00000      9176.95878 Case2_F112_EW 8
INLINE-  2147483647 2147483647    514806.90625   6253065.00000      9629.14914 Case2_F112_EW 8
INLINE-  2147483647 2147483647    514798.53125   6253075.50000      9880.46996 Case2_F112_EW 8
INLINE-  2147483647 2147483647    514771.18750   6253111.50000     10213.92082 Case2_F112_EW 8
INLINE-  2147483647 2147483647    514708.15625   6253194.00000     10574.12076 Case2_F112_EW 8
INLINE-  2147483647 2147483647    514641.31250   6253281.00000     10835.02167 Case2_F112_EW 8
INLINE-  2147483647 2147483647    514870.90625   6253063.50000      9345.20912 Case2_F112_EW 9
INLINE-  2147483647 2147483647    514851.15625   6253089.00000      9704.57898 Case2_F112_EW 9
INLINE-  2147483647 2147483647    514827.62500   6253120.00000     10025.81986 Case2_F112_EW 9
INLINE-  2147483647 2147483647    514794.96875   6253162.50000     10327.82046 Case2_F112_EW 9
INLINE-  2147483647 2147483647    514740.28125   6253234.00000     10607.62082 Case2_F112_EW 9
INLINE-  2147483647 2147483647    514671.15625   6253324.50000     10864.52173 Case2_F112_EW 9
INLINE-  2147483647 2147483647    514916.81250   6253127.00000      9455.71911 Case2_F112_EW 10
INLINE-  2147483647 2147483647    514908.43750   6253138.00000      9729.65911 Case2_F112_EW 10
INLINE-  2147483647 2147483647    514889.46875   6253162.50000      9914.78936 Case2_F112_EW 10
INLINE-  2147483647 2147483647    514870.46875   6253187.50000     10213.92082 Case2_F112_EW 10
INLINE-  2147483647 2147483647    514807.43750   6253270.00000     10574.12076 Case2_F112_EW 10
INLINE-  2147483647 2147483647    514701.84375   6253407.50000     10962.92232 Case2_F112_EW 10
INLINE-  2147483647 2147483647    514945.15625   6253192.50000      9463.69861 Case2_F112_EW 11
INLINE-  2147483647 2147483647    514947.43750   6253189.50000      9715.53896 Case2_F112_EW 11
INLINE-  2147483647 2147483647    514939.09375   6253200.50000      9946.77966 Case2_F112_EW 11
INLINE-  2147483647 2147483647    514920.09375   6253225.50000     10213.92082 Case2_F112_EW 11
INLINE-  2147483647 2147483647    514857.06250   6253308.00000     10574.12076 Case2_F112_EW 11
INLINE-  2147483647 2147483647    514778.06250   6253411.00000     11000.32181 Case2_F112_EW 11
INLINE-  2147483647 2147483647    514980.37500   6253249.50000      9489.84906 Case2_F112_EW 12
INLINE-  2147483647 2147483647    514983.40625   6253245.50000      9805.53914 Case2_F112_EW 12
INLINE-  2147483647 2147483647    514951.50000   6253287.00000     10204.62002 Case2_F112_EW 12
INLINE-  2147483647 2147483647    514908.21875   6253344.00000     10568.42153 Case2_F112_EW 12
INLINE-  2147483647 2147483647    514836.06250   6253438.00000     10975.02195 Case2_F112_EW 12
INLINE-  2147483647 2147483647    515010.96875   6253292.00000      9498.09907 Case2_F112_EW 13
INLINE-  2147483647 2147483647    515004.87500   6253299.50000      9899.09988 Case2_F112_EW 13
INLINE-  2147483647 2147483647    514975.25000   6253338.50000     10292.82039 Case2_F112_EW 13
INLINE-  2147483647 2147483647    514927.40625   6253401.00000     10674.32115 Case2_F112_EW 13
INLINE-  2147483647 2147483647    514860.56250   6253488.50000     11035.42246 Case2_F112_EW 13
INLINE-  2147483647 2147483647    515043.84375   6253331.00000      9496.39888 Case2_F112_EW 14
INLINE-  2147483647 2147483647    515038.50000   6253338.00000      9755.63963 Case2_F112_EW 14
INLINE-  2147483647 2147483647    515021.81250   6253360.00000     10116.02023 Case2_F112_EW 14
INLINE-  2147483647 2147483647    514989.15625   6253402.50000     10467.82074 Case2_F112_EW 14
INLINE-  2147483647 2147483647    514943.56250   6253462.00000     10779.62117 Case2_F112_EW 14
INLINE-  2147483647 2147483647    514881.28125   6253543.50000     11110.82203 Case2_F112_EW 14
INLINE-  2147483647 2147483647    515109.46875   6253368.50000      9497.56880 Case2_F112_EW 15
INLINE-  2147483647 2147483647    515088.96875   6253395.50000      9852.80974 Case2_F112_EW 15
INLINE-  2147483647 2147483647    515059.34375   6253434.00000     10239.52048 Case2_F112_EW 15
INLINE-  2147483647 2147483647    515017.56250   6253489.00000     10589.02118 Case2_F112_EW 15
INLINE-  2147483647 2147483647    514965.90625   6253556.50000     10936.82168 Case2_F112_EW 15
INLINE-  2147483647 2147483647    514901.34375   6253640.50000     11269.62215 Case2_F112_EW 15
