INLINE-  2147483647 2147483647    515594.31200   6248827.50000      9078.16116 Case1_F067_NNE 1
INLINE-  2147483647 2147483647    515556.50000   6248876.50000      9328.47366 Case1_F067_NNE 1
INLINE-  2147483647 2147483647    515604.21900   6248835.00000      9078.16116 Case1_F067_NNE 2
INLINE-  2147483647 2147483647    515566.43800   6248884.50000      9328.47366 Case1_F067_NNE 2
INLINE-  2147483647 2147483647    515629.53100   6248884.00000      9124.68625 Case1_F067_NNE 3
INLINE-  2147483647 2147483647    515601.53100   6248920.50000      9334.76067 Case1_F067_NNE 3
INLINE-  2147483647 2147483647    515572.25000   6248959.00000      9531.58206 Case1_F067_NNE 3
INLINE-  2147483647 2147483647    515653.18800   6248935.50000      9162.34632 Case1_F067_NNE 4
INLINE-  2147483647 2147483647    515620.28100   6248978.50000      9424.81285 Case1_F067_NNE 4
INLINE-  2147483647 2147483647    515556.78100   6249061.50000      9728.48546 Case1_F067_NNE 4
INLINE-  2147483647 2147483647    515678.06200   6249006.00000      9173.94735 Case1_F067_NNE 5
INLINE-  2147483647 2147483647    515654.75000   6249036.50000      9442.96989 Case1_F067_NNE 5
INLINE-  2147483647 2147483647    515604.34400   6249102.00000      9703.36541 Case1_F067_NNE 5
INLINE-  2147483647 2147483647    515706.96900   6249071.00000      9210.51042 Case1_F067_NNE 6
INLINE-  2147483647 2147483647    515669.50000   6249120.00000      9515.82903 Case1_F067_NNE 6
INLINE-  2147483647 2147483647    515631.53100   6249169.50000      9734.59647 Case1_F067_NNE 6
INLINE-  2147483647 2147483647    515698.50000   6249143.50000      9217.01043 Case1_F067_NNE 7
INLINE-  2147483647 2147483647    515662.25000   6249191.00000      9518.94004 Case1_F067_NNE 7
INLINE-  2147483647 2147483647    515636.68800   6249224.50000      9721.10344 Case1_F067_NNE 7
INLINE-  2147483647 2147483647    515718.65600   6249158.50000      9157.43031 Case1_F067_NNE 8
INLINE-  2147483647 2147483647    515639.00000   6249262.50000      9598.58820 Case1_F067_NNE 8
