INLINE-  2147483647 2147483647    517304.28100   6246029.50000      9207.05841 Case1_F154_NS 1
INLINE-  2147483647 2147483647    517392.78100   6246097.00000      9590.84918 Case1_F154_NS 1
INLINE-  2147483647 2147483647    517523.31200   6246197.00000      9964.93993 Case1_F154_NS 1
INLINE-  2147483647 2147483647    517632.50000   6246280.50000     10233.62047 Case1_F154_NS 1
INLINE-  2147483647 2147483647    517266.25000   6246079.00000      9207.05841 Case1_F154_NS 2
INLINE-  2147483647 2147483647    517354.93800   6246147.00000      9590.84918 Case1_F154_NS 2
INLINE-  2147483647 2147483647    517499.62500   6246257.50000      9996.30899 Case1_F154_NS 2
INLINE-  2147483647 2147483647    517588.46900   6246325.50000     10188.52038 Case1_F154_NS 2
INLINE-  2147483647 2147483647    517218.28100   6246152.50000      9191.60838 Case1_F154_NS 3
INLINE-  2147483647 2147483647    517293.40600   6246210.00000      9559.55912 Case1_F154_NS 3
INLINE-  2147483647 2147483647    517400.87500   6246292.00000      9892.93979 Case1_F154_NS 3
INLINE-  2147483647 2147483647    517534.71900   6246394.50000     10184.42037 Case1_F154_NS 3
INLINE-  2147483647 2147483647    517171.59400   6246227.00000      9173.53835 Case1_F154_NS 4
INLINE-  2147483647 2147483647    517248.40600   6246285.50000      9590.84918 Case1_F154_NS 4
INLINE-  2147483647 2147483647    517384.06200   6246389.50000     10004.52001 Case1_F154_NS 4
INLINE-  2147483647 2147483647    517482.15600   6246464.50000     10188.52038 Case1_F154_NS 4
INLINE-  2147483647 2147483647    517146.96900   6246271.00000      9161.50832 Case1_F154_NS 5
INLINE-  2147483647 2147483647    517218.15600   6246325.50000      9590.84918 Case1_F154_NS 5
INLINE-  2147483647 2147483647    517353.56200   6246429.00000     10004.52001 Case1_F154_NS 5
INLINE-  2147483647 2147483647    517451.90600   6246504.50000     10188.52038 Case1_F154_NS 5
