INLINE-  2147483647 2147483647    518682.50000   6247898.00000      9232.96747 Case1_F140_EW 1
INLINE-  2147483647 2147483647    518703.84400   6247870.00000      9618.05924 Case1_F140_EW 1
INLINE-  2147483647 2147483647    518733.37500   6247831.50000      9913.20983 Case1_F140_EW 1
INLINE-  2147483647 2147483647    518763.90600   6247791.50000     10248.12050 Case1_F140_EW 1
INLINE-  2147483647 2147483647    518632.84400   6247860.00000      9232.96747 Case1_F140_EW 2
INLINE-  2147483647 2147483647    518654.21900   6247832.00000      9618.05924 Case1_F140_EW 2
INLINE-  2147483647 2147483647    518683.75000   6247793.50000      9913.20983 Case1_F140_EW 2
INLINE-  2147483647 2147483647    518720.37500   6247745.50000     10247.72050 Case1_F140_EW 2
INLINE-  2147483647 2147483647    518555.93800   6247857.50000      9223.48845 Case1_F140_EW 3
INLINE-  2147483647 2147483647    518589.28100   6247814.00000      9611.61922 Case1_F140_EW 3
INLINE-  2147483647 2147483647    518623.62500   6247769.00000      9919.64884 Case1_F140_EW 3
INLINE-  2147483647 2147483647    518658.46900   6247723.50000     10336.62067 Case1_F140_EW 3
INLINE-  2147483647 2147483647    518481.12500   6247832.00000      9223.50845 Case1_F140_EW 4
INLINE-  2147483647 2147483647    518529.71900   6247768.50000      9618.08924 Case1_F140_EW 4
INLINE-  2147483647 2147483647    518572.46900   6247712.50000     10023.52005 Case1_F140_EW 4
INLINE-  2147483647 2147483647    518606.56200   6247668.00000     10330.42066 Case1_F140_EW 4
INLINE-  2147483647 2147483647    518414.81200   6247795.00000      9229.94846 Case1_F140_EW 5
INLINE-  2147483647 2147483647    518459.59400   6247736.50000      9662.74933 Case1_F140_EW 5
INLINE-  2147483647 2147483647    518522.68800   6247654.00000     10079.62016 Case1_F140_EW 5
INLINE-  2147483647 2147483647    518549.15600   6247619.50000     10318.52064 Case1_F140_EW 5
INLINE-  2147483647 2147483647    518366.68800   6247714.00000      9259.95852 Case1_F140_EW 6
INLINE-  2147483647 2147483647    518392.40600   6247680.50000      9618.86924 Case1_F140_EW 6
INLINE-  2147483647 2147483647    518442.53100   6247615.00000      9999.95000 Case1_F140_EW 6
INLINE-  2147483647 2147483647    518473.56200   6247574.50000     10314.21963 Case1_F140_EW 6
INLINE-  2147483647 2147483647    518307.81200   6247667.50000      9223.48845 Case1_F140_EW 7
INLINE-  2147483647 2147483647    518341.15600   6247624.00000      9611.61922 Case1_F140_EW 7
INLINE-  2147483647 2147483647    518375.25000   6247579.50000      9919.64884 Case1_F140_EW 7
INLINE-  2147483647 2147483647    518419.53100   6247521.50000     10334.32067 Case1_F140_EW 7
INLINE-  2147483647 2147483647    518251.34400   6247638.50000      9220.55844 Case1_F140_EW 8
INLINE-  2147483647 2147483647    518282.37500   6247598.00000      9645.63929 Case1_F140_EW 8
INLINE-  2147483647 2147483647    518331.00000   6247534.50000     10059.52012 Case1_F140_EW 8
INLINE-  2147483647 2147483647    518363.81200   6247491.50000     10380.12076 Case1_F140_EW 8
INLINE-  2147483647 2147483647    518203.28100   6247619.00000      9219.51844 Case1_F140_EW 9
INLINE-  2147483647 2147483647    518224.40600   6247591.50000      9580.73916 Case1_F140_EW 9
INLINE-  2147483647 2147483647    518254.90600   6247551.50000      9882.41976 Case1_F140_EW 9
INLINE-  2147483647 2147483647    518311.15600   6247478.00000     10381.52076 Case1_F140_EW 9
INLINE-  2147483647 2147483647    518152.18800   6247603.50000      9224.00845 Case1_F140_EW 10
INLINE-  2147483647 2147483647    518174.06200   6247575.00000      9639.64828 Case1_F140_EW 10
INLINE-  2147483647 2147483647    518216.81200   6247519.00000     10042.52009 Case1_F140_EW 10
INLINE-  2147483647 2147483647    518275.09400   6247443.00000     10433.22087 Case1_F140_EW 10
INLINE-  2147483647 2147483647    518091.87500   6247579.50000      9228.67846 Case1_F140_EW 11
INLINE-  2147483647 2147483647    518106.37500   6247560.50000      9551.14910 Case1_F140_EW 11
INLINE-  2147483647 2147483647    518120.62500   6247542.00000      9818.06964 Case1_F140_EW 11
INLINE-  2147483647 2147483647    518202.81200   6247434.50000     10414.82083 Case1_F140_EW 11
INLINE-  2147483647 2147483647    518049.90600   6247552.00000      9224.29845 Case1_F140_EW 12
INLINE-  2147483647 2147483647    518066.46900   6247530.50000      9633.05927 Case1_F140_EW 12
INLINE-  2147483647 2147483647    518105.37500   6247479.50000     10029.92006 Case1_F140_EW 12
INLINE-  2147483647 2147483647    518159.31200   6247409.00000     10415.12083 Case1_F140_EW 12
INLINE-  2147483647 2147483647    517999.40600   6247515.00000      9214.40843 Case1_F140_EW 13
INLINE-  2147483647 2147483647    518010.06200   6247501.00000      9539.22808 Case1_F140_EW 13
INLINE-  2147483647 2147483647    518031.18800   6247473.50000      9818.06964 Case1_F140_EW 13
INLINE-  2147483647 2147483647    518113.37500   6247366.00000     10414.82083 Case1_F140_EW 13
INLINE-  2147483647 2147483647    517953.78100   6247492.50000      9192.89839 Case1_F140_EW 14
INLINE-  2147483647 2147483647    517969.56200   6247472.00000      9607.83922 Case1_F140_EW 14
INLINE-  2147483647 2147483647    518012.31200   6247416.00000     10008.52002 Case1_F140_EW 14
INLINE-  2147483647 2147483647    518069.81200   6247341.00000     10401.31980 Case1_F140_EW 14
INLINE-  2147483647 2147483647    517901.09400   6247458.50000      9177.50836 Case1_F140_EW 15
INLINE-  2147483647 2147483647    517919.15600   6247435.00000      9613.78923 Case1_F140_EW 15
INLINE-  2147483647 2147483647    517952.75000   6247391.00000      9975.50995 Case1_F140_EW 15
INLINE-  2147483647 2147483647    518040.03100   6247277.00000     10558.62112 Case1_F140_EW 15
INLINE-  2147483647 2147483647    517817.84400   6247382.50000      9161.20832 Case1_F140_EW 16
INLINE-  2147483647 2147483647    517846.09400   6247345.50000      9535.82907 Case1_F140_EW 16
INLINE-  2147483647 2147483647    517865.68800   6247320.00000      9941.80988 Case1_F140_EW 16
INLINE-  2147483647 2147483647    517962.87500   6247193.00000     10695.62139 Case1_F140_EW 16
INLINE-  2147483647 2147483647    517748.37500   6247329.00000      9136.32727 Case1_F140_EW 17
INLINE-  2147483647 2147483647    517784.00000   6247282.50000      9498.98900 Case1_F140_EW 17
INLINE-  2147483647 2147483647    517810.46900   6247248.00000      9842.03968 Case1_F140_EW 17
INLINE-  2147483647 2147483647    517836.40600   6247214.00000     10184.02037 Case1_F140_EW 17
INLINE-  2147483647 2147483647    517910.71900   6247117.00000     10653.42131 Case1_F140_EW 17
INLINE-  2147483647 2147483647    517674.21900   6247282.00000      9041.12808 Case1_F140_EW 18
INLINE-  2147483647 2147483647    517713.62500   6247230.50000      9463.65893 Case1_F140_EW 18
INLINE-  2147483647 2147483647    517747.21900   6247186.50000      9844.36969 Case1_F140_EW 18
INLINE-  2147483647 2147483647    517784.37500   6247138.00000     10222.02044 Case1_F140_EW 18
INLINE-  2147483647 2147483647    517841.37500   6247063.50000     10582.72117 Case1_F140_EW 18
INLINE-  2147483647 2147483647    517616.12500   6247234.50000      9031.22806 Case1_F140_EW 19
INLINE-  2147483647 2147483647    517652.00000   6247187.50000      9428.50886 Case1_F140_EW 19
INLINE-  2147483647 2147483647    517686.87500   6247142.00000      9792.28958 Case1_F140_EW 19
INLINE-  2147483647 2147483647    517726.28100   6247090.50000     10154.21931 Case1_F140_EW 19
INLINE-  2147483647 2147483647    517777.18800   6247024.00000     10506.12101 Case1_F140_EW 19
INLINE-  2147483647 2147483647    517558.87500   6247186.00000      8994.75799 Case1_F140_EW 20
INLINE-  2147483647 2147483647    517587.09400   6247149.00000      9364.90873 Case1_F140_EW 20
INLINE-  2147483647 2147483647    517625.03100   6247099.50000      9722.82945 Case1_F140_EW 20
INLINE-  2147483647 2147483647    517665.96900   6247046.00000     10078.32016 Case1_F140_EW 20
INLINE-  2147483647 2147483647    517713.06200   6246984.50000     10429.21986 Case1_F140_EW 20
INLINE-  2147483647 2147483647    517487.93800   6247134.50000      8958.10792 Case1_F140_EW 21
INLINE-  2147483647 2147483647    517513.65600   6247101.00000      9322.90865 Case1_F140_EW 21
INLINE-  2147483647 2147483647    517553.09400   6247049.50000      9679.02936 Case1_F140_EW 21
INLINE-  2147483647 2147483647    517595.84400   6246993.50000     10032.62007 Case1_F140_EW 21
INLINE-  2147483647 2147483647    517640.62500   6246935.00000     10384.42077 Case1_F140_EW 21
INLINE-  2147483647 2147483647    517407.71900   6247095.50000      9023.61805 Case1_F140_EW 22
INLINE-  2147483647 2147483647    517432.90600   6247062.50000      9291.27858 Case1_F140_EW 22
INLINE-  2147483647 2147483647    517473.12500   6247010.00000      9653.32931 Case1_F140_EW 22
INLINE-  2147483647 2147483647    517519.43800   6246949.50000     10009.82002 Case1_F140_EW 22
INLINE-  2147483647 2147483647    517568.78100   6246885.00000     10363.62073 Case1_F140_EW 22
INLINE-  2147483647 2147483647    517343.68800   6247035.00000      9170.22834 Case1_F140_EW 23
INLINE-  2147483647 2147483647    517357.18800   6247017.50000      9344.52869 Case1_F140_EW 23
INLINE-  2147483647 2147483647    517408.84400   6246950.00000      9764.38953 Case1_F140_EW 23
INLINE-  2147483647 2147483647    517498.65600   6246832.50000     10349.52070 Case1_F140_EW 23
INLINE-  2147483647 2147483647    517271.84400   6246985.00000      9167.27833 Case1_F140_EW 24
INLINE-  2147483647 2147483647    517290.90600   6246960.00000      9383.33877 Case1_F140_EW 24
INLINE-  2147483647 2147483647    517353.78100   6246878.00000      9871.61974 Case1_F140_EW 24
INLINE-  2147483647 2147483647    517429.09400   6246779.50000     10347.72070 Case1_F140_EW 24
INLINE-  2147483647 2147483647    517236.00000   6246949.50000      9157.14731 Case1_F140_EW 25
INLINE-  2147483647 2147483647    517251.03100   6246930.00000      9383.28877 Case1_F140_EW 25
INLINE-  2147483647 2147483647    517314.12500   6246847.50000      9871.64974 Case1_F140_EW 25
INLINE-  2147483647 2147483647    517389.43800   6246749.00000     10347.82070 Case1_F140_EW 25
INLINE-  2147483647 2147483647    517186.37500   6246911.50000      9131.65826 Case1_F140_EW 26
INLINE-  2147483647 2147483647    517202.15600   6246891.00000      9384.21777 Case1_F140_EW 26
INLINE-  2147483647 2147483647    517265.25000   6246808.50000      9872.07974 Case1_F140_EW 26
INLINE-  2147483647 2147483647    517339.81200   6246711.00000     10348.32070 Case1_F140_EW 26
INLINE-  2147483647 2147483647    517142.15600   6246887.00000      9052.87811 Case1_F140_EW 27
INLINE-  2147483647 2147483647    517162.53100   6246860.50000      9385.32877 Case1_F140_EW 27
INLINE-  2147483647 2147483647    517225.62500   6246778.00000      9872.64975 Case1_F140_EW 27
INLINE-  2147483647 2147483647    517299.93800   6246681.00000     10348.81970 Case1_F140_EW 27
