INLINE-  2147483647 2147483647    516400.65600   6247793.00000      8757.37151 Case1_F103_NS 1
INLINE-  2147483647 2147483647    516416.59400   6247805.00000      9209.20442 Case1_F103_NS 1
INLINE-  2147483647 2147483647    516466.75000   6247843.50000      9733.46947 Case1_F103_NS 1
INLINE-  2147483647 2147483647    516534.65600   6247895.50000     10230.44546 Case1_F103_NS 1
INLINE-  2147483647 2147483647    516323.15600   6247843.50000      8645.71029 Case1_F103_NS 2
INLINE-  2147483647 2147483647    516330.34400   6247849.00000      9015.49703 Case1_F103_NS 2
INLINE-  2147483647 2147483647    516360.87500   6247872.50000      9391.10278 Case1_F103_NS 2
INLINE-  2147483647 2147483647    516400.34400   6247903.00000      9781.77456 Case1_F103_NS 2
INLINE-  2147483647 2147483647    516513.46900   6247989.50000     10239.85448 Case1_F103_NS 2
INLINE-  2147483647 2147483647    516285.90600   6247925.50000      8707.38041 Case1_F103_NS 3
INLINE-  2147483647 2147483647    516313.31200   6247946.50000      9191.87338 Case1_F103_NS 3
INLINE-  2147483647 2147483647    516360.18800   6247982.00000      9802.81061 Case1_F103_NS 3
INLINE-  2147483647 2147483647    516460.31200   6248059.00000     10239.85448 Case1_F103_NS 3
INLINE-  2147483647 2147483647    516263.71900   6247987.00000      8691.72538 Case1_F103_NS 4
INLINE-  2147483647 2147483647    516312.93800   6248024.50000      9192.87039 Case1_F103_NS 4
INLINE-  2147483647 2147483647    516355.71900   6248057.50000      9592.62919 Case1_F103_NS 4
INLINE-  2147483647 2147483647    516422.34400   6248108.50000     10239.85448 Case1_F103_NS 4
INLINE-  2147483647 2147483647    516247.53100   6248006.00000      8687.25337 Case1_F103_NS 5
INLINE-  2147483647 2147483647    516300.31200   6248046.50000      9207.21341 Case1_F103_NS 5
INLINE-  2147483647 2147483647    516355.93800   6248089.00000      9725.95445 Case1_F103_NS 5
INLINE-  2147483647 2147483647    516407.90600   6248129.00000     10246.23249 Case1_F103_NS 5
INLINE-  2147483647 2147483647    516223.25000   6248035.00000      8686.10937 Case1_F103_NS 6
INLINE-  2147483647 2147483647    516274.93800   6248074.50000      9192.87039 Case1_F103_NS 6
INLINE-  2147483647 2147483647    516317.75000   6248107.00000      9592.62919 Case1_F103_NS 6
INLINE-  2147483647 2147483647    516384.34400   6248158.00000     10239.85448 Case1_F103_NS 6
INLINE-  2147483647 2147483647    516197.34400   6248093.50000      8661.30632 Case1_F103_NS 7
INLINE-  2147483647 2147483647    516246.78100   6248131.50000      9263.17253 Case1_F103_NS 7
INLINE-  2147483647 2147483647    516331.71900   6248196.50000     10119.90724 Case1_F103_NS 7
INLINE-  2147483647 2147483647    516171.21900   6248152.50000      8688.93838 Case1_F103_NS 8
INLINE-  2147483647 2147483647    516192.93800   6248169.00000      9147.32729 Case1_F103_NS 8
INLINE-  2147483647 2147483647    516228.34400   6248196.00000      9602.54821 Case1_F103_NS 8
INLINE-  2147483647 2147483647    516296.75000   6248248.50000     10339.43368 Case1_F103_NS 8
INLINE-  2147483647 2147483647    516149.21900   6248214.00000      8716.47143 Case1_F103_NS 9
INLINE-  2147483647 2147483647    516159.25000   6248222.00000      9207.87442 Case1_F103_NS 9
INLINE-  2147483647 2147483647    516199.18800   6248252.50000      9767.95154 Case1_F103_NS 9
INLINE-  2147483647 2147483647    516263.28100   6248301.50000     10349.73570 Case1_F103_NS 9
INLINE-  2147483647 2147483647    516111.25000   6248264.00000      8716.47143 Case1_F103_NS 10
INLINE-  2147483647 2147483647    516130.59400   6248278.50000      9206.40441 Case1_F103_NS 10
INLINE-  2147483647 2147483647    516168.12500   6248307.50000      9771.21454 Case1_F103_NS 10
INLINE-  2147483647 2147483647    516246.53100   6248367.50000     10431.90986 Case1_F103_NS 10
INLINE-  2147483647 2147483647    516080.71900   6248319.00000      8704.86541 Case1_F103_NS 11
INLINE-  2147483647 2147483647    516092.62500   6248328.50000      9206.40441 Case1_F103_NS 11
INLINE-  2147483647 2147483647    516142.37500   6248366.50000      9761.87452 Case1_F103_NS 11
INLINE-  2147483647 2147483647    516222.87500   6248428.00000     10406.61081 Case1_F103_NS 11
