INLINE-  2147483647 2147483647    514766.34400   6249724.00000      9141.96828 Case1_F011_EW 1
INLINE-  2147483647 2147483647    514721.53100   6249782.50000      9329.88866 Case1_F011_EW 1
INLINE-  2147483647 2147483647    514675.00000   6249843.50000      9467.60894 Case1_F011_EW 1
INLINE-  2147483647 2147483647    514773.90600   6249693.50000      9107.82822 Case1_F011_EW 2
INLINE-  2147483647 2147483647    514722.25000   6249761.00000      9328.47866 Case1_F011_EW 2
INLINE-  2147483647 2147483647    514675.68800   6249822.00000      9488.58898 Case1_F011_EW 2
INLINE-  2147483647 2147483647    514690.56200   6249617.50000      9061.94812 Case1_F011_EW 3
INLINE-  2147483647 2147483647    514643.50000   6249679.00000      9281.10856 Case1_F011_EW 3
INLINE-  2147483647 2147483647    514588.03100   6249751.50000      9507.13801 Case1_F011_EW 3
INLINE-  2147483647 2147483647    514588.25000   6249545.50000      9034.40807 Case1_F011_EW 4
INLINE-  2147483647 2147483647    514541.93800   6249606.00000      9286.99857 Case1_F011_EW 4
INLINE-  2147483647 2147483647    514484.18800   6249681.50000      9494.22799 Case1_F011_EW 4
INLINE-  2147483647 2147483647    514502.78100   6249492.50000      9051.41810 Case1_F011_EW 5
INLINE-  2147483647 2147483647    514451.15600   6249560.00000      9314.22763 Case1_F011_EW 5
INLINE-  2147483647 2147483647    514382.68800   6249649.50000      9576.17915 Case1_F011_EW 5
INLINE-  2147483647 2147483647    514437.18800   6249475.50000      9071.96814 Case1_F011_EW 6
INLINE-  2147483647 2147483647    514390.87500   6249536.00000      9316.38863 Case1_F011_EW 6
INLINE-  2147483647 2147483647    514327.00000   6249619.50000      9562.32912 Case1_F011_EW 6
INLINE-  2147483647 2147483647    514349.53100   6249466.50000      9125.13825 Case1_F011_EW 7
INLINE-  2147483647 2147483647    514309.34400   6249519.00000      9332.63867 Case1_F011_EW 7
INLINE-  2147483647 2147483647    514264.31200   6249578.00000      9521.30804 Case1_F011_EW 7
