INLINE-  2147483647 2147483647    513591.46875   6248667.50000      8838.76768 Case1_F009_EW 1
INLINE-  2147483647 2147483647    513552.71875   6248718.50000      9286.25881 Case1_F009_EW 1
INLINE-  2147483647 2147483647    513483.59375   6248808.50000      9791.28911 Case1_F009_EW 1
INLINE-  2147483647 2147483647    513435.00000   6248872.00000     10058.02012 Case1_F009_EW 1
INLINE-  2147483647 2147483647    513378.78125   6248945.50000     10329.12027 Case1_F009_EW 1
INLINE-  2147483647 2147483647    513601.37500   6248675.50000      8838.76768 Case1_F009_EW 2
INLINE-  2147483647 2147483647    513562.65625   6248726.00000      9286.25881 Case1_F009_EW 2
INLINE-  2147483647 2147483647    513493.53125   6248816.00000      9791.28911 Case1_F009_EW 2
INLINE-  2147483647 2147483647    513444.90625   6248880.00000     10058.02012 Case1_F009_EW 2
INLINE-  2147483647 2147483647    513388.71875   6248953.00000     10329.12027 Case1_F009_EW 2
INLINE-  2147483647 2147483647    513651.84375   6248733.00000      8890.52755 Case1_F009_EW 3
INLINE-  2147483647 2147483647    513629.81250   6248761.50000      9135.97823 Case1_F009_EW 3
INLINE-  2147483647 2147483647    513601.68750   6248798.50000      9377.29903 Case1_F009_EW 3
INLINE-  2147483647 2147483647    513568.28125   6248842.00000      9613.66962 Case1_F009_EW 3
INLINE-  2147483647 2147483647    513530.31250   6248891.50000      9845.61930 Case1_F009_EW 3
INLINE-  2147483647 2147483647    513487.78125   6248947.00000     10071.52014 Case1_F009_EW 3
INLINE-  2147483647 2147483647    513439.90625   6249009.50000     10290.12019 Case1_F009_EW 3
INLINE-  2147483647 2147483647    513395.87500   6249067.50000     10513.82083 Case1_F009_EW 3
INLINE-  2147483647 2147483647    513692.34375   6248782.50000      8942.88800 Case1_F009_EW 4
INLINE-  2147483647 2147483647    513665.00000   6248818.50000      9209.99889 Case1_F009_EW 4
INLINE-  2147483647 2147483647    513630.81250   6248863.00000      9470.66933 Case1_F009_EW 4
INLINE-  2147483647 2147483647    513590.56250   6248915.50000      9726.43937 Case1_F009_EW 4
INLINE-  2147483647 2147483647    513545.75000   6248974.00000      9976.40960 Case1_F009_EW 4
INLINE-  2147483647 2147483647    513495.62500   6249039.50000     10218.82024 Case1_F009_EW 4
INLINE-  2147483647 2147483647    513438.65625   6249114.00000     10451.52090 Case1_F009_EW 4
INLINE-  2147483647 2147483647    513392.34375   6249174.50000     10699.42179 Case1_F009_EW 4
INLINE-  2147483647 2147483647    513743.56250   6248839.00000      8996.12834 Case1_F009_EW 5
INLINE-  2147483647 2147483647    513710.90625   6248882.00000      9284.87892 Case1_F009_EW 5
INLINE-  2147483647 2147483647    513669.12500   6248936.50000      9564.79940 Case1_F009_EW 5
INLINE-  2147483647 2147483647    513622.78125   6248997.00000      9839.96988 Case1_F009_EW 5
INLINE-  2147483647 2147483647    513571.12500   6249064.50000     10107.82002 Case1_F009_EW 5
INLINE-  2147483647 2147483647    513512.65625   6249141.00000     10366.92112 Case1_F009_EW 5
INLINE-  2147483647 2147483647    513447.34375   6249226.50000     10613.32103 Case1_F009_EW 5
INLINE-  2147483647 2147483647    513398.71875   6249290.00000     10885.82158 Case1_F009_EW 5
INLINE-  2147483647 2147483647    513796.28125   6248893.50000      9044.10793 Case1_F009_EW 6
INLINE-  2147483647 2147483647    513766.65625   6248932.50000      9306.12896 Case1_F009_EW 6
INLINE-  2147483647 2147483647    513729.43750   6248981.00000      9534.01907 Case1_F009_EW 6
INLINE-  2147483647 2147483647    513692.21875   6249029.50000      9764.34961 Case1_F009_EW 6
INLINE-  2147483647 2147483647    513615.50000   6249130.00000     10151.61991 Case1_F009_EW 6
INLINE-  2147483647 2147483647    513536.53125   6249233.00000     10490.52098 Case1_F009_EW 6
INLINE-  2147483647 2147483647    513448.40625   6249348.50000     10815.82144 Case1_F009_EW 6
INLINE-  2147483647 2147483647    513405.87500   6249404.00000     11072.12175 Case1_F009_EW 6
INLINE-  2147483647 2147483647    513850.46875   6248925.50000      9060.40777 Case1_F009_EW 7
INLINE-  2147483647 2147483647    513799.59375   6248992.00000      9475.15860 Case1_F009_EW 7
INLINE-  2147483647 2147483647    513735.03125   6249076.50000      9829.38001 Case1_F009_EW 7
INLINE-  2147483647 2147483647    513665.15625   6249168.00000     10151.61991 Case1_F009_EW 7
INLINE-  2147483647 2147483647    513586.15625   6249271.00000     10490.52098 Case1_F009_EW 7
INLINE-  2147483647 2147483647    513498.03125   6249386.00000     10815.82144 Case1_F009_EW 7
INLINE-  2147483647 2147483647    513413.75000   6249496.50000     11234.52247 Case1_F009_EW 7
INLINE-  2147483647 2147483647    513868.96875   6249004.50000      8966.35778 Case1_F009_EW 8
INLINE-  2147483647 2147483647    513833.25000   6249051.00000      9453.17906 Case1_F009_EW 8
INLINE-  2147483647 2147483647    513763.37500   6249142.50000      9781.87992 Case1_F009_EW 8
INLINE-  2147483647 2147483647    513715.53125   6249205.00000     10028.92045 Case1_F009_EW 8
INLINE-  2147483647 2147483647    513619.06250   6249331.00000     10423.72104 Case1_F009_EW 8
INLINE-  2147483647 2147483647    513470.21875   6249525.50000     11163.32213 Case1_F009_EW 8
INLINE-  2147483647 2147483647    513420.84375   6249590.00000     11438.82268 Case1_F009_EW 8
INLINE-  2147483647 2147483647    513896.53125   6249050.50000      8886.32734 Case1_F009_EW 9
INLINE-  2147483647 2147483647    513861.59375   6249096.50000      9344.11830 Case1_F009_EW 9
INLINE-  2147483647 2147483647    513797.78125   6249179.50000      9728.61907 Case1_F009_EW 9
INLINE-  2147483647 2147483647    513720.31250   6249281.00000     10122.52025 Case1_F009_EW 9
INLINE-  2147483647 2147483647    513637.50000   6249389.00000     10509.42141 Case1_F009_EW 9
INLINE-  2147483647 2147483647    513556.25000   6249495.50000     10899.12141 Case1_F009_EW 9
INLINE-  2147483647 2147483647    513478.78125   6249596.50000     11293.82239 Case1_F009_EW 9
INLINE-  2147483647 2147483647    513422.56250   6249670.00000     11584.42356 Case1_F009_EW 9
INLINE-  2147483647 2147483647    513927.12500   6249093.00000      8817.12799 Case1_F009_EW 10
INLINE-  2147483647 2147483647    513903.56250   6249123.50000      9178.95879 Case1_F009_EW 10
INLINE-  2147483647 2147483647    513849.62500   6249194.00000      9596.93912 Case1_F009_EW 10
INLINE-  2147483647 2147483647    513795.62500   6249264.50000      9861.46992 Case1_F009_EW 10
INLINE-  2147483647 2147483647    513701.43750   6249387.50000     10368.32054 Case1_F009_EW 10
INLINE-  2147483647 2147483647    513598.12500   6249522.50000     10862.92212 Case1_F009_EW 10
INLINE-  2147483647 2147483647    513498.62500   6249652.50000     11363.32253 Case1_F009_EW 10
INLINE-  2147483647 2147483647    513432.65625   6249739.00000     11679.42375 Case1_F009_EW 10
INLINE-  2147483647 2147483647    513976.00000   6249132.00000      8798.66799 Case1_F009_EW 11
INLINE-  2147483647 2147483647    513949.40625   6249166.50000      9088.84826 Case1_F009_EW 11
INLINE-  2147483647 2147483647    513922.81250   6249201.50000      9388.95921 Case1_F009_EW 11
INLINE-  2147483647 2147483647    513827.87500   6249325.50000      9921.98957 Case1_F009_EW 11
INLINE-  2147483647 2147483647    513725.34375   6249459.50000     10455.32072 Case1_F009_EW 11
INLINE-  2147483647 2147483647    513617.46875   6249600.50000     10980.72216 Case1_F009_EW 11
INLINE-  2147483647 2147483647    513514.18750   6249735.50000     11511.72322 Case1_F009_EW 11
INLINE-  2147483647 2147483647    513450.37500   6249818.50000     11803.62322 Case1_F009_EW 11
INLINE-  2147483647 2147483647    514033.28125   6249180.50000      8808.71781 Case1_F009_EW 12
INLINE-  2147483647 2147483647    514005.93750   6249216.00000      9124.53778 Case1_F009_EW 12
INLINE-  2147483647 2147483647    513976.31250   6249255.00000      9321.74911 Case1_F009_EW 12
INLINE-  2147483647 2147483647    513881.37500   6249379.00000      9930.30990 Case1_F009_EW 12
INLINE-  2147483647 2147483647    513669.43750   6249656.00000     10983.72216 Case1_F009_EW 12
INLINE-  2147483647 2147483647    513576.03125   6249778.00000     11449.22309 Case1_F009_EW 12
INLINE-  2147483647 2147483647    513479.56250   6249904.00000     11949.82370 Case1_F009_EW 12
INLINE-  2147483647 2147483647    514078.40625   6249245.00000      8890.43770 Case1_F009_EW 13
INLINE-  2147483647 2147483647    514053.34375   6249277.50000      9237.29875 Case1_F009_EW 13
INLINE-  2147483647 2147483647    514006.25000   6249339.00000      9487.64886 Case1_F009_EW 13
INLINE-  2147483647 2147483647    513899.90625   6249478.00000     10080.31997 Case1_F009_EW 13
INLINE-  2147483647 2147483647    513782.18750   6249632.00000     10659.32112 Case1_F009_EW 13
INLINE-  2147483647 2147483647    513665.21875   6249785.00000     11239.62209 Case1_F009_EW 13
INLINE-  2147483647 2147483647    513564.18750   6249917.00000     11674.92374 Case1_F009_EW 13
INLINE-  2147483647 2147483647    513498.12500   6250003.00000     11962.82373 Case1_F009_EW 13
INLINE-  2147483647 2147483647    514117.50000   6249338.00000      8970.60778 Case1_F009_EW 14
INLINE-  2147483647 2147483647    514109.90625   6249348.00000      9125.58856 Case1_F009_EW 14
INLINE-  2147483647 2147483647    514087.12500   6249377.50000      9360.82829 Case1_F009_EW 14
INLINE-  2147483647 2147483647    514021.81250   6249463.00000      9758.80956 Case1_F009_EW 14
INLINE-  2147483647 2147483647    513867.62500   6249664.50000     10504.02101 Case1_F009_EW 14
INLINE-  2147483647 2147483647    513701.28125   6249881.50000     11271.12215 Case1_F009_EW 14
INLINE-  2147483647 2147483647    513543.28125   6250088.00000     11990.52398 Case1_F009_EW 14
INLINE-  2147483647 2147483647    514166.46875   6249418.00000      9038.10792 Case1_F009_EW 15
INLINE-  2147483647 2147483647    514154.34375   6249433.50000      9166.37868 Case1_F009_EW 15
INLINE-  2147483647 2147483647    514122.43750   6249475.50000      9371.47870 Case1_F009_EW 15
INLINE-  2147483647 2147483647    514041.90625   6249580.50000      9876.60960 Case1_F009_EW 15
INLINE-  2147483647 2147483647    513864.93750   6249812.00000     10869.12135 Case1_F009_EW 15
INLINE-  2147483647 2147483647    513729.75000   6249988.50000     11474.02295 Case1_F009_EW 15
INLINE-  2147483647 2147483647    513619.62500   6250132.50000     11950.12351 Case1_F009_EW 15
INLINE-  2147483647 2147483647    514215.40625   6249477.50000      9174.00858 Case1_F009_EW 16
INLINE-  2147483647 2147483647    514199.46875   6249498.00000      9294.74906 Case1_F009_EW 16
INLINE-  2147483647 2147483647    514166.81250   6249541.00000      9501.59908 Case1_F009_EW 16
INLINE-  2147483647 2147483647    514112.12500   6249612.50000      9856.48944 Case1_F009_EW 16
INLINE-  2147483647 2147483647    514052.12500   6249690.50000     10205.62002 Case1_F009_EW 16
INLINE-  2147483647 2147483647    513893.37500   6249898.00000     11047.32190 Case1_F009_EW 16
INLINE-  2147483647 2147483647    513799.18750   6250021.00000     11458.42331 Case1_F009_EW 16
INLINE-  2147483647 2147483647    513683.75000   6250172.00000     11954.52391 Case1_F009_EW 16
INLINE-  2147483647 2147483647    514303.87500   6249505.50000      9127.61786 Case1_F009_EW 17
INLINE-  2147483647 2147483647    514285.00000   6249530.50000      9258.65817 Case1_F009_EW 17
INLINE-  2147483647 2147483647    514218.15625   6249618.00000      9720.89932 Case1_F009_EW 17
INLINE-  2147483647 2147483647    514063.21875   6249820.50000     10621.52124 Case1_F009_EW 17
INLINE-  2147483647 2147483647    513749.43750   6250230.00000     11944.52389 Case1_F009_EW 17
INLINE-  2147483647 2147483647    514377.12500   6249533.50000      9075.05819 Case1_F009_EW 18
INLINE-  2147483647 2147483647    514354.34375   6249563.00000      9250.59858 Case1_F009_EW 18
INLINE-  2147483647 2147483647    514308.75000   6249622.50000      9575.45958 Case1_F009_EW 18
INLINE-  2147483647 2147483647    514192.56250   6249774.50000     10344.62030 Case1_F009_EW 18
INLINE-  2147483647 2147483647    514074.06250   6249929.50000     10888.12139 Case1_F009_EW 18
INLINE-  2147483647 2147483647    513929.75000   6250118.00000     11471.82275 Case1_F009_EW 18
INLINE-  2147483647 2147483647    513796.84375   6250291.50000     11995.12360 Case1_F009_EW 18
INLINE-  2147483647 2147483647    514464.03125   6249543.00000      9010.96822 Case1_F009_EW 19
INLINE-  2147483647 2147483647    514439.71875   6249575.00000      9173.62870 Case1_F009_EW 19
INLINE-  2147483647 2147483647    514375.15625   6249659.50000      9601.48893 Case1_F009_EW 19
INLINE-  2147483647 2147483647    514224.00000   6249857.00000     10431.52086 Case1_F009_EW 19
INLINE-  2147483647 2147483647    514038.68750   6250099.00000     11212.92282 Case1_F009_EW 19
INLINE-  2147483647 2147483647    513955.12500   6250208.00000     11570.62275 Case1_F009_EW 19
INLINE-  2147483647 2147483647    513861.71875   6250330.00000     11968.12355 Case1_F009_EW 19
INLINE-  2147483647 2147483647    514555.53125   6249567.50000      8969.11755 Case1_F009_EW 20
INLINE-  2147483647 2147483647    514534.28125   6249595.50000      9117.22820 Case1_F009_EW 20
INLINE-  2147483647 2147483647    514487.93750   6249656.00000      9408.23854 Case1_F009_EW 20
INLINE-  2147483647 2147483647    514341.34375   6249847.50000     10160.11993 Case1_F009_EW 20
INLINE-  2147483647 2147483647    514160.59375   6250083.50000     10911.82163 Case1_F009_EW 20
INLINE-  2147483647 2147483647    514023.87500   6250262.50000     11523.12266 Case1_F009_EW 20
INLINE-  2147483647 2147483647    513911.43750   6250409.00000     12019.02404 Case1_F009_EW 20
INLINE-  2147483647 2147483647    514695.21875   6249652.50000      8840.64756 Case1_F009_EW 21
INLINE-  2147483647 2147483647    514662.56250   6249695.00000      9083.67832 Case1_F009_EW 21
INLINE-  2147483647 2147483647    514617.00000   6249754.50000      9408.23854 Case1_F009_EW 21
INLINE-  2147483647 2147483647    514475.71875   6249939.50000     10085.92056 Case1_F009_EW 21
INLINE-  2147483647 2147483647    514263.81250   6250216.00000     10940.12149 Case1_F009_EW 21
INLINE-  2147483647 2147483647    514174.93750   6250332.50000     11381.12237 Case1_F009_EW 21
INLINE-  2147483647 2147483647    514020.75000   6250534.00000     12138.42467 Case1_F009_EW 21
INLINE-  2147483647 2147483647    514830.34375   6249743.50000      8852.59778 Case1_F009_EW 22
INLINE-  2147483647 2147483647    514792.37500   6249793.00000      9105.67837 Case1_F009_EW 22
INLINE-  2147483647 2147483647    514738.43750   6249863.50000      9410.01882 Case1_F009_EW 22
INLINE-  2147483647 2147483647    514563.00000   6250092.50000     10183.52037 Case1_F009_EW 22
INLINE-  2147483647 2147483647    514376.15625   6250337.00000     10986.62158 Case1_F009_EW 22
INLINE-  2147483647 2147483647    514282.71875   6250459.00000     11436.32268 Case1_F009_EW 22
INLINE-  2147483647 2147483647    514153.59375   6250627.50000     12132.72446 Case1_F009_EW 22
INLINE-  2147483647 2147483647    514967.75000   6249831.00000      8938.06768 Case1_F009_EW 23
INLINE-  2147483647 2147483647    514941.93750   6249865.00000      9136.61788 Case1_F009_EW 23
INLINE-  2147483647 2147483647    514883.43750   6249941.50000      9437.94856 Case1_F009_EW 23
INLINE-  2147483647 2147483647    514704.93750   6250174.50000     10171.02034 Case1_F009_EW 23
INLINE-  2147483647 2147483647    514513.53125   6250424.50000     10971.52194 Case1_F009_EW 23
INLINE-  2147483647 2147483647    514397.34375   6250576.50000     11503.92340 Case1_F009_EW 23
INLINE-  2147483647 2147483647    514275.06250   6250736.50000     12126.22445 Case1_F009_EW 23
INLINE-  2147483647 2147483647    515074.00000   6249959.50000      8961.49839 Case1_F009_EW 24
INLINE-  2147483647 2147483647    515025.40625   6250023.00000      9288.93850 Case1_F009_EW 24
INLINE-  2147483647 2147483647    514899.31250   6250188.00000      9837.51968 Case1_F009_EW 24
INLINE-  2147483647 2147483647    514774.00000   6250351.50000     10386.32058 Case1_F009_EW 24
INLINE-  2147483647 2147483647    514651.71875   6250511.50000     10941.32169 Case1_F009_EW 24
INLINE-  2147483647 2147483647    514525.62500   6250676.00000     11489.22317 Case1_F009_EW 24
INLINE-  2147483647 2147483647    514381.31250   6250865.00000     12121.02424 Case1_F009_EW 24
INLINE-  2147483647 2147483647    515195.40625   6250048.00000      8886.99824 Case1_F009_EW 25
INLINE-  2147483647 2147483647    515149.09375   6250108.50000      9136.76827 Case1_F009_EW 25
INLINE-  2147483647 2147483647    515078.34375   6250200.50000      9450.25913 Case1_F009_EW 25
INLINE-  2147483647 2147483647    514924.90625   6250401.00000     10188.02038 Case1_F009_EW 25
INLINE-  2147483647 2147483647    514759.34375   6250617.50000     11022.82185 Case1_F009_EW 25
INLINE-  2147483647 2147483647    514633.34375   6250782.50000     11539.12269 Case1_F009_EW 25
INLINE-  2147483647 2147483647    514506.50000   6250948.00000     12096.02419 Case1_F009_EW 25
INLINE-  2147483647 2147483647    515231.78125   6250267.50000      8998.39788 Case1_F009_EW 26
INLINE-  2147483647 2147483647    515175.59375   6250341.00000      9437.13899 Case1_F009_EW 26
INLINE-  2147483647 2147483647    515070.78125   6250478.00000     10112.22042 Case1_F009_EW 26
INLINE-  2147483647 2147483647    514956.09375   6250628.00000     10778.32136 Case1_F009_EW 26
INLINE-  2147483647 2147483647    514831.53125   6250790.50000     11430.62247 Case1_F009_EW 26
INLINE-  2147483647 2147483647    514685.68750   6250981.50000     12054.02411 Case1_F009_EW 26
INLINE-  2147483647 2147483647    515284.12500   6250466.50000      9059.03765 Case1_F009_EW 27
INLINE-  2147483647 2147483647    515259.81250   6250498.50000      9487.63909 Case1_F009_EW 27
INLINE-  2147483647 2147483647    515174.75000   6250609.50000     10304.72080 Case1_F009_EW 27
INLINE-  2147483647 2147483647    515069.93750   6250746.50000     10986.32178 Case1_F009_EW 27
INLINE-  2147483647 2147483647    514989.43750   6250852.00000     11504.42340 Case1_F009_EW 27
INLINE-  2147483647 2147483647    514878.53125   6250996.50000     12005.82382 Case1_F009_EW 27
INLINE-  2147483647 2147483647    515378.93750   6250589.50000      9127.21845 Case1_F009_EW 28
INLINE-  2147483647 2147483647    515373.62500   6250596.50000      9233.64835 Case1_F009_EW 28
INLINE-  2147483647 2147483647    515342.50000   6250637.50000      9634.96947 Case1_F009_EW 28
INLINE-  2147483647 2147483647    515265.78125   6250737.50000     10436.82068 Case1_F009_EW 28
INLINE-  2147483647 2147483647    515152.59375   6250885.50000     11208.22261 Case1_F009_EW 28
INLINE-  2147483647 2147483647    514994.62500   6251092.00000     11922.22404 Case1_F009_EW 28
INLINE-  2147483647 2147483647    515454.65625   6250696.50000      9206.54869 Case1_F009_EW 29
INLINE-  2147483647 2147483647    515440.25000   6250715.00000      9399.27856 Case1_F009_EW 29
INLINE-  2147483647 2147483647    515420.50000   6250741.00000      9703.53894 Case1_F009_EW 29
INLINE-  2147483647 2147483647    515347.56250   6250836.50000     10559.32092 Case1_F009_EW 29
INLINE-  2147483647 2147483647    515272.37500   6250934.50000     11046.82190 Case1_F009_EW 29
INLINE-  2147483647 2147483647    515118.18750   6251136.00000     11683.32317 Case1_F009_EW 29
INLINE-  2147483647 2147483647    515525.78125   6250788.50000      9541.94877 Case1_F009_EW 30
INLINE-  2147483647 2147483647    515515.15625   6250802.50000      9727.19914 Case1_F009_EW 30
INLINE-  2147483647 2147483647    515461.21875   6250873.00000     10319.32044 Case1_F009_EW 30
INLINE-  2147483647 2147483647    515383.75000   6250974.00000     10949.72209 Case1_F009_EW 30
INLINE-  2147483647 2147483647    515236.40625   6251166.50000     11483.12258 Case1_F009_EW 30
INLINE-  2147483647 2147483647    515572.43750   6250851.00000      9693.26939 Case1_F009_EW 31
INLINE-  2147483647 2147483647    515546.59375   6250884.50000     10005.31982 Case1_F009_EW 31
INLINE-  2147483647 2147483647    515517.75000   6250922.50000     10315.32044 Case1_F009_EW 31
INLINE-  2147483647 2147483647    515444.84375   6251017.50000     10945.12150 Case1_F009_EW 31
INLINE-  2147483647 2147483647    515330.90625   6251166.50000     11346.12230 Case1_F009_EW 31
INLINE-  2147483647 2147483647    515641.15625   6250905.00000      9732.44915 Case1_F009_EW 32
INLINE-  2147483647 2147483647    515624.43750   6250927.00000     10056.61972 Case1_F009_EW 32
INLINE-  2147483647 2147483647    515590.28125   6250971.50000     10370.72094 Case1_F009_EW 32
INLINE-  2147483647 2147483647    515512.81250   6251073.00000     10949.72209 Case1_F009_EW 32
INLINE-  2147483647 2147483647    515418.62500   6251196.00000     11290.92297 Case1_F009_EW 32
INLINE-  2147483647 2147483647    515701.46875   6250950.00000      9747.51950 Case1_F009_EW 33
INLINE-  2147483647 2147483647    515649.06250   6251018.00000     10379.82056 Case1_F009_EW 33
INLINE-  2147483647 2147483647    515564.75000   6251128.50000     10988.72217 Case1_F009_EW 33
INLINE-  2147483647 2147483647    515481.21875   6251237.50000     11332.62227 Case1_F009_EW 33
