INLINE-  2147483647 2147483647    518465.68800   6247420.00000      9129.74826 Case1_F157_EW 1
INLINE-  2147483647 2147483647    518560.59400   6247296.00000      9479.89896 Case1_F157_EW 1
INLINE-  2147483647 2147483647    518709.46900   6247101.50000      9772.22954 Case1_F157_EW 1
INLINE-  2147483647 2147483647    518865.18800   6246898.00000     10110.82022 Case1_F157_EW 1
INLINE-  2147483647 2147483647    519001.84400   6246719.50000     10507.62102 Case1_F157_EW 1
INLINE-  2147483647 2147483647    518395.50000   6247409.00000      9102.44820 Case1_F157_EW 2
INLINE-  2147483647 2147483647    518454.78100   6247331.50000      9345.45769 Case1_F157_EW 2
INLINE-  2147483647 2147483647    518558.12500   6247196.50000      9620.87824 Case1_F157_EW 2
INLINE-  2147483647 2147483647    518728.09400   6246974.50000      9904.69981 Case1_F157_EW 2
INLINE-  2147483647 2147483647    518949.96900   6246684.50000     10515.22103 Case1_F157_EW 2
INLINE-  2147483647 2147483647    518289.46900   6247362.50000      9089.69818 Case1_F157_EW 3
INLINE-  2147483647 2147483647    518357.12500   6247274.00000      9399.59880 Case1_F157_EW 3
INLINE-  2147483647 2147483647    518449.00000   6247154.00000      9632.80927 Case1_F157_EW 3
INLINE-  2147483647 2147483647    518622.03100   6246928.00000      9916.03983 Case1_F157_EW 3
INLINE-  2147483647 2147483647    518838.56200   6246645.00000     10548.12110 Case1_F157_EW 3
INLINE-  2147483647 2147483647    518184.93800   6247314.00000      9124.83825 Case1_F157_EW 4
INLINE-  2147483647 2147483647    518261.00000   6247214.50000      9357.61872 Case1_F157_EW 4
INLINE-  2147483647 2147483647    518372.46900   6247069.00000      9619.34924 Case1_F157_EW 4
INLINE-  2147483647 2147483647    518519.78100   6246876.50000      9890.89878 Case1_F157_EW 4
INLINE-  2147483647 2147483647    518747.78100   6246578.50000     10493.92099 Case1_F157_EW 4
INLINE-  2147483647 2147483647    518065.87500   6247284.50000      9049.80810 Case1_F157_EW 5
INLINE-  2147483647 2147483647    518170.68800   6247147.50000      9345.68869 Case1_F157_EW 5
INLINE-  2147483647 2147483647    518313.68800   6246960.50000      9621.11924 Case1_F157_EW 5
INLINE-  2147483647 2147483647    518454.15600   6246777.00000      9922.40984 Case1_F157_EW 5
INLINE-  2147483647 2147483647    518555.15600   6246645.00000     10192.22038 Case1_F157_EW 5
INLINE-  2147483647 2147483647    518671.96900   6246492.50000     10544.22009 Case1_F157_EW 5
INLINE-  2147483647 2147483647    517942.43800   6247260.50000      8976.25795 Case1_F157_EW 6
INLINE-  2147483647 2147483647    518083.65600   6247076.00000      9301.14860 Case1_F157_EW 6
INLINE-  2147483647 2147483647    518260.00000   6246845.50000      9625.09925 Case1_F157_EW 6
INLINE-  2147483647 2147483647    518360.25000   6246714.50000      9917.13883 Case1_F157_EW 6
INLINE-  2147483647 2147483647    518499.18800   6246533.00000     10261.22052 Case1_F157_EW 6
INLINE-  2147483647 2147483647    518578.09400   6246430.00000     10527.62106 Case1_F157_EW 6
INLINE-  2147483647 2147483647    517909.40600   6247201.00000      8988.15798 Case1_F157_EW 7
INLINE-  2147483647 2147483647    518078.12500   6246980.50000      9368.48874 Case1_F157_EW 7
INLINE-  2147483647 2147483647    518252.15600   6246753.00000      9729.10946 Case1_F157_EW 7
INLINE-  2147483647 2147483647    518393.40600   6246568.50000     10182.12036 Case1_F157_EW 7
INLINE-  2147483647 2147483647    518522.40600   6246400.00000     10501.62100 Case1_F157_EW 7
INLINE-  2147483647 2147483647    517901.03100   6247129.50000      9023.94805 Case1_F157_EW 8
INLINE-  2147483647 2147483647    518000.53100   6246999.50000      9278.57856 Case1_F157_EW 8
INLINE-  2147483647 2147483647    518170.50000   6246777.50000      9625.09925 Case1_F157_EW 8
INLINE-  2147483647 2147483647    518270.75000   6246646.50000      9917.13883 Case1_F157_EW 8
INLINE-  2147483647 2147483647    518488.06200   6246362.50000     10632.42126 Case1_F157_EW 8
