INLINE-  2147483647 2147483647    515336.43800   6250912.50000      9403.93181 Case2_F126_NS 1
INLINE-  2147483647 2147483647    515372.06200   6250940.00000      9757.08951 Case2_F126_NS 1
INLINE-  2147483647 2147483647    515418.12500   6250975.50000     10105.35321 Case2_F126_NS 1
INLINE-  2147483647 2147483647    515467.84400   6251013.50000     10451.25990 Case2_F126_NS 1
INLINE-  2147483647 2147483647    515533.18800   6251063.50000     10786.63357 Case2_F126_NS 1
INLINE-  2147483647 2147483647    515283.71900   6250951.00000      9429.76286 Case2_F126_NS 2
INLINE-  2147483647 2147483647    515317.31200   6250977.00000      9747.98350 Case2_F126_NS 2
INLINE-  2147483647 2147483647    515363.21900   6251012.00000     10080.70216 Case2_F126_NS 2
INLINE-  2147483647 2147483647    515409.37500   6251047.00000     10465.88693 Case2_F126_NS 2
INLINE-  2147483647 2147483647    515486.37500   6251106.00000     10831.29766 Case2_F126_NS 2
INLINE-  2147483647 2147483647    515213.84400   6251008.00000      9427.52886 Case2_F126_NS 3
INLINE-  2147483647 2147483647    515254.78100   6251039.00000      9773.61155 Case2_F126_NS 3
INLINE-  2147483647 2147483647    515310.59400   6251082.00000     10125.54925 Case2_F126_NS 3
INLINE-  2147483647 2147483647    515364.03100   6251122.50000     10492.75699 Case2_F126_NS 3
INLINE-  2147483647 2147483647    515427.21900   6251171.00000     10853.32371 Case2_F126_NS 3
INLINE-  2147483647 2147483647    515140.87500   6251062.00000      9392.26578 Case2_F126_NS 4
INLINE-  2147483647 2147483647    515175.34400   6251088.50000      9672.29834 Case2_F126_NS 4
INLINE-  2147483647 2147483647    515233.28100   6251133.00000     10014.35603 Case2_F126_NS 4
INLINE-  2147483647 2147483647    515304.31200   6251187.00000     10428.35086 Case2_F126_NS 4
INLINE-  2147483647 2147483647    515365.40600   6251234.00000     10848.64370 Case2_F126_NS 4
INLINE-  2147483647 2147483647    515016.53100   6251108.50000      9110.63122 Case2_F126_NS 5
INLINE-  2147483647 2147483647    515064.31200   6251145.00000      9532.99607 Case2_F126_NS 5
INLINE-  2147483647 2147483647    515124.37500   6251191.00000      9966.26593 Case2_F126_NS 5
INLINE-  2147483647 2147483647    515183.34400   6251236.00000     10400.16880 Case2_F126_NS 5
INLINE-  2147483647 2147483647    515261.18800   6251296.00000     10761.32652 Case2_F126_NS 5
INLINE-  2147483647 2147483647    514968.06200   6251150.00000      9021.36104 Case2_F126_NS 6
INLINE-  2147483647 2147483647    515011.81200   6251183.50000      9463.76193 Case2_F126_NS 6
INLINE-  2147483647 2147483647    515066.37500   6251225.50000      9922.69185 Case2_F126_NS 6
INLINE-  2147483647 2147483647    515133.71900   6251277.00000     10391.69578 Case2_F126_NS 6
INLINE-  2147483647 2147483647    515196.25000   6251325.00000     10852.82071 Case2_F126_NS 6
INLINE-  2147483647 2147483647    514913.06200   6251187.00000      8929.12886 Case2_F126_NS 7
INLINE-  2147483647 2147483647    514961.37500   6251223.50000      9432.64787 Case2_F126_NS 7
INLINE-  2147483647 2147483647    515014.37500   6251264.50000      9959.39992 Case2_F126_NS 7
INLINE-  2147483647 2147483647    515070.46900   6251307.00000     10416.66883 Case2_F126_NS 7
INLINE-  2147483647 2147483647    515135.21900   6251357.00000     10874.45975 Case2_F126_NS 7
INLINE-  2147483647 2147483647    514873.09400   6251235.00000      8922.62885 Case2_F126_NS 8
INLINE-  2147483647 2147483647    514910.90600   6251264.00000      9412.65883 Case2_F126_NS 8
INLINE-  2147483647 2147483647    514962.96900   6251303.50000      9897.60180 Case2_F126_NS 8
INLINE-  2147483647 2147483647    515016.46900   6251344.50000     10381.86276 Case2_F126_NS 8
INLINE-  2147483647 2147483647    515088.00000   6251399.50000     10856.64871 Case2_F126_NS 8
INLINE-  2147483647 2147483647    514832.90600   6251283.00000      8934.45187 Case2_F126_NS 9
INLINE-  2147483647 2147483647    514853.40600   6251298.50000      9332.28866 Case2_F126_NS 9
INLINE-  2147483647 2147483647    514922.15600   6251351.00000      9941.88688 Case2_F126_NS 9
INLINE-  2147483647 2147483647    514959.31200   6251379.50000     10312.78663 Case2_F126_NS 9
INLINE-  2147483647 2147483647    515040.84400   6251442.00000     10826.74665 Case2_F126_NS 9
INLINE-  2147483647 2147483647    514768.40600   6251328.00000      8958.45592 Case2_F126_NS 10
INLINE-  2147483647 2147483647    514795.81200   6251349.00000      9418.71384 Case2_F126_NS 10
INLINE-  2147483647 2147483647    514840.65600   6251383.00000      9873.44375 Case2_F126_NS 10
INLINE-  2147483647 2147483647    514894.15600   6251424.00000     10324.25965 Case2_F126_NS 10
INLINE-  2147483647 2147483647    514967.43800   6251480.00000     10763.86953 Case2_F126_NS 10
INLINE-  2147483647 2147483647    514696.87500   6251383.50000      8981.71296 Case2_F126_NS 11
INLINE-  2147483647 2147483647    514720.12500   6251401.00000      9344.71569 Case2_F126_NS 11
INLINE-  2147483647 2147483647    514768.87500   6251438.50000      9947.52790 Case2_F126_NS 11
INLINE-  2147483647 2147483647    514822.34400   6251479.50000     10328.20466 Case2_F126_NS 11
INLINE-  2147483647 2147483647    514884.28100   6251526.50000     10704.19941 Case2_F126_NS 11
INLINE-  2147483647 2147483647    514620.90600   6251482.50000      8981.71296 Case2_F126_NS 12
INLINE-  2147483647 2147483647    514644.18800   6251500.50000      9344.71569 Case2_F126_NS 12
INLINE-  2147483647 2147483647    514666.34400   6251517.50000      9646.92929 Case2_F126_NS 12
INLINE-  2147483647 2147483647    514692.93800   6251537.50000      9947.52790 Case2_F126_NS 12
INLINE-  2147483647 2147483647    514787.65600   6251610.00000     10710.48642 Case2_F126_NS 12
INLINE-  2147483647 2147483647    514532.96900   6251651.50000      9010.03802 Case2_F126_NS 13
INLINE-  2147483647 2147483647    514538.40600   6251655.50000      9332.62067 Case2_F126_NS 13
INLINE-  2147483647 2147483647    514560.31200   6251672.00000      9584.36517 Case2_F126_NS 13
INLINE-  2147483647 2147483647    514589.18800   6251694.50000      9908.70782 Case2_F126_NS 13
INLINE-  2147483647 2147483647    514626.37500   6251722.50000     10363.73973 Case2_F126_NS 13
INLINE-  2147483647 2147483647    514667.06200   6251754.00000     10786.51757 Case2_F126_NS 13
