INLINE-  2147483647 2147483647    515402.40600   6249304.50000      9107.55522 Case1_F048_EW 1
INLINE-  2147483647 2147483647    515408.50000   6249296.50000      9279.97556 Case1_F048_EW 1
INLINE-  2147483647 2147483647    515425.90600   6249273.50000      9560.15012 Case1_F048_EW 1
INLINE-  2147483647 2147483647    515391.87500   6249297.50000      9073.50215 Case1_F048_EW 2
INLINE-  2147483647 2147483647    515400.37500   6249286.50000      9306.45661 Case1_F048_EW 2
INLINE-  2147483647 2147483647    515412.21900   6249271.00000      9538.38008 Case1_F048_EW 2
INLINE-  2147483647 2147483647    515371.78100   6249282.50000      9049.40610 Case1_F048_EW 3
INLINE-  2147483647 2147483647    515379.71900   6249272.50000      9286.05357 Case1_F048_EW 3
INLINE-  2147483647 2147483647    515389.90600   6249259.00000      9522.10904 Case1_F048_EW 3
INLINE-  2147483647 2147483647    515352.37500   6249267.00000      9047.87910 Case1_F048_EW 4
INLINE-  2147483647 2147483647    515360.03100   6249257.00000      9282.26456 Case1_F048_EW 4
INLINE-  2147483647 2147483647    515370.06200   6249244.00000      9516.03703 Case1_F048_EW 4
INLINE-  2147483647 2147483647    515333.12500   6249251.00000      9050.38110 Case1_F048_EW 5
INLINE-  2147483647 2147483647    515340.53100   6249241.00000      9281.79356 Case1_F048_EW 5
INLINE-  2147483647 2147483647    515350.65600   6249228.00000      9512.47202 Case1_F048_EW 5
INLINE-  2147483647 2147483647    515313.81200   6249235.00000      9050.86810 Case1_F048_EW 6
INLINE-  2147483647 2147483647    515321.00000   6249225.50000      9281.68456 Case1_F048_EW 6
INLINE-  2147483647 2147483647    515331.18800   6249212.50000      9511.71002 Case1_F048_EW 6
INLINE-  2147483647 2147483647    515304.15600   6249227.00000      9051.10810 Case1_F048_EW 7
INLINE-  2147483647 2147483647    515311.21900   6249218.00000      9280.94056 Case1_F048_EW 7
INLINE-  2147483647 2147483647    515321.40600   6249204.50000      9509.95702 Case1_F048_EW 7
INLINE-  2147483647 2147483647    515294.46900   6249219.00000      9051.33010 Case1_F048_EW 8
INLINE-  2147483647 2147483647    515301.37500   6249210.00000      9277.64456 Case1_F048_EW 8
INLINE-  2147483647 2147483647    515311.43800   6249197.00000      9503.11301 Case1_F048_EW 8
INLINE-  2147483647 2147483647    515255.59400   6249187.50000      9052.09310 Case1_F048_EW 9
INLINE-  2147483647 2147483647    515262.00000   6249179.50000      9254.27651 Case1_F048_EW 9
INLINE-  2147483647 2147483647    515269.75000   6249169.00000      9418.33184 Case1_F048_EW 9
INLINE-  2147483647 2147483647    515223.09400   6249168.50000      9046.56609 Case1_F048_EW 10
INLINE-  2147483647 2147483647    515230.28100   6249159.00000      9211.30742 Case1_F048_EW 10
INLINE-  2147483647 2147483647    515239.65600   6249147.00000      9375.28975 Case1_F048_EW 10
INLINE-  2147483647 2147483647    515199.84400   6249157.50000      9039.60408 Case1_F048_EW 11
INLINE-  2147483647 2147483647    515208.28100   6249146.50000      9174.09635 Case1_F048_EW 11
INLINE-  2147483647 2147483647    515219.84400   6249131.50000      9331.83466 Case1_F048_EW 11
INLINE-  2147483647 2147483647    515178.03100   6249145.00000      9034.83007 Case1_F048_EW 12
INLINE-  2147483647 2147483647    515189.09400   6249130.50000      9157.82932 Case1_F048_EW 12
INLINE-  2147483647 2147483647    515200.78100   6249115.50000      9280.49556 Case1_F048_EW 12
INLINE-  2147483647 2147483647    515146.78100   6249124.00000      9030.70606 Case1_F048_EW 13
INLINE-  2147483647 2147483647    515172.21900   6249091.00000      9227.45745 Case1_F048_EW 13
