INLINE-  2147483647 2147483647    509971.06200   6253604.00000     10199.13540 Case2_F019_EW 1
INLINE-  2147483647 2147483647    509984.53100   6253586.50000     10388.79678 Case2_F019_EW 1
INLINE-  2147483647 2147483647    510020.93800   6253539.00000     10726.13945 Case2_F019_EW 1
INLINE-  2147483647 2147483647    510017.50000   6253625.50000     10184.49537 Case2_F019_EW 2
INLINE-  2147483647 2147483647    510035.65600   6253602.00000     10474.63795 Case2_F019_EW 2
INLINE-  2147483647 2147483647    510062.87500   6253566.50000     10760.03052 Case2_F019_EW 2
INLINE-  2147483647 2147483647    510062.81200   6253648.50000     10171.89734 Case2_F019_EW 3
INLINE-  2147483647 2147483647    510074.00000   6253634.00000     10410.42082 Case2_F019_EW 3
INLINE-  2147483647 2147483647    510106.31200   6253592.00000     10779.15456 Case2_F019_EW 3
INLINE-  2147483647 2147483647    510104.06200   6253677.00000     10166.89633 Case2_F019_EW 4
INLINE-  2147483647 2147483647    510118.65600   6253658.00000     10427.45285 Case2_F019_EW 4
INLINE-  2147483647 2147483647    510154.46900   6253611.00000     10745.77749 Case2_F019_EW 4
INLINE-  2147483647 2147483647    510156.62500   6253690.50000     10179.57936 Case2_F019_EW 5
INLINE-  2147483647 2147483647    510168.18800   6253675.50000     10397.78880 Case2_F019_EW 5
INLINE-  2147483647 2147483647    510209.71900   6253621.50000     10673.50135 Case2_F019_EW 5
INLINE-  2147483647 2147483647    510228.21900   6253679.50000     10228.54646 Case2_F019_EW 6
INLINE-  2147483647 2147483647    510244.90600   6253657.50000     10410.41982 Case2_F019_EW 6
INLINE-  2147483647 2147483647    510289.87500   6253599.00000     10674.06635 Case2_F019_EW 6
