INLINE-  2147483647 2147483647    515020.56200   6253690.50000      9408.25882 Case2_F114_EW 1
INLINE-  2147483647 2147483647    515013.06200   6253700.50000      9606.67821 Case2_F114_EW 1
INLINE-  2147483647 2147483647    514999.59400   6253718.00000      9877.76376 Case2_F114_EW 1
INLINE-  2147483647 2147483647    514962.31200   6253766.50000     10279.95356 Case2_F114_EW 1
INLINE-  2147483647 2147483647    514905.93800   6253840.50000     10690.89638 Case2_F114_EW 1
INLINE-  2147483647 2147483647    514827.03100   6253943.50000     11018.78604 Case2_F114_EW 1
INLINE-  2147483647 2147483647    514745.37500   6254050.00000     11338.37868 Case2_F114_EW 1
INLINE-  2147483647 2147483647    514978.84400   6253642.50000      9414.40383 Case2_F114_EW 2
INLINE-  2147483647 2147483647    514969.18800   6253655.00000      9590.46218 Case2_F114_EW 2
INLINE-  2147483647 2147483647    514948.15600   6253682.50000      9934.71687 Case2_F114_EW 2
INLINE-  2147483647 2147483647    514912.68800   6253728.50000     10279.95356 Case2_F114_EW 2
INLINE-  2147483647 2147483647    514856.31200   6253802.50000     10690.89638 Case2_F114_EW 2
INLINE-  2147483647 2147483647    514788.71900   6253890.50000     11005.16901 Case2_F114_EW 2
INLINE-  2147483647 2147483647    514714.03100   6253988.50000     11269.36354 Case2_F114_EW 2
INLINE-  2147483647 2147483647    514915.00000   6253623.00000      9451.85290 Case2_F114_EW 3
INLINE-  2147483647 2147483647    514913.96900   6253624.00000      9594.41919 Case2_F114_EW 3
INLINE-  2147483647 2147483647    514893.25000   6253651.50000      9875.76775 Case2_F114_EW 3
INLINE-  2147483647 2147483647    514857.00000   6253698.50000     10286.30057 Case2_F114_EW 3
INLINE-  2147483647 2147483647    514806.68800   6253764.50000     10690.89638 Case2_F114_EW 3
INLINE-  2147483647 2147483647    514741.90600   6253849.00000     10982.09496 Case2_F114_EW 3
INLINE-  2147483647 2147483647    514682.87500   6253926.00000     11202.89441 Case2_F114_EW 3
INLINE-  2147483647 2147483647    514849.96900   6253605.00000      9515.23803 Case2_F114_EW 4
INLINE-  2147483647 2147483647    514839.50000   6253618.50000      9854.17471 Case2_F114_EW 4
INLINE-  2147483647 2147483647    514821.03100   6253643.00000     10198.75040 Case2_F114_EW 4
INLINE-  2147483647 2147483647    514789.59400   6253684.00000     10478.51096 Case2_F114_EW 4
INLINE-  2147483647 2147483647    514756.46900   6253727.00000     10651.08030 Case2_F114_EW 4
INLINE-  2147483647 2147483647    514679.00000   6253828.50000     11004.80201 Case2_F114_EW 4
INLINE-  2147483647 2147483647    514796.68800   6253571.50000      9508.70902 Case2_F114_EW 5
INLINE-  2147483647 2147483647    514787.56200   6253583.50000      9856.49071 Case2_F114_EW 5
INLINE-  2147483647 2147483647    514763.78100   6253614.50000     10279.95356 Case2_F114_EW 5
INLINE-  2147483647 2147483647    514711.18800   6253683.50000     10639.05828 Case2_F114_EW 5
INLINE-  2147483647 2147483647    514643.37500   6253772.00000     10967.91294 Case2_F114_EW 5
INLINE-  2147483647 2147483647    514762.53100   6253513.50000      9459.92392 Case2_F114_EW 6
INLINE-  2147483647 2147483647    514737.93800   6253545.50000      9856.49071 Case2_F114_EW 6
INLINE-  2147483647 2147483647    514714.15600   6253577.00000     10279.95356 Case2_F114_EW 6
INLINE-  2147483647 2147483647    514673.12500   6253630.50000     10589.37018 Case2_F114_EW 6
INLINE-  2147483647 2147483647    514603.96900   6253720.50000     10968.64494 Case2_F114_EW 6
