INLINE-  2147483647 2147483647    516342.09400   6247295.00000      8683.82637 Case1_F115_EW 1
INLINE-  2147483647 2147483647    516396.03100   6247224.50000      9553.68911 Case1_F115_EW 1
INLINE-  2147483647 2147483647    516435.50000   6247173.00000      9983.45997 Case1_F115_EW 1
INLINE-  2147483647 2147483647    516490.18800   6247101.50000     10266.71953 Case1_F115_EW 1
INLINE-  2147483647 2147483647    516573.90600   6246992.00000     10484.02097 Case1_F115_EW 1
INLINE-  2147483647 2147483647    516685.37500   6246846.50000     10599.12120 Case1_F115_EW 1
INLINE-  2147483647 2147483647    516829.87500   6246657.50000     10767.22153 Case1_F115_EW 1
INLINE-  2147483647 2147483647    516296.28100   6247252.00000      8652.80731 Case1_F115_EW 2
INLINE-  2147483647 2147483647    516346.40600   6247186.50000      9553.68911 Case1_F115_EW 2
INLINE-  2147483647 2147483647    516385.84400   6247135.00000      9983.45997 Case1_F115_EW 2
INLINE-  2147483647 2147483647    516439.03100   6247065.50000     10239.02048 Case1_F115_EW 2
INLINE-  2147483647 2147483647    516531.90600   6246944.00000     10315.82063 Case1_F115_EW 2
INLINE-  2147483647 2147483647    516638.03100   6246805.50000     10463.72093 Case1_F115_EW 2
INLINE-  2147483647 2147483647    516755.09400   6246652.50000     10629.82126 Case1_F115_EW 2
INLINE-  2147483647 2147483647    516209.37500   6247221.50000      8663.36733 Case1_F115_EW 3
INLINE-  2147483647 2147483647    516229.21900   6247195.50000      9087.04817 Case1_F115_EW 3
INLINE-  2147483647 2147483647    516257.96900   6247158.00000      9506.55901 Case1_F115_EW 3
INLINE-  2147483647 2147483647    516302.75000   6247099.50000      9916.48983 Case1_F115_EW 3
INLINE-  2147483647 2147483647    516390.03100   6246985.50000     10261.62052 Case1_F115_EW 3
INLINE-  2147483647 2147483647    516541.18800   6246788.00000     10411.22082 Case1_F115_EW 3
INLINE-  2147483647 2147483647    516683.18800   6246602.50000     10617.82124 Case1_F115_EW 3
INLINE-  2147483647 2147483647    516162.31200   6247200.50000      8662.46432 Case1_F115_EW 4
INLINE-  2147483647 2147483647    516179.96900   6247177.50000      9087.88418 Case1_F115_EW 4
INLINE-  2147483647 2147483647    516210.46900   6247138.00000      9507.80202 Case1_F115_EW 4
INLINE-  2147483647 2147483647    516259.68800   6247073.50000      9915.56483 Case1_F115_EW 4
INLINE-  2147483647 2147483647    516349.90600   6246955.50000     10265.88953 Case1_F115_EW 4
INLINE-  2147483647 2147483647    516502.00000   6246757.00000     10417.34883 Case1_F115_EW 4
INLINE-  2147483647 2147483647    516644.46900   6246570.50000     10622.80025 Case1_F115_EW 4
INLINE-  2147483647 2147483647    516121.12500   6247172.50000      8753.76551 Case1_F115_EW 5
INLINE-  2147483647 2147483647    516150.43800   6247134.00000      9343.58869 Case1_F115_EW 5
INLINE-  2147483647 2147483647    516218.12500   6247045.50000      9924.32985 Case1_F115_EW 5
INLINE-  2147483647 2147483647    516290.12500   6246951.50000     10239.02048 Case1_F115_EW 5
INLINE-  2147483647 2147483647    516382.15600   6246831.00000     10337.69668 Case1_F115_EW 5
INLINE-  2147483647 2147483647    516489.12500   6246691.50000     10463.72093 Case1_F115_EW 5
INLINE-  2147483647 2147483647    516606.15600   6246538.50000     10629.82126 Case1_F115_EW 5
INLINE-  2147483647 2147483647    516077.65600   6247126.00000      8743.35749 Case1_F115_EW 6
INLINE-  2147483647 2147483647    516096.03100   6247102.00000      9158.03932 Case1_F115_EW 6
INLINE-  2147483647 2147483647    516125.75000   6247063.50000      9568.02714 Case1_F115_EW 6
INLINE-  2147483647 2147483647    516170.96900   6247004.50000      9967.70394 Case1_F115_EW 6
INLINE-  2147483647 2147483647    516271.09400   6246873.50000     10274.34655 Case1_F115_EW 6
INLINE-  2147483647 2147483647    516417.34400   6246682.50000     10432.75587 Case1_F115_EW 6
INLINE-  2147483647 2147483647    516556.78100   6246500.00000     10631.07026 Case1_F115_EW 6
INLINE-  2147483647 2147483647    516042.43800   6247069.50000      8834.24467 Case1_F115_EW 7
INLINE-  2147483647 2147483647    516073.28100   6247029.00000      9354.34871 Case1_F115_EW 7
INLINE-  2147483647 2147483647    516124.93800   6246961.50000     10017.72004 Case1_F115_EW 7
INLINE-  2147483647 2147483647    516190.84400   6246875.50000     10239.02048 Case1_F115_EW 7
INLINE-  2147483647 2147483647    516283.46900   6246754.50000     10315.82063 Case1_F115_EW 7
INLINE-  2147483647 2147483647    516389.84400   6246615.50000     10463.72093 Case1_F115_EW 7
INLINE-  2147483647 2147483647    516506.87500   6246462.50000     10629.82126 Case1_F115_EW 7
