INLINE-  2147483647 2147483647    518895.46900   6247722.50000      9589.27918 Case1_F141_EW 1
INLINE-  2147483647 2147483647    518853.71900   6247777.00000      9980.83996 Case1_F141_EW 1
INLINE-  2147483647 2147483647    518753.46900   6247908.00000     10475.02095 Case1_F141_EW 1
INLINE-  2147483647 2147483647    518854.25000   6247673.50000      9595.18919 Case1_F141_EW 2
INLINE-  2147483647 2147483647    518812.50000   6247728.00000      9967.77994 Case1_F141_EW 2
INLINE-  2147483647 2147483647    518733.37500   6247831.50000     10501.32000 Case1_F141_EW 2
INLINE-  2147483647 2147483647    518813.68800   6247623.50000      9608.58922 Case1_F141_EW 3
INLINE-  2147483647 2147483647    518778.06200   6247670.00000      9964.06993 Case1_F141_EW 3
INLINE-  2147483647 2147483647    518701.21900   6247770.50000     10518.52104 Case1_F141_EW 3
INLINE-  2147483647 2147483647    518766.31200   6247582.50000      9600.63920 Case1_F141_EW 4
INLINE-  2147483647 2147483647    518723.84400   6247638.00000     10010.42002 Case1_F141_EW 4
INLINE-  2147483647 2147483647    518666.06200   6247713.50000     10406.52081 Case1_F141_EW 4
INLINE-  2147483647 2147483647    518717.59400   6247543.50000      9591.24918 Case1_F141_EW 5
INLINE-  2147483647 2147483647    518678.65600   6247594.50000      9964.06993 Case1_F141_EW 5
INLINE-  2147483647 2147483647    518627.00000   6247662.00000     10287.42057 Case1_F141_EW 5
INLINE-  2147483647 2147483647    518678.46900   6247512.50000      9596.93919 Case1_F141_EW 6
INLINE-  2147483647 2147483647    518642.84400   6247559.00000      9943.48989 Case1_F141_EW 6
INLINE-  2147483647 2147483647    518590.40600   6247627.50000     10275.02055 Case1_F141_EW 6
INLINE-  2147483647 2147483647    518637.21900   6247484.00000      9605.46821 Case1_F141_EW 7
INLINE-  2147483647 2147483647    518602.37500   6247529.50000      9952.37990 Case1_F141_EW 7
INLINE-  2147483647 2147483647    518551.50000   6247596.00000     10286.31957 Case1_F141_EW 7
INLINE-  2147483647 2147483647    518587.62500   6247466.50000      9641.42928 Case1_F141_EW 8
INLINE-  2147483647 2147483647    518556.56200   6247507.00000      9993.39899 Case1_F141_EW 8
INLINE-  2147483647 2147483647    518512.56200   6247564.50000     10301.82060 Case1_F141_EW 8
INLINE-  2147483647 2147483647    518554.96900   6247447.50000      9642.86929 Case1_F141_EW 9
INLINE-  2147483647 2147483647    518529.78100   6247480.50000      9964.06993 Case1_F141_EW 9
INLINE-  2147483647 2147483647    518481.93800   6247543.00000     10317.92064 Case1_F141_EW 9
INLINE-  2147483647 2147483647    518496.90600   6247420.50000      9623.19925 Case1_F141_EW 10
INLINE-  2147483647 2147483647    518468.90600   6247457.00000      9990.57998 Case1_F141_EW 10
INLINE-  2147483647 2147483647    518424.62500   6247515.00000     10313.81963 Case1_F141_EW 10
INLINE-  2147483647 2147483647    518437.46900   6247416.00000      9623.41925 Case1_F141_EW 11
INLINE-  2147483647 2147483647    518424.50000   6247433.00000      9946.68989 Case1_F141_EW 11
INLINE-  2147483647 2147483647    518385.03100   6247484.50000     10313.81963 Case1_F141_EW 11
INLINE-  2147483647 2147483647    518385.59400   6247401.50000      9624.89925 Case1_F141_EW 12
INLINE-  2147483647 2147483647    518372.62500   6247418.50000      9953.47991 Case1_F141_EW 12
INLINE-  2147483647 2147483647    518339.28100   6247462.00000     10296.12059 Case1_F141_EW 12
INLINE-  2147483647 2147483647    518316.96900   6247367.50000      9624.22825 Case1_F141_EW 13
INLINE-  2147483647 2147483647    518307.06200   6247380.50000      9959.86992 Case1_F141_EW 13
INLINE-  2147483647 2147483647    518279.59400   6247416.50000     10296.12059 Case1_F141_EW 13
