INLINE-  2147483647 2147483647    516868.12500   6247867.50000      9121.70724 Case1_F105_NS 1
INLINE-  2147483647 2147483647    516929.87500   6247914.50000      9393.28879 Case1_F105_NS 1
INLINE-  2147483647 2147483647    516974.12500   6247948.50000      9552.07910 Case1_F105_NS 1
INLINE-  2147483647 2147483647    516840.34400   6247877.50000      9062.50813 Case1_F105_NS 2
INLINE-  2147483647 2147483647    516868.50000   6247899.00000      9229.20746 Case1_F105_NS 2
INLINE-  2147483647 2147483647    516914.28100   6247934.00000      9379.55876 Case1_F105_NS 2
INLINE-  2147483647 2147483647    516955.43800   6247965.50000      9535.17907 Case1_F105_NS 2
INLINE-  2147483647 2147483647    516822.25000   6247911.00000      9050.58810 Case1_F105_NS 3
INLINE-  2147483647 2147483647    516844.59400   6247928.00000      9200.74840 Case1_F105_NS 3
INLINE-  2147483647 2147483647    516891.78100   6247964.00000      9361.08872 Case1_F105_NS 3
INLINE-  2147483647 2147483647    516926.03100   6247990.50000      9506.34901 Case1_F105_NS 3
INLINE-  2147483647 2147483647    516773.21900   6247968.00000      9014.15803 Case1_F105_NS 4
INLINE-  2147483647 2147483647    516799.37500   6247988.00000      9183.80737 Case1_F105_NS 4
INLINE-  2147483647 2147483647    516842.59400   6248021.00000      9331.43866 Case1_F105_NS 4
INLINE-  2147483647 2147483647    516869.53100   6248041.50000      9479.37896 Case1_F105_NS 4
INLINE-  2147483647 2147483647    516719.93800   6248021.50000      8918.58784 Case1_F105_NS 5
INLINE-  2147483647 2147483647    516730.34400   6248029.50000      9167.27833 Case1_F105_NS 5
INLINE-  2147483647 2147483647    516786.62500   6248072.50000      9381.91876 Case1_F105_NS 5
INLINE-  2147483647 2147483647    516825.68800   6248102.50000      9579.38916 Case1_F105_NS 5
INLINE-  2147483647 2147483647    516657.96900   6248068.50000      8842.20768 Case1_F105_NS 6
INLINE-  2147483647 2147483647    516676.25000   6248082.50000      9164.16833 Case1_F105_NS 6
INLINE-  2147483647 2147483647    516708.93800   6248107.50000      9304.40861 Case1_F105_NS 6
INLINE-  2147483647 2147483647    516754.12500   6248142.00000      9527.01905 Case1_F105_NS 6
INLINE-  2147483647 2147483647    516569.93800   6248095.50000      8827.62766 Case1_F105_NS 7
INLINE-  2147483647 2147483647    516602.40600   6248120.50000      9186.44837 Case1_F105_NS 7
INLINE-  2147483647 2147483647    516647.12500   6248154.50000      9326.23865 Case1_F105_NS 7
INLINE-  2147483647 2147483647    516690.93800   6248188.00000      9539.41908 Case1_F105_NS 7
INLINE-  2147483647 2147483647    516517.78100   6248118.50000      8829.52766 Case1_F105_NS 8
INLINE-  2147483647 2147483647    516525.56200   6248124.50000      9046.30709 Case1_F105_NS 8
INLINE-  2147483647 2147483647    516593.06200   6248176.00000      9306.43861 Case1_F105_NS 8
INLINE-  2147483647 2147483647    516623.40600   6248199.50000      9495.38899 Case1_F105_NS 8
INLINE-  2147483647 2147483647    516464.93800   6248172.50000      8991.23798 Case1_F105_NS 9
INLINE-  2147483647 2147483647    516482.40600   6248186.00000      9206.80841 Case1_F105_NS 9
INLINE-  2147483647 2147483647    516507.25000   6248205.00000      9376.85875 Case1_F105_NS 9
INLINE-  2147483647 2147483647    516541.43800   6248231.00000      9601.54920 Case1_F105_NS 9
INLINE-  2147483647 2147483647    516419.34400   6248232.00000      8991.23798 Case1_F105_NS 10
INLINE-  2147483647 2147483647    516431.81200   6248241.50000      9274.48855 Case1_F105_NS 10
INLINE-  2147483647 2147483647    516448.50000   6248254.50000      9506.59901 Case1_F105_NS 10
INLINE-  2147483647 2147483647    516474.06200   6248274.00000      9741.15948 Case1_F105_NS 10
INLINE-  2147483647 2147483647    516374.84400   6248292.50000      8988.68798 Case1_F105_NS 11
INLINE-  2147483647 2147483647    516391.81200   6248305.50000      9336.08867 Case1_F105_NS 11
INLINE-  2147483647 2147483647    516406.18800   6248316.50000      9560.95912 Case1_F105_NS 11
INLINE-  2147483647 2147483647    516426.37500   6248332.00000      9741.15948 Case1_F105_NS 11
INLINE-  2147483647 2147483647    516352.43800   6248322.50000      8948.59790 Case1_F105_NS 12
INLINE-  2147483647 2147483647    516368.71900   6248335.00000      9340.29868 Case1_F105_NS 12
INLINE-  2147483647 2147483647    516413.78100   6248369.50000      9765.86953 Case1_F105_NS 12
