INLINE-  2147483647 2147483647    514272.62500   6247502.00000      9702.34140 Case1_F058_NS 1
INLINE-  2147483647 2147483647    514279.25000   6247507.00000      9874.61275 Case1_F058_NS 1
INLINE-  2147483647 2147483647    514278.65600   6247506.50000     10097.44619 Case1_F058_NS 1
INLINE-  2147483647 2147483647    514271.84400   6247501.50000     10252.71551 Case1_F058_NS 1
INLINE-  2147483647 2147483647    514293.53100   6247486.50000      9711.92942 Case1_F058_NS 2
INLINE-  2147483647 2147483647    514292.34400   6247485.50000      9864.38473 Case1_F058_NS 2
INLINE-  2147483647 2147483647    514295.34400   6247488.00000     10093.29819 Case1_F058_NS 2
INLINE-  2147483647 2147483647    514298.90600   6247490.50000     10270.04054 Case1_F058_NS 2
INLINE-  2147483647 2147483647    514326.03100   6247464.00000      9704.73441 Case1_F058_NS 3
INLINE-  2147483647 2147483647    514327.81200   6247465.50000      9879.51676 Case1_F058_NS 3
INLINE-  2147483647 2147483647    514324.78100   6247463.00000     10073.97115 Case1_F058_NS 3
INLINE-  2147483647 2147483647    514331.25000   6247468.00000     10285.42057 Case1_F058_NS 3
INLINE-  2147483647 2147483647    514351.21900   6247452.00000      9708.16442 Case1_F058_NS 4
INLINE-  2147483647 2147483647    514350.62500   6247451.50000      9884.82677 Case1_F058_NS 4
INLINE-  2147483647 2147483647    514351.62500   6247452.50000     10115.27823 Case1_F058_NS 4
INLINE-  2147483647 2147483647    514351.59400   6247452.50000     10307.93662 Case1_F058_NS 4
INLINE-  2147483647 2147483647    514380.31200   6247427.00000      9692.43938 Case1_F058_NS 5
INLINE-  2147483647 2147483647    514382.62500   6247429.00000      9859.55272 Case1_F058_NS 5
INLINE-  2147483647 2147483647    514381.28100   6247428.00000     10029.28206 Case1_F058_NS 5
INLINE-  2147483647 2147483647    514377.71900   6247425.00000     10338.40368 Case1_F058_NS 5
INLINE-  2147483647 2147483647    514410.40600   6247403.00000      9689.32838 Case1_F058_NS 6
INLINE-  2147483647 2147483647    514405.81200   6247399.50000      9899.79880 Case1_F058_NS 6
INLINE-  2147483647 2147483647    514402.00000   6247396.50000     10110.25422 Case1_F058_NS 6
INLINE-  2147483647 2147483647    514406.09400   6247399.50000     10320.78264 Case1_F058_NS 6
INLINE-  2147483647 2147483647    514422.59400   6247380.50000      9693.46039 Case1_F058_NS 7
INLINE-  2147483647 2147483647    514417.68800   6247377.00000      9903.47481 Case1_F058_NS 7
INLINE-  2147483647 2147483647    514412.90600   6247373.50000     10113.35623 Case1_F058_NS 7
INLINE-  2147483647 2147483647    514415.71900   6247375.50000     10323.51765 Case1_F058_NS 7
INLINE-  2147483647 2147483647    514440.56200   6247347.00000      9697.93140 Case1_F058_NS 8
INLINE-  2147483647 2147483647    514435.34400   6247343.00000      9906.72881 Case1_F058_NS 8
INLINE-  2147483647 2147483647    514429.75000   6247339.00000     10115.45423 Case1_F058_NS 8
INLINE-  2147483647 2147483647    514430.65600   6247339.50000     10324.51565 Case1_F058_NS 8
INLINE-  2147483647 2147483647    514450.46900   6247323.50000      9699.44140 Case1_F058_NS 9
INLINE-  2147483647 2147483647    514447.53100   6247321.00000      9853.98471 Case1_F058_NS 9
INLINE-  2147483647 2147483647    514441.03100   6247316.00000     10034.30107 Case1_F058_NS 9
INLINE-  2147483647 2147483647    514439.78100   6247315.00000     10327.90366 Case1_F058_NS 9
INLINE-  2147483647 2147483647    514469.09400   6247290.50000      9692.56739 Case1_F058_NS 10
INLINE-  2147483647 2147483647    514465.78100   6247288.00000      9908.32182 Case1_F058_NS 10
INLINE-  2147483647 2147483647    514463.31200   6247286.00000     10124.06325 Case1_F058_NS 10
INLINE-  2147483647 2147483647    514464.25000   6247286.50000     10339.93268 Case1_F058_NS 10
INLINE-  2147483647 2147483647    514480.40600   6247267.50000      9683.55337 Case1_F058_NS 11
INLINE-  2147483647 2147483647    514478.96900   6247266.50000      9907.05681 Case1_F058_NS 11
INLINE-  2147483647 2147483647    514480.53100   6247267.50000     10130.37426 Case1_F058_NS 11
INLINE-  2147483647 2147483647    514483.06200   6247269.50000     10353.89871 Case1_F058_NS 11
INLINE-  2147483647 2147483647    514491.84400   6247245.00000      9672.88935 Case1_F058_NS 12
INLINE-  2147483647 2147483647    514492.65600   6247245.50000      9905.11381 Case1_F058_NS 12
INLINE-  2147483647 2147483647    514498.53100   6247250.00000     10137.05527 Case1_F058_NS 12
INLINE-  2147483647 2147483647    514503.03100   6247253.50000     10369.17074 Case1_F058_NS 12
INLINE-  2147483647 2147483647    514513.50000   6247214.00000      9663.78733 Case1_F058_NS 13
INLINE-  2147483647 2147483647    514514.06200   6247214.50000      9836.14567 Case1_F058_NS 13
INLINE-  2147483647 2147483647    514522.15600   6247221.00000     10044.11409 Case1_F058_NS 13
INLINE-  2147483647 2147483647    514530.50000   6247227.00000     10382.90877 Case1_F058_NS 13
INLINE-  2147483647 2147483647    514547.56200   6247193.00000      9665.27733 Case1_F058_NS 14
INLINE-  2147483647 2147483647    514551.31200   6247196.00000      9906.11981 Case1_F058_NS 14
INLINE-  2147483647 2147483647    514553.34400   6247197.50000     10146.74529 Case1_F058_NS 14
INLINE-  2147483647 2147483647    514554.53100   6247198.50000     10387.62678 Case1_F058_NS 14
INLINE-  2147483647 2147483647    514575.81200   6247183.00000      9670.21934 Case1_F058_NS 15
INLINE-  2147483647 2147483647    514575.37500   6247183.00000      9877.31875 Case1_F058_NS 15
INLINE-  2147483647 2147483647    514574.31200   6247182.00000     10139.74828 Case1_F058_NS 15
INLINE-  2147483647 2147483647    514569.84400   6247178.50000     10388.00278 Case1_F058_NS 15
INLINE-  2147483647 2147483647    514596.12500   6247151.50000      9665.57633 Case1_F058_NS 16
INLINE-  2147483647 2147483647    514598.50000   6247153.50000      9898.71880 Case1_F058_NS 16
INLINE-  2147483647 2147483647    514596.50000   6247152.00000     10146.86129 Case1_F058_NS 16
INLINE-  2147483647 2147483647    514592.18800   6247148.50000     10386.41177 Case1_F058_NS 16
