INLINE-  2147483647 2147483647    514067.28125   6250577.50000      9130.44795 Case2_F163_NNE 1
INLINE-  2147483647 2147483647    514060.81250   6250580.00000      9332.87902 Case2_F163_NNE 1
INLINE-  2147483647 2147483647    514048.34375   6250586.50000      9512.59910 Case2_F163_NNE 1
INLINE-  2147483647 2147483647    514016.75000   6250601.50000      9764.11914 Case2_F163_NNE 1
INLINE-  2147483647 2147483647    513963.90625   6250627.00000     10096.52019 Case2_F163_NNE 1
INLINE-  2147483647 2147483647    513930.40625   6250644.00000     10318.72083 Case2_F163_NNE 1
INLINE-  2147483647 2147483647    513834.65625   6250690.50000     10909.02182 Case2_F163_NNE 1
INLINE-  2147483647 2147483647    514087.84375   6250629.00000      9133.09834 Case2_F163_NNE 2
INLINE-  2147483647 2147483647    514077.68750   6250634.00000      9421.19853 Case2_F163_NNE 2
INLINE-  2147483647 2147483647    514042.71875   6250651.50000      9703.10925 Case2_F163_NNE 2
INLINE-  2147483647 2147483647    514000.12500   6250672.00000      9981.84028 Case2_F163_NNE 2
INLINE-  2147483647 2147483647    513958.37500   6250692.00000     10260.52052 Case2_F163_NNE 2
INLINE-  2147483647 2147483647    513913.37500   6250714.50000     10538.02108 Case2_F163_NNE 2
INLINE-  2147483647 2147483647    513869.31250   6250736.00000     10815.82144 Case2_F163_NNE 2
INLINE-  2147483647 2147483647    514108.68750   6250681.50000      9145.06809 Case2_F163_NNE 3
INLINE-  2147483647 2147483647    514101.25000   6250685.00000      9381.94845 Case2_F163_NNE 3
INLINE-  2147483647 2147483647    514084.81250   6250693.00000      9544.11870 Case2_F163_NNE 3
INLINE-  2147483647 2147483647    514044.62500   6250712.50000      9802.28914 Case2_F163_NNE 3
INLINE-  2147483647 2147483647    514011.96875   6250728.50000     10032.31987 Case2_F163_NNE 3
INLINE-  2147483647 2147483647    513965.40625   6250751.00000     10311.22082 Case2_F163_NNE 3
INLINE-  2147483647 2147483647    513903.96875   6250781.00000     10722.22164 Case2_F163_NNE 3
INLINE-  2147483647 2147483647    514134.43750   6250743.50000      9248.84858 Case2_F163_NNE 4
INLINE-  2147483647 2147483647    514124.18750   6250748.50000      9428.64874 Case2_F163_NNE 4
INLINE-  2147483647 2147483647    514096.65625   6250762.00000      9636.30931 Case2_F163_NNE 4
INLINE-  2147483647 2147483647    514056.46875   6250781.50000      9895.68971 Case2_F163_NNE 4
INLINE-  2147483647 2147483647    514017.34375   6250800.50000     10155.32012 Case2_F163_NNE 4
INLINE-  2147483647 2147483647    513979.75000   6250818.50000     10415.92122 Case2_F163_NNE 4
INLINE-  2147483647 2147483647    513942.09375   6250837.00000     10676.42174 Case2_F163_NNE 4
INLINE-  2147483647 2147483647    514151.12500   6250784.50000      9185.34845 Case2_F163_NNE 5
INLINE-  2147483647 2147483647    514136.25000   6250792.00000      9438.51888 Case2_F163_NNE 5
INLINE-  2147483647 2147483647    514107.56250   6250806.50000      9687.95981 Case2_F163_NNE 5
INLINE-  2147483647 2147483647    514070.75000   6250824.00000      9933.77963 Case2_F163_NNE 5
INLINE-  2147483647 2147483647    514033.18750   6250842.50000     10179.52036 Case2_F163_NNE 5
INLINE-  2147483647 2147483647    513998.03125   6250859.50000     10426.52085 Case2_F163_NNE 5
INLINE-  2147483647 2147483647    513962.65625   6250876.50000     10673.22154 Case2_F163_NNE 5
INLINE-  2147483647 2147483647    514169.87500   6250825.50000      9131.67842 Case2_F163_NNE 6
INLINE-  2147483647 2147483647    514157.34375   6250832.00000      9339.22864 Case2_F163_NNE 6
INLINE-  2147483647 2147483647    514147.00000   6250836.50000      9511.54930 Case2_F163_NNE 6
INLINE-  2147483647 2147483647    514124.37500   6250847.50000      9711.44911 Case2_F163_NNE 6
INLINE-  2147483647 2147483647    514077.81250   6250870.00000     10012.31983 Case2_F163_NNE 6
INLINE-  2147483647 2147483647    514034.06250   6250892.00000     10311.22082 Case2_F163_NNE 6
INLINE-  2147483647 2147483647    513981.31250   6250917.50000     10676.42174 Case2_F163_NNE 6
INLINE-  2147483647 2147483647    514186.40625   6250898.00000      9120.88836 Case2_F163_NNE 7
INLINE-  2147483647 2147483647    514182.53125   6250900.00000      9289.54885 Case2_F163_NNE 7
INLINE-  2147483647 2147483647    514166.50000   6250908.00000      9536.33939 Case2_F163_NNE 7
INLINE-  2147483647 2147483647    514140.12500   6250921.00000      9775.65920 Case2_F163_NNE 7
INLINE-  2147483647 2147483647    514109.68750   6250935.50000     10012.31983 Case2_F163_NNE 7
INLINE-  2147483647 2147483647    514065.93750   6250957.00000     10311.22082 Case2_F163_NNE 7
INLINE-  2147483647 2147483647    514013.18750   6250983.00000     10676.42174 Case2_F163_NNE 7
INLINE-  2147483647 2147483647    514201.03125   6250934.50000      9123.49872 Case2_F163_NNE 8
INLINE-  2147483647 2147483647    514199.68750   6250935.00000      9266.62888 Case2_F163_NNE 8
INLINE-  2147483647 2147483647    514179.90625   6250945.00000      9553.25934 Case2_F163_NNE 8
INLINE-  2147483647 2147483647    514149.75000   6250960.00000      9836.84975 Case2_F163_NNE 8
INLINE-  2147483647 2147483647    514111.78125   6250978.00000     10117.42063 Case2_F163_NNE 8
INLINE-  2147483647 2147483647    514070.62500   6250998.50000     10396.82060 Case2_F163_NNE 8
INLINE-  2147483647 2147483647    514030.34375   6251018.00000     10676.42174 Case2_F163_NNE 8
INLINE-  2147483647 2147483647    514229.43750   6250983.00000      9116.07780 Case2_F163_NNE 9
INLINE-  2147483647 2147483647    514223.34375   6250986.50000      9274.91894 Case2_F163_NNE 9
INLINE-  2147483647 2147483647    514204.21875   6250995.00000      9545.40874 Case2_F163_NNE 9
INLINE-  2147483647 2147483647    514181.81250   6251006.50000      9775.65920 Case2_F163_NNE 9
INLINE-  2147483647 2147483647    514151.37500   6251021.00000     10012.31983 Case2_F163_NNE 9
INLINE-  2147483647 2147483647    514107.59375   6251042.50000     10311.22082 Case2_F163_NNE 9
INLINE-  2147483647 2147483647    514054.87500   6251068.00000     10676.42174 Case2_F163_NNE 9
INLINE-  2147483647 2147483647    514250.50000   6251023.00000      9126.08856 Case2_F163_NNE 10
INLINE-  2147483647 2147483647    514240.25000   6251027.50000      9314.78816 Case2_F163_NNE 10
INLINE-  2147483647 2147483647    514223.81250   6251035.50000      9545.40874 Case2_F163_NNE 10
INLINE-  2147483647 2147483647    514201.40625   6251046.50000      9775.65920 Case2_F163_NNE 10
INLINE-  2147483647 2147483647    514170.96875   6251061.00000     10012.31983 Case2_F163_NNE 10
INLINE-  2147483647 2147483647    514127.21875   6251082.50000     10311.22082 Case2_F163_NNE 10
INLINE-  2147483647 2147483647    514074.46875   6251108.50000     10676.42174 Case2_F163_NNE 10
INLINE-  2147483647 2147483647    514254.75000   6251070.00000      9117.48796 Case2_F163_NNE 11
INLINE-  2147483647 2147483647    514247.31250   6251074.00000      9346.31850 Case2_F163_NNE 11
INLINE-  2147483647 2147483647    514233.28125   6251080.50000      9617.15888 Case2_F163_NNE 11
INLINE-  2147483647 2147483647    514207.21875   6251093.50000      9885.26977 Case2_F163_NNE 11
INLINE-  2147483647 2147483647    514170.68750   6251111.00000     10149.42069 Case2_F163_NNE 11
INLINE-  2147483647 2147483647    514131.87500   6251130.50000     10412.82063 Case2_F163_NNE 11
INLINE-  2147483647 2147483647    514094.09375   6251148.50000     10676.42174 Case2_F163_NNE 11
INLINE-  2147483647 2147483647    514275.21875   6251141.00000      9116.29851 Case2_F163_NNE 12
INLINE-  2147483647 2147483647    514266.53125   6251145.00000      9353.69839 Case2_F163_NNE 12
INLINE-  2147483647 2147483647    514260.25000   6251148.50000      9579.81896 Case2_F163_NNE 12
INLINE-  2147483647 2147483647    514249.12500   6251154.00000      9777.89944 Case2_F163_NNE 12
INLINE-  2147483647 2147483647    514222.46875   6251166.50000     10012.31983 Case2_F163_NNE 12
INLINE-  2147483647 2147483647    514178.71875   6251188.00000     10311.22082 Case2_F163_NNE 12
INLINE-  2147483647 2147483647    514125.96875   6251214.00000     10676.42174 Case2_F163_NNE 12
INLINE-  2147483647 2147483647    514266.15625   6251182.50000      9079.11777 Case2_F163_NNE 13
INLINE-  2147483647 2147483647    514268.56250   6251181.50000      9411.16921 Case2_F163_NNE 13
INLINE-  2147483647 2147483647    514259.87500   6251185.50000      9599.96940 Case2_F163_NNE 13
INLINE-  2147483647 2147483647    514252.25000   6251189.50000      9822.57922 Case2_F163_NNE 13
INLINE-  2147483647 2147483647    514237.15625   6251196.50000     10012.31983 Case2_F163_NNE 13
INLINE-  2147483647 2147483647    514178.25000   6251225.50000     10416.82064 Case2_F163_NNE 13
INLINE-  2147483647 2147483647    514140.65625   6251244.00000     10676.42174 Case2_F163_NNE 13
