INLINE-  2147483647 2147483647    516645.56200   6251568.50000     13440.33988 Case2_F142_NS 1
INLINE-  2147483647 2147483647    516366.12500   6251354.50000     11966.79493 Case2_F142_NS 1
INLINE-  2147483647 2147483647    516158.81200   6251196.00000     11080.11616 Case2_F142_NS 1
INLINE-  2147483647 2147483647    516084.90600   6251139.50000     10578.24316 Case2_F142_NS 1
INLINE-  2147483647 2147483647    516036.65600   6251102.50000     10097.84220 Case2_F142_NS 1
INLINE-  2147483647 2147483647    516563.75000   6251710.50000     13452.65791 Case2_F142_NS 2
INLINE-  2147483647 2147483647    516234.65600   6251458.50000     11957.76492 Case2_F142_NS 2
INLINE-  2147483647 2147483647    516070.21900   6251332.50000     11066.43813 Case2_F142_NS 2
INLINE-  2147483647 2147483647    515986.15600   6251268.50000     10578.24316 Case2_F142_NS 2
INLINE-  2147483647 2147483647    515912.00000   6251211.50000      9944.65289 Case2_F142_NS 2
INLINE-  2147483647 2147483647    516441.90600   6251821.50000     13133.82927 Case2_F142_NS 3
INLINE-  2147483647 2147483647    516308.87500   6251720.00000     12644.73329 Case2_F142_NS 3
INLINE-  2147483647 2147483647    516103.00000   6251562.50000     11799.74760 Case2_F142_NS 3
INLINE-  2147483647 2147483647    515971.46900   6251461.50000     11066.43813 Case2_F142_NS 3
INLINE-  2147483647 2147483647    515897.84400   6251405.50000     10581.04216 Case2_F142_NS 3
INLINE-  2147483647 2147483647    515813.28100   6251340.50000      9944.65289 Case2_F142_NS 3
INLINE-  2147483647 2147483647    516426.96900   6251904.50000     13071.82414 Case2_F142_NS 4
INLINE-  2147483647 2147483647    516245.03100   6251765.50000     12447.30089 Case2_F142_NS 4
INLINE-  2147483647 2147483647    516074.71900   6251635.00000     11809.68562 Case2_F142_NS 4
INLINE-  2147483647 2147483647    515937.28100   6251530.00000     11140.66128 Case2_F142_NS 4
INLINE-  2147483647 2147483647    515820.40600   6251440.50000     10456.30691 Case2_F142_NS 4
INLINE-  2147483647 2147483647    515722.21900   6251365.50000      9759.61252 Case2_F142_NS 4
INLINE-  2147483647 2147483647    516413.31200   6252004.50000     13042.72709 Case2_F142_NS 5
INLINE-  2147483647 2147483647    516290.81200   6251910.50000     12652.33930 Case2_F142_NS 5
INLINE-  2147483647 2147483647    516035.68800   6251715.50000     11787.88158 Case2_F142_NS 5
INLINE-  2147483647 2147483647    515872.75000   6251590.50000     11066.43813 Case2_F142_NS 5
INLINE-  2147483647 2147483647    515773.81200   6251515.00000     10589.64618 Case2_F142_NS 5
INLINE-  2147483647 2147483647    515694.56200   6251454.50000     10079.52016 Case2_F142_NS 5
INLINE-  2147483647 2147483647    515619.21900   6251396.50000      9557.57612 Case2_F142_NS 5
INLINE-  2147483647 2147483647    516371.15600   6252082.50000     13051.23310 Case2_F142_NS 6
INLINE-  2147483647 2147483647    516196.21900   6251948.50000     12493.57299 Case2_F142_NS 6
INLINE-  2147483647 2147483647    516026.21900   6251818.50000     11929.71186 Case2_F142_NS 6
INLINE-  2147483647 2147483647    515873.96900   6251702.00000     11345.87569 Case2_F142_NS 6
INLINE-  2147483647 2147483647    515747.65600   6251605.00000     10737.67948 Case2_F142_NS 6
INLINE-  2147483647 2147483647    515637.31200   6251520.50000     10116.77823 Case2_F142_NS 6
INLINE-  2147483647 2147483647    515546.96900   6251451.50000      9482.69897 Case2_F142_NS 6
INLINE-  2147483647 2147483647    516314.56200   6252133.50000     13042.72709 Case2_F142_NS 7
INLINE-  2147483647 2147483647    516192.09400   6252039.50000     12652.33930 Case2_F142_NS 7
INLINE-  2147483647 2147483647    515936.93800   6251844.50000     11787.88158 Case2_F142_NS 7
INLINE-  2147483647 2147483647    515758.93800   6251708.00000     11093.13519 Case2_F142_NS 7
INLINE-  2147483647 2147483647    515673.90600   6251643.00000     10595.16719 Case2_F142_NS 7
INLINE-  2147483647 2147483647    515579.06200   6251570.50000     10093.58119 Case2_F142_NS 7
INLINE-  2147483647 2147483647    515488.71900   6251501.50000      9434.33487 Case2_F142_NS 7
INLINE-  2147483647 2147483647    516142.78100   6252128.00000     12817.12563 Case2_F142_NS 8
INLINE-  2147483647 2147483647    515987.53100   6252009.00000     12283.82957 Case2_F142_NS 8
INLINE-  2147483647 2147483647    515840.37500   6251896.50000     11741.53848 Case2_F142_NS 8
INLINE-  2147483647 2147483647    515707.09400   6251794.50000     11184.99337 Case2_F142_NS 8
INLINE-  2147483647 2147483647    515598.53100   6251711.50000     10607.18721 Case2_F142_NS 8
INLINE-  2147483647 2147483647    515496.34400   6251633.00000     10024.47305 Case2_F142_NS 8
INLINE-  2147483647 2147483647    515425.06200   6251578.50000      9423.17285 Case2_F142_NS 8
INLINE-  2147483647 2147483647    515980.43800   6252082.50000     12564.34413 Case2_F142_NS 9
INLINE-  2147483647 2147483647    515759.31200   6251913.00000     11724.28545 Case2_F142_NS 9
INLINE-  2147483647 2147483647    515633.93800   6251817.00000     11098.91120 Case2_F142_NS 9
INLINE-  2147483647 2147483647    515537.43800   6251743.50000     10581.95516 Case2_F142_NS 9
INLINE-  2147483647 2147483647    515451.81200   6251677.50000     10089.26418 Case2_F142_NS 9
INLINE-  2147483647 2147483647    515389.96900   6251630.50000      9434.33487 Case2_F142_NS 9
