INLINE-  2147483647 2147483647    515888.09400   6248329.00000      9232.89947 Case1_F065_NS 1
INLINE-  2147483647 2147483647    515835.25000   6248288.50000      9380.89776 Case1_F065_NS 1
INLINE-  2147483647 2147483647    515780.90600   6248247.00000      9528.48606 Case1_F065_NS 1
INLINE-  2147483647 2147483647    515865.34400   6248359.00000      9232.86047 Case1_F065_NS 2
INLINE-  2147483647 2147483647    515812.25000   6248318.50000      9381.19776 Case1_F065_NS 2
INLINE-  2147483647 2147483647    515758.53100   6248277.00000      9528.61506 Case1_F065_NS 2
INLINE-  2147483647 2147483647    515850.09400   6248378.50000      9232.89947 Case1_F065_NS 3
INLINE-  2147483647 2147483647    515797.28100   6248338.50000      9380.89776 Case1_F065_NS 3
INLINE-  2147483647 2147483647    515742.93800   6248296.50000      9528.48606 Case1_F065_NS 3
INLINE-  2147483647 2147483647    515827.00000   6248408.50000      9233.31347 Case1_F065_NS 4
INLINE-  2147483647 2147483647    515774.34400   6248368.00000      9382.52477 Case1_F065_NS 4
INLINE-  2147483647 2147483647    515718.34400   6248325.00000      9526.67405 Case1_F065_NS 4
INLINE-  2147483647 2147483647    515811.56200   6248428.00000      9233.31947 Case1_F065_NS 5
INLINE-  2147483647 2147483647    515758.87500   6248387.50000      9384.79377 Case1_F065_NS 5
INLINE-  2147483647 2147483647    515700.34400   6248343.00000      9527.10905 Case1_F065_NS 5
INLINE-  2147483647 2147483647    515796.68800   6248448.00000      9231.07446 Case1_F065_NS 6
INLINE-  2147483647 2147483647    515741.84400   6248406.00000      9391.64978 Case1_F065_NS 6
INLINE-  2147483647 2147483647    515678.93800   6248358.00000      9539.67808 Case1_F065_NS 6
INLINE-  2147483647 2147483647    515781.90600   6248468.00000      9227.76746 Case1_F065_NS 7
INLINE-  2147483647 2147483647    515724.18800   6248424.00000      9400.30780 Case1_F065_NS 7
INLINE-  2147483647 2147483647    515656.09400   6248372.00000      9556.88411 Case1_F065_NS 7
INLINE-  2147483647 2147483647    515766.96900   6248488.00000      9223.99145 Case1_F065_NS 8
INLINE-  2147483647 2147483647    515728.00000   6248458.50000      9349.78670 Case1_F065_NS 8
INLINE-  2147483647 2147483647    515682.71900   6248423.50000      9466.48393 Case1_F065_NS 8
INLINE-  2147483647 2147483647    515632.78100   6248385.50000      9575.38715 Case1_F065_NS 8
INLINE-  2147483647 2147483647    515751.81200   6248508.00000      9220.24144 Case1_F065_NS 9
INLINE-  2147483647 2147483647    515711.65600   6248477.50000      9355.20971 Case1_F065_NS 9
INLINE-  2147483647 2147483647    515662.96900   6248440.00000      9478.01696 Case1_F065_NS 9
INLINE-  2147483647 2147483647    515609.62500   6248399.50000      9592.91919 Case1_F065_NS 9
INLINE-  2147483647 2147483647    515736.28100   6248527.50000      9217.18543 Case1_F065_NS 10
INLINE-  2147483647 2147483647    515695.15600   6248496.00000      9358.53772 Case1_F065_NS 10
INLINE-  2147483647 2147483647    515644.03100   6248457.00000      9485.98397 Case1_F065_NS 10
INLINE-  2147483647 2147483647    515588.15600   6248414.50000      9605.02321 Case1_F065_NS 10
INLINE-  2147483647 2147483647    515720.43800   6248547.00000      9213.53643 Case1_F065_NS 11
INLINE-  2147483647 2147483647    515678.15600   6248514.50000      9361.94272 Case1_F065_NS 11
INLINE-  2147483647 2147483647    515624.62500   6248473.50000      9494.61499 Case1_F065_NS 11
INLINE-  2147483647 2147483647    515566.06200   6248429.00000      9618.45224 Case1_F065_NS 11
INLINE-  2147483647 2147483647    515695.18800   6248575.00000      9203.82541 Case1_F065_NS 12
INLINE-  2147483647 2147483647    515642.06200   6248534.50000      9394.65579 Case1_F065_NS 12
INLINE-  2147483647 2147483647    515586.12500   6248491.50000      9528.75906 Case1_F065_NS 12
INLINE-  2147483647 2147483647    515525.93800   6248445.50000      9655.83531 Case1_F065_NS 12
INLINE-  2147483647 2147483647    515655.84400   6248607.50000      9176.60435 Case1_F065_NS 13
INLINE-  2147483647 2147483647    515586.50000   6248554.50000      9438.49788 Case1_F065_NS 13
INLINE-  2147483647 2147483647    515494.53100   6248484.50000      9670.95734 Case1_F065_NS 13
INLINE-  2147483647 2147483647    515398.75000   6248411.00000      9897.06279 Case1_F065_NS 13
INLINE-  2147483647 2147483647    515614.18800   6248639.00000      9143.03929 Case1_F065_NS 14
INLINE-  2147483647 2147483647    515549.18800   6248589.00000      9419.50484 Case1_F065_NS 14
INLINE-  2147483647 2147483647    515458.59400   6248520.00000      9664.87133 Case1_F065_NS 14
INLINE-  2147483647 2147483647    515365.03100   6248448.00000      9904.16081 Case1_F065_NS 14
INLINE-  2147483647 2147483647    515270.50000   6248376.00000     10141.95728 Case1_F065_NS 14
INLINE-  2147483647 2147483647    515579.71900   6248659.50000      9106.58621 Case1_F065_NS 15
INLINE-  2147483647 2147483647    515517.28100   6248612.00000      9397.17679 Case1_F065_NS 15
INLINE-  2147483647 2147483647    515429.00000   6248544.50000      9658.74232 Case1_F065_NS 15
INLINE-  2147483647 2147483647    515333.56200   6248471.50000      9910.35982 Case1_F065_NS 15
INLINE-  2147483647 2147483647    515237.25000   6248397.50000     10160.59232 Case1_F065_NS 15
INLINE-  2147483647 2147483647    515537.00000   6248690.00000      9072.69415 Case1_F065_NS 16
INLINE-  2147483647 2147483647    515481.40600   6248647.50000      9353.91171 Case1_F065_NS 16
INLINE-  2147483647 2147483647    515436.15600   6248612.50000      9519.35504 Case1_F065_NS 16
INLINE-  2147483647 2147483647    515321.56200   6248525.00000      9841.94768 Case1_F065_NS 16
INLINE-  2147483647 2147483647    515204.06200   6248435.00000     10160.34932 Case1_F065_NS 16
INLINE-  2147483647 2147483647    515516.59400   6248706.00000      9078.17716 Case1_F065_NS 17
INLINE-  2147483647 2147483647    515452.71900   6248657.00000      9372.36274 Case1_F065_NS 17
INLINE-  2147483647 2147483647    515371.40600   6248594.50000      9648.49630 Case1_F065_NS 17
INLINE-  2147483647 2147483647    515281.93800   6248526.00000      9914.33783 Case1_F065_NS 17
INLINE-  2147483647 2147483647    515188.18800   6248454.50000     10174.17235 Case1_F065_NS 17
INLINE-  2147483647 2147483647    515488.90600   6248732.00000      9090.94518 Case1_F065_NS 18
INLINE-  2147483647 2147483647    515423.84400   6248682.00000      9365.96473 Case1_F065_NS 18
INLINE-  2147483647 2147483647    515339.15600   6248617.00000      9666.33333 Case1_F065_NS 18
INLINE-  2147483647 2147483647    515257.78100   6248555.00000      9929.07286 Case1_F065_NS 18
INLINE-  2147483647 2147483647    515165.90600   6248484.50000     10190.83138 Case1_F065_NS 18
INLINE-  2147483647 2147483647    515460.25000   6248757.00000      9090.29118 Case1_F065_NS 19
INLINE-  2147483647 2147483647    515391.50000   6248704.50000      9381.15576 Case1_F065_NS 19
INLINE-  2147483647 2147483647    515315.12500   6248646.00000      9664.22533 Case1_F065_NS 19
INLINE-  2147483647 2147483647    515233.62500   6248583.50000      9941.37188 Case1_F065_NS 19
INLINE-  2147483647 2147483647    515143.21900   6248514.50000     10207.13541 Case1_F065_NS 19
INLINE-  2147483647 2147483647    515435.87500   6248770.00000      9088.57318 Case1_F065_NS 20
INLINE-  2147483647 2147483647    515369.28100   6248719.00000      9384.16077 Case1_F065_NS 20
INLINE-  2147483647 2147483647    515295.15600   6248662.00000      9672.38634 Case1_F065_NS 20
INLINE-  2147483647 2147483647    515215.21900   6248601.00000      9954.28691 Case1_F065_NS 20
INLINE-  2147483647 2147483647    515126.15600   6248533.00000     10224.82345 Case1_F065_NS 20
INLINE-  2147483647 2147483647    515392.75000   6248784.00000      9091.73118 Case1_F065_NS 21
INLINE-  2147483647 2147483647    515334.25000   6248739.50000      9395.54579 Case1_F065_NS 21
INLINE-  2147483647 2147483647    515262.50000   6248684.50000      9687.85138 Case1_F065_NS 21
INLINE-  2147483647 2147483647    515183.09400   6248623.50000      9971.96294 Case1_F065_NS 21
INLINE-  2147483647 2147483647    515095.75000   6248557.00000     10246.50249 Case1_F065_NS 21
INLINE-  2147483647 2147483647    515355.93800   6248787.50000      9096.06419 Case1_F065_NS 22
INLINE-  2147483647 2147483647    515310.37500   6248752.50000      9387.35777 Case1_F065_NS 22
INLINE-  2147483647 2147483647    515249.71900   6248706.00000      9652.23030 Case1_F065_NS 22
INLINE-  2147483647 2147483647    515180.18800   6248653.00000      9913.14483 Case1_F065_NS 22
INLINE-  2147483647 2147483647    515071.78100   6248570.00000     10267.81454 Case1_F065_NS 22
