INLINE-  2147483647 2147483647    513556.43800   6249588.50000      9267.81954 Case2_F166_NNE 1
INLINE-  2147483647 2147483647    513557.50000   6249588.00000      9544.90709 Case2_F166_NNE 1
INLINE-  2147483647 2147483647    513558.25000   6249587.50000      9715.32643 Case2_F166_NNE 1
INLINE-  2147483647 2147483647    513556.46900   6249588.50000     10034.30107 Case2_F166_NNE 1
INLINE-  2147483647 2147483647    513519.34400   6249544.50000      9094.78419 Case2_F166_NNE 2
INLINE-  2147483647 2147483647    513522.75000   6249542.50000      9276.94755 Case2_F166_NNE 2
INLINE-  2147483647 2147483647    513526.34400   6249541.00000      9531.42506 Case2_F166_NNE 2
INLINE-  2147483647 2147483647    513526.78100   6249541.00000      9763.65653 Case2_F166_NNE 2
INLINE-  2147483647 2147483647    513531.81200   6249538.50000     10010.47002 Case2_F166_NNE 2
INLINE-  2147483647 2147483647    513504.12500   6249502.00000      9055.85211 Case2_F166_NNE 3
INLINE-  2147483647 2147483647    513504.65600   6249502.00000      9273.17655 Case2_F166_NNE 3
INLINE-  2147483647 2147483647    513512.81200   6249498.00000      9527.22005 Case2_F166_NNE 3
INLINE-  2147483647 2147483647    513507.84400   6249500.50000      9702.89541 Case2_F166_NNE 3
INLINE-  2147483647 2147483647    513512.34400   6249498.00000     10034.30107 Case2_F166_NNE 3
INLINE-  2147483647 2147483647    513476.37500   6249453.50000      9084.93517 Case2_F166_NNE 4
INLINE-  2147483647 2147483647    513483.50000   6249450.00000      9332.56267 Case2_F166_NNE 4
INLINE-  2147483647 2147483647    513488.25000   6249447.50000      9588.70818 Case2_F166_NNE 4
INLINE-  2147483647 2147483647    513487.90600   6249448.00000      9820.93764 Case2_F166_NNE 4
INLINE-  2147483647 2147483647    513491.25000   6249446.00000     10087.05017 Case2_F166_NNE 4
INLINE-  2147483647 2147483647    513468.71900   6249426.00000      9006.16901 Case2_F166_NNE 5
INLINE-  2147483647 2147483647    513471.71900   6249424.50000      9307.79362 Case2_F166_NNE 5
INLINE-  2147483647 2147483647    513476.21900   6249422.50000      9587.20117 Case2_F166_NNE 5
INLINE-  2147483647 2147483647    513480.25000   6249420.50000      9866.43373 Case2_F166_NNE 5
INLINE-  2147483647 2147483647    513483.06200   6249419.00000     10145.88929 Case2_F166_NNE 5
INLINE-  2147483647 2147483647    513423.87500   6249367.00000      8995.91999 Case2_F166_NNE 6
INLINE-  2147483647 2147483647    513424.12500   6249367.00000      9287.99258 Case2_F166_NNE 6
INLINE-  2147483647 2147483647    513428.84400   6249364.50000      9533.70107 Case2_F166_NNE 6
INLINE-  2147483647 2147483647    513450.00000   6249354.50000      9847.70070 Case2_F166_NNE 6
INLINE-  2147483647 2147483647    513458.84400   6249350.00000     10259.65452 Case2_F166_NNE 6
INLINE-  2147483647 2147483647    513379.81200   6249326.50000      9014.77403 Case2_F166_NNE 7
INLINE-  2147483647 2147483647    513376.03100   6249328.00000      9305.22761 Case2_F166_NNE 7
INLINE-  2147483647 2147483647    513377.93800   6249327.50000      9616.94123 Case2_F166_NNE 7
INLINE-  2147483647 2147483647    513370.62500   6249331.00000      9937.54488 Case2_F166_NNE 7
INLINE-  2147483647 2147483647    513363.50000   6249334.50000     10253.23451 Case2_F166_NNE 7
INLINE-  2147483647 2147483647    513360.96900   6249317.00000      9031.79306 Case2_F166_NNE 8
INLINE-  2147483647 2147483647    513361.53100   6249316.50000      9226.65345 Case2_F166_NNE 8
INLINE-  2147483647 2147483647    513358.34400   6249318.00000      9476.51495 Case2_F166_NNE 8
INLINE-  2147483647 2147483647    513360.53100   6249317.00000      9789.84758 Case2_F166_NNE 8
INLINE-  2147483647 2147483647    513352.21900   6249321.00000     10059.23312 Case2_F166_NNE 8
INLINE-  2147483647 2147483647    513337.71900   6249328.00000     10304.28061 Case2_F166_NNE 8
INLINE-  2147483647 2147483647    513333.25000   6249274.50000      8988.04398 Case2_F166_NNE 9
INLINE-  2147483647 2147483647    513327.12500   6249277.50000      9265.07553 Case2_F166_NNE 9
INLINE-  2147483647 2147483647    513326.15600   6249278.00000      9552.58711 Case2_F166_NNE 9
INLINE-  2147483647 2147483647    513311.31200   6249285.00000      9872.81775 Case2_F166_NNE 9
INLINE-  2147483647 2147483647    513287.50000   6249297.00000     10608.23922 Case2_F166_NNE 9
INLINE-  2147483647 2147483647    513306.75000   6249256.50000      9001.69700 Case2_F166_NNE 10
INLINE-  2147483647 2147483647    513297.62500   6249260.50000      9382.75677 Case2_F166_NNE 10
INLINE-  2147483647 2147483647    513288.21900   6249265.50000      9763.44753 Case2_F166_NNE 10
INLINE-  2147483647 2147483647    513265.90600   6249276.00000     10142.56129 Case2_F166_NNE 10
INLINE-  2147483647 2147483647    513240.78100   6249288.50000     10521.17904 Case2_F166_NNE 10
INLINE-  2147483647 2147483647    513253.15600   6249176.50000      9017.61104 Case2_F166_NNE 11
INLINE-  2147483647 2147483647    513244.18800   6249181.00000      9267.42053 Case2_F166_NNE 11
INLINE-  2147483647 2147483647    513231.34400   6249187.50000      9514.94903 Case2_F166_NNE 11
INLINE-  2147483647 2147483647    513201.28100   6249202.00000      9867.86774 Case2_F166_NNE 11
INLINE-  2147483647 2147483647    513164.21900   6249220.00000     10294.26659 Case2_F166_NNE 11
