INLINE-  2147483647 2147483647    513246.00000   6250540.50000      9789.00858 Case2_F152_NS 1
INLINE-  2147483647 2147483647    513240.28100   6250536.00000     10043.28909 Case2_F152_NS 1
INLINE-  2147483647 2147483647    513200.78100   6250506.00000     10218.06144 Case2_F152_NS 1
INLINE-  2147483647 2147483647    513162.96900   6250477.00000     10290.77558 Case2_F152_NS 1
INLINE-  2147483647 2147483647    513291.56200   6250481.00000      9789.00858 Case2_F152_NS 2
INLINE-  2147483647 2147483647    513285.84400   6250476.50000     10043.28909 Case2_F152_NS 2
INLINE-  2147483647 2147483647    513254.25000   6250452.50000     10188.60638 Case2_F152_NS 2
INLINE-  2147483647 2147483647    513210.56200   6250419.00000     10337.41867 Case2_F152_NS 2
INLINE-  2147483647 2147483647    513170.40600   6250388.00000     10624.71125 Case2_F152_NS 2
INLINE-  2147483647 2147483647    513294.37500   6250404.50000      9813.52163 Case2_F152_NS 3
INLINE-  2147483647 2147483647    513292.28100   6250403.00000     10018.20604 Case2_F152_NS 3
INLINE-  2147483647 2147483647    513265.71900   6250382.50000     10310.48362 Case2_F152_NS 3
INLINE-  2147483647 2147483647    513221.00000   6250348.00000     10571.48214 Case2_F152_NS 3
INLINE-  2147483647 2147483647    513184.93800   6250320.50000     10838.76068 Case2_F152_NS 3
INLINE-  2147483647 2147483647    513319.28100   6250344.50000      9770.69754 Case2_F152_NS 4
INLINE-  2147483647 2147483647    513320.96900   6250346.00000     10004.26501 Case2_F152_NS 4
INLINE-  2147483647 2147483647    513295.93800   6250327.00000     10332.29766 Case2_F152_NS 4
INLINE-  2147483647 2147483647    513256.65600   6250297.00000     10661.83032 Case2_F152_NS 4
INLINE-  2147483647 2147483647    513213.56200   6250264.00000     10989.54198 Case2_F152_NS 4
INLINE-  2147483647 2147483647    513357.40600   6250311.00000      9723.94745 Case2_F152_NS 5
INLINE-  2147483647 2147483647    513354.12500   6250308.50000      9920.98684 Case2_F152_NS 5
INLINE-  2147483647 2147483647    513346.46900   6250302.50000     10117.26823 Case2_F152_NS 5
INLINE-  2147483647 2147483647    513312.37500   6250276.50000     10504.43101 Case2_F152_NS 5
INLINE-  2147483647 2147483647    513262.03100   6250238.00000     10884.67277 Case2_F152_NS 5
INLINE-  2147483647 2147483647    513397.34400   6250263.00000      9715.36143 Case2_F152_NS 6
INLINE-  2147483647 2147483647    513393.43800   6250260.00000     10012.30902 Case2_F152_NS 6
INLINE-  2147483647 2147483647    513377.50000   6250247.50000     10328.43566 Case2_F152_NS 6
INLINE-  2147483647 2147483647    513347.90600   6250225.00000     10585.52717 Case2_F152_NS 6
INLINE-  2147483647 2147483647    513326.34400   6250208.50000     10830.79866 Case2_F152_NS 6
INLINE-  2147483647 2147483647    513427.75000   6250223.00000      9715.36143 Case2_F152_NS 7
INLINE-  2147483647 2147483647    513423.81200   6250220.00000     10012.30902 Case2_F152_NS 7
INLINE-  2147483647 2147483647    513407.87500   6250208.00000     10328.43566 Case2_F152_NS 7
INLINE-  2147483647 2147483647    513363.34400   6250174.00000     10768.98054 Case2_F152_NS 7
INLINE-  2147483647 2147483647    513341.84400   6250157.50000     10993.01599 Case2_F152_NS 7
INLINE-  2147483647 2147483647    513448.93800   6250160.50000      9707.55442 Case2_F152_NS 8
INLINE-  2147483647 2147483647    513439.68800   6250153.50000     10032.47106 Case2_F152_NS 8
INLINE-  2147483647 2147483647    513407.25000   6250129.00000     10350.89870 Case2_F152_NS 8
INLINE-  2147483647 2147483647    513370.65600   6250101.00000     10667.99234 Case2_F152_NS 8
INLINE-  2147483647 2147483647    513332.65600   6250071.50000     10984.34997 Case2_F152_NS 8
INLINE-  2147483647 2147483647    513458.25000   6250105.00000      9700.83340 Case2_F152_NS 9
INLINE-  2147483647 2147483647    513448.25000   6250097.00000      9993.76099 Case2_F152_NS 9
INLINE-  2147483647 2147483647    513404.96900   6250064.00000     10302.92961 Case2_F152_NS 9
INLINE-  2147483647 2147483647    513371.87500   6250039.00000     10555.57211 Case2_F152_NS 9
INLINE-  2147483647 2147483647    513316.21900   6249996.00000     10948.00190 Case2_F152_NS 9
INLINE-  2147483647 2147483647    513462.59400   6250029.50000      9705.46341 Case2_F152_NS 10
INLINE-  2147483647 2147483647    513458.25000   6250026.00000      9989.20698 Case2_F152_NS 10
INLINE-  2147483647 2147483647    513433.37500   6250007.00000     10291.97558 Case2_F152_NS 10
INLINE-  2147483647 2147483647    513397.12500   6249979.50000     10549.81610 Case2_F152_NS 10
INLINE-  2147483647 2147483647    513343.62500   6249938.50000     10960.66692 Case2_F152_NS 10
INLINE-  2147483647 2147483647    513500.56200   6249980.00000      9705.46341 Case2_F152_NS 11
INLINE-  2147483647 2147483647    513492.53100   6249973.50000      9983.00697 Case2_F152_NS 11
INLINE-  2147483647 2147483647    513467.56200   6249954.50000     10268.28254 Case2_F152_NS 11
INLINE-  2147483647 2147483647    513416.68800   6249915.50000     10573.67515 Case2_F152_NS 11
INLINE-  2147483647 2147483647    513361.31200   6249873.50000     10963.17093 Case2_F152_NS 11
INLINE-  2147483647 2147483647    513526.53100   6249937.00000      9697.10139 Case2_F152_NS 12
INLINE-  2147483647 2147483647    513504.78100   6249920.00000     10016.68903 Case2_F152_NS 12
INLINE-  2147483647 2147483647    513459.06200   6249885.00000     10322.28364 Case2_F152_NS 12
INLINE-  2147483647 2147483647    513418.78100   6249854.50000     10655.83331 Case2_F152_NS 12
INLINE-  2147483647 2147483647    513377.46900   6249822.50000     10976.90895 Case2_F152_NS 12
INLINE-  2147483647 2147483647    513543.31200   6249902.50000      9685.71337 Case2_F152_NS 13
INLINE-  2147483647 2147483647    513515.71900   6249881.50000      9958.86192 Case2_F152_NS 13
INLINE-  2147483647 2147483647    513473.96900   6249849.50000     10214.25643 Case2_F152_NS 13
INLINE-  2147483647 2147483647    513421.31200   6249809.00000     10651.04230 Case2_F152_NS 13
INLINE-  2147483647 2147483647    513380.40600   6249778.00000     10986.48297 Case2_F152_NS 13
