INLINE-  2147483647 2147483647    516513.34400   6248792.00000      9262.44252 Case1_F077_NS 1
INLINE-  2147483647 2147483647    516533.18800   6248807.00000      9615.84123 Case1_F077_NS 1
INLINE-  2147483647 2147483647    516584.43800   6248846.50000     10216.24143 Case1_F077_NS 1
INLINE-  2147483647 2147483647    516667.93800   6248910.00000     10755.74251 Case1_F077_NS 1
INLINE-  2147483647 2147483647    516558.96900   6248748.00000      8998.82800 Case1_F077_NS 2
INLINE-  2147483647 2147483647    516569.31200   6248756.00000      9285.17357 Case1_F077_NS 2
INLINE-  2147483647 2147483647    516589.81200   6248771.50000      9568.87114 Case1_F077_NS 2
INLINE-  2147483647 2147483647    516639.56200   6248810.00000     10189.00438 Case1_F077_NS 2
INLINE-  2147483647 2147483647    516702.18800   6248857.50000     10736.42147 Case1_F077_NS 2
INLINE-  2147483647 2147483647    516604.90600   6248704.50000      8963.85393 Case1_F077_NS 3
INLINE-  2147483647 2147483647    516639.25000   6248731.00000      9569.53814 Case1_F077_NS 3
INLINE-  2147483647 2147483647    516689.68800   6248769.50000     10170.72934 Case1_F077_NS 3
INLINE-  2147483647 2147483647    516744.78100   6248811.50000     10770.21254 Case1_F077_NS 3
INLINE-  2147483647 2147483647    516647.03100   6248658.00000      8964.94393 Case1_F077_NS 4
INLINE-  2147483647 2147483647    516683.00000   6248685.50000      9496.34899 Case1_F077_NS 4
INLINE-  2147483647 2147483647    516734.53100   6248725.00000     10152.50331 Case1_F077_NS 4
INLINE-  2147483647 2147483647    516787.75000   6248766.00000     10808.12162 Case1_F077_NS 4
INLINE-  2147483647 2147483647    516692.81200   6248614.50000      9009.78902 Case1_F077_NS 5
INLINE-  2147483647 2147483647    516728.59400   6248642.00000      9599.20120 Case1_F077_NS 5
INLINE-  2147483647 2147483647    516772.59400   6248675.50000     10186.47937 Case1_F077_NS 5
INLINE-  2147483647 2147483647    516817.62500   6248710.00000     10773.42455 Case1_F077_NS 5
INLINE-  2147483647 2147483647    516740.03100   6248572.00000      9052.65711 Case1_F077_NS 6
INLINE-  2147483647 2147483647    516758.75000   6248586.00000      9502.47400 Case1_F077_NS 6
INLINE-  2147483647 2147483647    516800.06200   6248618.00000     10112.77423 Case1_F077_NS 6
INLINE-  2147483647 2147483647    516844.87500   6248652.00000     10722.12144 Case1_F077_NS 6
INLINE-  2147483647 2147483647    516788.25000   6248530.00000      9025.51405 Case1_F077_NS 7
INLINE-  2147483647 2147483647    516804.28100   6248542.50000      9586.29417 Case1_F077_NS 7
INLINE-  2147483647 2147483647    516839.78100   6248569.50000     10143.63429 Case1_F077_NS 7
INLINE-  2147483647 2147483647    516879.34400   6248600.00000     10699.83740 Case1_F077_NS 7
INLINE-  2147483647 2147483647    516836.43800   6248488.50000      8976.25895 Case1_F077_NS 8
INLINE-  2147483647 2147483647    516842.43800   6248493.00000      9500.30700 Case1_F077_NS 8
INLINE-  2147483647 2147483647    516875.65600   6248518.50000     10093.76019 Case1_F077_NS 8
INLINE-  2147483647 2147483647    516915.68800   6248549.00000     10685.72137 Case1_F077_NS 8
INLINE-  2147483647 2147483647    516884.59400   6248446.50000      8927.64186 Case1_F077_NS 9
INLINE-  2147483647 2147483647    516887.34400   6248448.50000      9515.08403 Case1_F077_NS 9
INLINE-  2147483647 2147483647    516917.43800   6248471.50000     10099.48420 Case1_F077_NS 9
INLINE-  2147483647 2147483647    516952.56200   6248498.50000     10682.75037 Case1_F077_NS 9
INLINE-  2147483647 2147483647    516930.81200   6248403.00000      8885.64677 Case1_F077_NS 10
INLINE-  2147483647 2147483647    516931.12500   6248403.50000      9197.06339 Case1_F077_NS 10
INLINE-  2147483647 2147483647    516931.12500   6248403.50000      9478.31896 Case1_F077_NS 10
INLINE-  2147483647 2147483647    516991.53100   6248449.50000     10685.72137 Case1_F077_NS 10
INLINE-  2147483647 2147483647    516967.25000   6248352.50000      8894.89379 Case1_F077_NS 11
INLINE-  2147483647 2147483647    516975.06200   6248358.50000      9496.66399 Case1_F077_NS 11
INLINE-  2147483647 2147483647    517004.53100   6248381.00000     10095.83319 Case1_F077_NS 11
INLINE-  2147483647 2147483647    517038.18800   6248406.50000     10694.19839 Case1_F077_NS 11
INLINE-  2147483647 2147483647    517001.43800   6248300.00000      8927.78886 Case1_F077_NS 12
INLINE-  2147483647 2147483647    517016.71900   6248311.50000      9478.32896 Case1_F077_NS 12
INLINE-  2147483647 2147483647    517088.40600   6248366.50000     10705.32141 Case1_F077_NS 12
INLINE-  2147483647 2147483647    517040.93800   6248251.50000      8994.90299 Case1_F077_NS 13
INLINE-  2147483647 2147483647    517079.31200   6248281.00000      9858.93072 Case1_F077_NS 13
INLINE-  2147483647 2147483647    517143.06200   6248329.50000     10716.88043 Case1_F077_NS 13
INLINE-  2147483647 2147483647    517082.37500   6248204.50000      9077.62216 Case1_F077_NS 14
INLINE-  2147483647 2147483647    517115.28100   6248229.50000      9800.11060 Case1_F077_NS 14
INLINE-  2147483647 2147483647    517154.37500   6248259.50000     10265.69753 Case1_F077_NS 14
INLINE-  2147483647 2147483647    517200.31200   6248294.50000     10729.02146 Case1_F077_NS 14
