INLINE-  2147483647 2147483647    515527.40600   6252534.50000      9097.20119 Case2_F131_EW 1
INLINE-  2147483647 2147483647    515539.31200   6252519.00000      9421.32184 Case2_F131_EW 1
INLINE-  2147483647 2147483647    515544.87500   6252512.00000      9703.06641 Case2_F131_EW 1
INLINE-  2147483647 2147483647    515568.40600   6252481.00000     10181.63236 Case2_F131_EW 1
INLINE-  2147483647 2147483647    515611.37500   6252425.00000     10594.88619 Case2_F131_EW 1
INLINE-  2147483647 2147483647    515656.18800   6252366.50000     10884.93777 Case2_F131_EW 1
INLINE-  2147483647 2147483647    515727.06200   6252274.00000     11197.04739 Case2_F131_EW 1
INLINE-  2147483647 2147483647    515488.21900   6252483.00000      9098.57320 Case2_F131_EW 2
INLINE-  2147483647 2147483647    515489.65600   6252481.00000      9421.32184 Case2_F131_EW 2
INLINE-  2147483647 2147483647    515495.25000   6252474.00000      9703.06641 Case2_F131_EW 2
INLINE-  2147483647 2147483647    515518.78100   6252443.00000     10181.63236 Case2_F131_EW 2
INLINE-  2147483647 2147483647    515559.53100   6252390.00000     10596.24519 Case2_F131_EW 2
INLINE-  2147483647 2147483647    515606.56200   6252328.50000     10884.93777 Case2_F131_EW 2
INLINE-  2147483647 2147483647    515666.53100   6252250.00000     11142.70129 Case2_F131_EW 2
INLINE-  2147483647 2147483647    515450.43800   6252450.00000      9096.51319 Case2_F131_EW 3
INLINE-  2147483647 2147483647    515450.43800   6252450.00000      9440.99288 Case2_F131_EW 3
INLINE-  2147483647 2147483647    515458.87500   6252439.00000      9784.73857 Case2_F131_EW 3
INLINE-  2147483647 2147483647    515476.71900   6252416.00000     10126.02025 Case2_F131_EW 3
INLINE-  2147483647 2147483647    515505.84400   6252378.00000     10461.90592 Case2_F131_EW 3
INLINE-  2147483647 2147483647    515549.46900   6252320.50000     10786.49657 Case2_F131_EW 3
INLINE-  2147483647 2147483647    515608.50000   6252243.50000     11093.44019 Case2_F131_EW 3
INLINE-  2147483647 2147483647    515410.75000   6252419.50000      9094.81819 Case2_F131_EW 4
INLINE-  2147483647 2147483647    515410.78100   6252419.50000      9427.07885 Case2_F131_EW 4
INLINE-  2147483647 2147483647    515418.21900   6252410.00000      9758.70652 Case2_F131_EW 4
INLINE-  2147483647 2147483647    515436.21900   6252386.50000     10087.66018 Case2_F131_EW 4
INLINE-  2147483647 2147483647    515462.93800   6252351.50000     10412.38382 Case2_F131_EW 4
INLINE-  2147483647 2147483647    515500.37500   6252302.50000     10729.21046 Case2_F131_EW 4
INLINE-  2147483647 2147483647    515547.65600   6252241.00000     11035.44107 Case2_F131_EW 4
INLINE-  2147483647 2147483647    515370.81200   6252389.50000      9093.50019 Case2_F131_EW 5
INLINE-  2147483647 2147483647    515372.93800   6252387.00000      9573.60315 Case2_F131_EW 5
INLINE-  2147483647 2147483647    515395.68800   6252357.00000     10049.62410 Case2_F131_EW 5
INLINE-  2147483647 2147483647    515434.75000   6252306.00000     10518.42704 Case2_F131_EW 5
INLINE-  2147483647 2147483647    515486.93800   6252238.00000     10977.88196 Case2_F131_EW 5
INLINE-  2147483647 2147483647    515339.34400   6252369.00000      9098.57320 Case2_F131_EW 6
INLINE-  2147483647 2147483647    515340.78100   6252367.00000      9421.32184 Case2_F131_EW 6
INLINE-  2147483647 2147483647    515346.34400   6252360.00000      9703.06641 Case2_F131_EW 6
INLINE-  2147483647 2147483647    515383.43800   6252311.50000     10267.92054 Case2_F131_EW 6
INLINE-  2147483647 2147483647    515440.12500   6252237.50000     10923.28285 Case2_F131_EW 6
INLINE-  2147483647 2147483647    515289.93800   6252351.50000      9138.22128 Case2_F131_EW 7
INLINE-  2147483647 2147483647    515299.12500   6252339.50000      9542.82909 Case2_F131_EW 7
INLINE-  2147483647 2147483647    515310.53100   6252324.50000      9795.13659 Case2_F131_EW 7
INLINE-  2147483647 2147483647    515348.31200   6252275.00000     10324.52165 Case2_F131_EW 7
INLINE-  2147483647 2147483647    515373.28100   6252242.50000     10602.45220 Case2_F131_EW 7
INLINE-  2147483647 2147483647    515409.75000   6252195.00000     10909.47882 Case2_F131_EW 7
INLINE-  2147483647 2147483647    515265.31200   6252342.50000      9101.00620 Case2_F131_EW 8
INLINE-  2147483647 2147483647    515277.96900   6252326.00000      9400.22780 Case2_F131_EW 8
INLINE-  2147483647 2147483647    515286.78100   6252314.50000      9703.06641 Case2_F131_EW 8
INLINE-  2147483647 2147483647    515323.87500   6252266.00000     10267.92054 Case2_F131_EW 8
INLINE-  2147483647 2147483647    515358.06200   6252221.00000     10648.92930 Case2_F131_EW 8
INLINE-  2147483647 2147483647    515388.31200   6252181.50000     10877.20475 Case2_F131_EW 8
INLINE-  2147483647 2147483647    515245.93800   6252326.50000      9171.11934 Case2_F131_EW 9
INLINE-  2147483647 2147483647    515261.75000   6252306.00000      9497.65800 Case2_F131_EW 9
INLINE-  2147483647 2147483647    515267.90600   6252298.00000      9676.39535 Case2_F131_EW 9
INLINE-  2147483647 2147483647    515289.96900   6252269.00000     10092.44018 Case2_F131_EW 9
INLINE-  2147483647 2147483647    515322.53100   6252226.50000     10485.52897 Case2_F131_EW 9
INLINE-  2147483647 2147483647    515373.68800   6252159.50000     10863.90273 Case2_F131_EW 9
INLINE-  2147483647 2147483647    515224.12500   6252293.50000      9314.66663 Case2_F131_EW 10
INLINE-  2147483647 2147483647    515228.84400   6252287.00000      9550.46110 Case2_F131_EW 10
INLINE-  2147483647 2147483647    515237.50000   6252276.00000      9785.16157 Case2_F131_EW 10
INLINE-  2147483647 2147483647    515273.40600   6252229.00000     10276.04555 Case2_F131_EW 10
INLINE-  2147483647 2147483647    515309.96900   6252181.00000     10625.94125 Case2_F131_EW 10
INLINE-  2147483647 2147483647    515347.78100   6252132.00000     10849.63370 Case2_F131_EW 10
INLINE-  2147483647 2147483647    515189.75000   6252276.50000      9293.57359 Case2_F131_EW 11
INLINE-  2147483647 2147483647    515199.71900   6252263.50000      9679.94036 Case2_F131_EW 11
INLINE-  2147483647 2147483647    515224.09400   6252231.50000     10061.67612 Case2_F131_EW 11
INLINE-  2147483647 2147483647    515258.93800   6252186.00000     10437.84288 Case2_F131_EW 11
INLINE-  2147483647 2147483647    515308.59400   6252121.50000     10801.84160 Case2_F131_EW 11
INLINE-  2147483647 2147483647    515167.34400   6252264.50000      9288.94458 Case2_F131_EW 12
INLINE-  2147483647 2147483647    515179.62500   6252248.50000      9723.56945 Case2_F131_EW 12
INLINE-  2147483647 2147483647    515220.53100   6252195.00000     10263.04753 Case2_F131_EW 12
INLINE-  2147483647 2147483647    515276.25000   6252122.50000     10751.06450 Case2_F131_EW 12
INLINE-  2147483647 2147483647    515138.21900   6252241.00000      9341.30768 Case2_F131_EW 13
INLINE-  2147483647 2147483647    515152.15600   6252223.00000      9751.09150 Case2_F131_EW 13
INLINE-  2147483647 2147483647    515187.25000   6252177.00000     10245.44849 Case2_F131_EW 13
INLINE-  2147483647 2147483647    515238.00000   6252110.50000     10713.08243 Case2_F131_EW 13
INLINE-  2147483647 2147483647    515114.90600   6252230.50000      9333.55367 Case2_F131_EW 14
INLINE-  2147483647 2147483647    515128.40600   6252213.00000      9740.48448 Case2_F131_EW 14
INLINE-  2147483647 2147483647    515171.15600   6252157.00000     10312.49362 Case2_F131_EW 14
INLINE-  2147483647 2147483647    515211.81200   6252104.00000     10684.92837 Case2_F131_EW 14
INLINE-  2147483647 2147483647    515077.65600   6252217.50000      9294.49859 Case2_F131_EW 15
INLINE-  2147483647 2147483647    515099.00000   6252189.50000      9763.17353 Case2_F131_EW 15
INLINE-  2147483647 2147483647    515132.87500   6252145.00000     10226.86645 Case2_F131_EW 15
INLINE-  2147483647 2147483647    515180.84400   6252082.50000     10681.67136 Case2_F131_EW 15
INLINE-  2147483647 2147483647    515052.65600   6252188.50000      9284.01457 Case2_F131_EW 16
INLINE-  2147483647 2147483647    515068.84400   6252167.00000      9740.48448 Case2_F131_EW 16
INLINE-  2147483647 2147483647    515111.56200   6252111.50000     10323.33465 Case2_F131_EW 16
INLINE-  2147483647 2147483647    515152.25000   6252058.00000     10684.92837 Case2_F131_EW 16
INLINE-  2147483647 2147483647    515022.84400   6252165.50000      9271.06554 Case2_F131_EW 17
INLINE-  2147483647 2147483647    515043.53100   6252138.50000      9751.64650 Case2_F131_EW 17
INLINE-  2147483647 2147483647    515075.81200   6252096.50000     10227.91646 Case2_F131_EW 17
INLINE-  2147483647 2147483647    515126.65600   6252030.00000     10692.50539 Case2_F131_EW 17
INLINE-  2147483647 2147483647    515010.50000   6252140.50000      9295.69659 Case2_F131_EW 18
INLINE-  2147483647 2147483647    515026.71900   6252119.50000      9709.04642 Case2_F131_EW 18
INLINE-  2147483647 2147483647    515067.18800   6252066.50000     10318.37064 Case2_F131_EW 18
INLINE-  2147483647 2147483647    515111.90600   6252008.00000     10694.82639 Case2_F131_EW 18
INLINE-  2147483647 2147483647    514996.18800   6252118.00000      9291.05558 Case2_F131_EW 19
INLINE-  2147483647 2147483647    515018.71900   6252088.50000      9759.85152 Case2_F131_EW 19
INLINE-  2147483647 2147483647    515046.34400   6252052.50000     10226.87445 Case2_F131_EW 19
INLINE-  2147483647 2147483647    515097.93800   6251985.00000     10679.16236 Case2_F131_EW 19
INLINE-  2147483647 2147483647    514971.09400   6252089.00000      9277.92156 Case2_F131_EW 20
INLINE-  2147483647 2147483647    514996.12500   6252056.50000      9719.36444 Case2_F131_EW 20
INLINE-  2147483647 2147483647    515026.62500   6252016.50000     10267.01453 Case2_F131_EW 20
INLINE-  2147483647 2147483647    515073.84400   6251955.00000     10659.31732 Case2_F131_EW 20
