INLINE-  2147483647 2147483647    514279.37500   6249455.50000      9221.93844 Case1_F010_EW 1
INLINE-  2147483647 2147483647    514233.06200   6249516.00000      9548.08910 Case1_F010_EW 1
INLINE-  2147483647 2147483647    514177.59400   6249588.50000      9861.60972 Case1_F010_EW 1
INLINE-  2147483647 2147483647    514118.31200   6249666.00000     10107.42021 Case1_F010_EW 1
INLINE-  2147483647 2147483647    514247.25000   6249394.50000      9134.21727 Case1_F010_EW 2
INLINE-  2147483647 2147483647    514188.71900   6249471.00000      9544.91909 Case1_F010_EW 2
INLINE-  2147483647 2147483647    514120.28100   6249560.50000      9897.12879 Case1_F010_EW 2
INLINE-  2147483647 2147483647    514039.12500   6249666.50000     10184.42037 Case1_F010_EW 2
INLINE-  2147483647 2147483647    514196.09400   6249358.50000      9159.41832 Case1_F010_EW 3
INLINE-  2147483647 2147483647    514151.28100   6249417.00000      9479.20796 Case1_F010_EW 3
INLINE-  2147483647 2147483647    514049.50000   6249550.00000      9965.90893 Case1_F010_EW 3
INLINE-  2147483647 2147483647    513969.62500   6249654.50000     10243.02049 Case1_F010_EW 3
INLINE-  2147483647 2147483647    514157.87500   6249305.50000      9114.99823 Case1_F010_EW 4
INLINE-  2147483647 2147483647    514101.62500   6249379.00000      9479.20796 Case1_F010_EW 4
INLINE-  2147483647 2147483647    514047.68800   6249449.50000      9767.58954 Case1_F010_EW 4
INLINE-  2147483647 2147483647    513929.09400   6249604.50000     10208.92042 Case1_F010_EW 4
INLINE-  2147483647 2147483647    514116.50000   6249257.00000      9104.75821 Case1_F010_EW 5
INLINE-  2147483647 2147483647    514084.68800   6249298.50000      9371.62874 Case1_F010_EW 5
INLINE-  2147483647 2147483647    514029.21900   6249371.00000      9658.26932 Case1_F010_EW 5
INLINE-  2147483647 2147483647    513917.50000   6249517.00000     10106.82021 Case1_F010_EW 5
INLINE-  2147483647 2147483647    514069.93800   6249215.00000      9149.65730 Case1_F010_EW 6
INLINE-  2147483647 2147483647    514011.40600   6249291.50000      9534.77907 Case1_F010_EW 6
INLINE-  2147483647 2147483647    513922.59400   6249407.50000      9886.19977 Case1_F010_EW 6
INLINE-  2147483647 2147483647    513881.62500   6249461.00000     10071.42014 Case1_F010_EW 6
INLINE-  2147483647 2147483647    514033.96900   6249159.00000      9131.45826 Case1_F010_EW 7
INLINE-  2147483647 2147483647    513970.09400   6249242.50000      9483.25897 Case1_F010_EW 7
INLINE-  2147483647 2147483647    513905.71900   6249326.50000      9765.27953 Case1_F010_EW 7
INLINE-  2147483647 2147483647    513990.46900   6249133.50000      9134.14827 Case1_F010_EW 8
INLINE-  2147483647 2147483647    513932.71900   6249209.00000      9471.37894 Case1_F010_EW 8
INLINE-  2147483647 2147483647    513844.65600   6249324.00000      9900.31980 Case1_F010_EW 8
INLINE-  2147483647 2147483647    513927.18800   6249113.50000      9210.67842 Case1_F010_EW 9
INLINE-  2147483647 2147483647    513813.96900   6249261.50000      9818.91964 Case1_F010_EW 9
