INLINE-  2147483647 2147483647    516586.28125   6247132.50000      8648.42745 Case1_F122_NS 1
INLINE-  2147483647 2147483647    516575.46875   6247124.00000      8832.09774 Case1_F122_NS 1
INLINE-  2147483647 2147483647    516561.18750   6247113.00000      9006.37836 Case1_F122_NS 1
INLINE-  2147483647 2147483647    516560.90625   6247191.50000      8543.88720 Case1_F122_NS 2
INLINE-  2147483647 2147483647    516542.93750   6247178.00000      8809.62797 Case1_F122_NS 2
INLINE-  2147483647 2147483647    516528.65625   6247167.00000      9018.74851 Case1_F122_NS 2
INLINE-  2147483647 2147483647    516522.93750   6247241.00000      8543.88720 Case1_F122_NS 3
INLINE-  2147483647 2147483647    516509.25000   6247230.50000      8793.47755 Case1_F122_NS 3
INLINE-  2147483647 2147483647    516498.12500   6247222.00000      8964.13805 Case1_F122_NS 3
INLINE-  2147483647 2147483647    516487.21875   6247214.00000      9163.42848 Case1_F122_NS 3
INLINE-  2147483647 2147483647    516487.25000   6247292.50000      8518.53657 Case1_F122_NS 4
INLINE-  2147483647 2147483647    516468.28125   6247278.00000      8779.38768 Case1_F122_NS 4
INLINE-  2147483647 2147483647    516457.96875   6247270.00000      9043.15773 Case1_F122_NS 4
INLINE-  2147483647 2147483647    516446.34375   6247261.50000      9299.31840 Case1_F122_NS 4
INLINE-  2147483647 2147483647    516438.75000   6247334.00000      8564.11674 Case1_F122_NS 5
INLINE-  2147483647 2147483647    516430.31250   6247327.50000      8779.38768 Case1_F122_NS 5
INLINE-  2147483647 2147483647    516420.00000   6247320.00000      9043.15773 Case1_F122_NS 5
INLINE-  2147483647 2147483647    516408.96875   6247311.50000      9272.31835 Case1_F122_NS 5
