INLINE-  2147483647 2147483647    516658.96900   6247827.00000      8793.59759 Case1_F110_EW 1
INLINE-  2147483647 2147483647    516697.65600   6247776.50000      9069.64714 Case1_F110_EW 1
INLINE-  2147483647 2147483647    516734.28100   6247728.50000      9298.38760 Case1_F110_EW 1
INLINE-  2147483647 2147483647    516597.15600   6247805.00000      8751.80750 Case1_F110_EW 2
INLINE-  2147483647 2147483647    516634.53100   6247756.00000      9087.32817 Case1_F110_EW 2
INLINE-  2147483647 2147483647    516708.84400   6247659.00000      9552.45910 Case1_F110_EW 2
INLINE-  2147483647 2147483647    516548.28100   6247766.00000      8731.04746 Case1_F110_EW 3
INLINE-  2147483647 2147483647    516579.56200   6247725.00000      9038.12808 Case1_F110_EW 3
INLINE-  2147483647 2147483647    516663.78100   6247615.00000      9541.45908 Case1_F110_EW 3
INLINE-  2147483647 2147483647    516497.09400   6247730.00000      8785.54757 Case1_F110_EW 4
INLINE-  2147483647 2147483647    516529.90600   6247687.00000      9119.14824 Case1_F110_EW 4
INLINE-  2147483647 2147483647    516621.00000   6247568.00000      9562.51913 Case1_F110_EW 4
INLINE-  2147483647 2147483647    516445.96900   6247694.00000      8756.33751 Case1_F110_EW 5
INLINE-  2147483647 2147483647    516480.31200   6247649.00000      9119.14824 Case1_F110_EW 5
INLINE-  2147483647 2147483647    516599.40600   6247493.50000      9776.77955 Case1_F110_EW 5
