INLINE-  2147483647 2147483647    511950.09400   6255560.50000      9190.61238 Case2_F001_NS 1
INLINE-  2147483647 2147483647    512120.09400   6255690.50000      9794.11359 Case2_F001_NS 1
INLINE-  2147483647 2147483647    512258.56200   6255796.50000     10317.17363 Case2_F001_NS 1
INLINE-  2147483647 2147483647    511879.06200   6255600.50000      9181.93236 Case2_F001_NS 2
INLINE-  2147483647 2147483647    512063.53100   6255741.50000      9795.67359 Case2_F001_NS 2
INLINE-  2147483647 2147483647    512180.81200   6255831.50000     10295.83859 Case2_F001_NS 2
INLINE-  2147483647 2147483647    512244.46900   6255880.00000     10555.47411 Case2_F001_NS 2
INLINE-  2147483647 2147483647    512326.03100   6255942.50000     10816.28463 Case2_F001_NS 2
INLINE-  2147483647 2147483647    511807.37500   6255640.00000      9232.27446 Case2_F001_NS 3
INLINE-  2147483647 2147483647    511960.75000   6255757.50000      9667.03533 Case2_F001_NS 3
INLINE-  2147483647 2147483647    512112.12500   6255873.00000     10311.37762 Case2_F001_NS 3
INLINE-  2147483647 2147483647    512190.25000   6255933.00000     10588.16318 Case2_F001_NS 3
INLINE-  2147483647 2147483647    512264.62500   6255990.00000     10821.73264 Case2_F001_NS 3
INLINE-  2147483647 2147483647    511771.15600   6255706.50000      9270.76454 Case2_F001_NS 4
INLINE-  2147483647 2147483647    511941.68800   6255837.00000      9831.16166 Case2_F001_NS 4
INLINE-  2147483647 2147483647    512015.34400   6255893.50000     10244.03049 Case2_F001_NS 4
INLINE-  2147483647 2147483647    512087.65600   6255949.00000     10533.09007 Case2_F001_NS 4
INLINE-  2147483647 2147483647    512207.18800   6256040.50000     10840.45568 Case2_F001_NS 4
INLINE-  2147483647 2147483647    511725.59400   6255766.00000      9270.76454 Case2_F001_NS 5
INLINE-  2147483647 2147483647    511885.06200   6255888.50000      9857.60372 Case2_F001_NS 5
INLINE-  2147483647 2147483647    511958.71900   6255944.50000     10264.24853 Case2_F001_NS 5
INLINE-  2147483647 2147483647    512026.25000   6255996.50000     10556.51511 Case2_F001_NS 5
INLINE-  2147483647 2147483647    512140.06200   6256083.50000     10844.73269 Case2_F001_NS 5
INLINE-  2147483647 2147483647    511680.03100   6255826.00000      9270.76454 Case2_F001_NS 6
INLINE-  2147483647 2147483647    511805.62500   6255922.00000      9702.61341 Case2_F001_NS 6
INLINE-  2147483647 2147483647    511879.68800   6255978.50000     10078.61916 Case2_F001_NS 6
INLINE-  2147483647 2147483647    511976.00000   6256052.50000     10529.32306 Case2_F001_NS 6
INLINE-  2147483647 2147483647    512084.34400   6256135.00000     10818.29164 Case2_F001_NS 6
INLINE-  2147483647 2147483647    511589.18800   6255945.00000      9267.64954 Case2_F001_NS 7
INLINE-  2147483647 2147483647    511676.90600   6256012.00000      9637.82428 Case2_F001_NS 7
INLINE-  2147483647 2147483647    511757.53100   6256074.00000      9976.45395 Case2_F001_NS 7
INLINE-  2147483647 2147483647    511833.00000   6256131.50000     10372.99175 Case2_F001_NS 7
INLINE-  2147483647 2147483647    511965.03100   6256232.50000     10764.88453 Case2_F001_NS 7
INLINE-  2147483647 2147483647    511549.68800   6256009.50000      9371.29974 Case2_F001_NS 8
INLINE-  2147483647 2147483647    511616.96900   6256061.00000      9730.54646 Case2_F001_NS 8
INLINE-  2147483647 2147483647    511693.65600   6256119.50000      9987.95798 Case2_F001_NS 8
INLINE-  2147483647 2147483647    511761.96900   6256172.00000     10370.34274 Case2_F001_NS 8
INLINE-  2147483647 2147483647    511934.12500   6256303.50000     10802.59161 Case2_F001_NS 8
INLINE-  2147483647 2147483647    511499.65600   6256049.50000      9413.22783 Case2_F001_NS 9
INLINE-  2147483647 2147483647    511583.31200   6256113.50000      9825.52765 Case2_F001_NS 9
INLINE-  2147483647 2147483647    511661.06200   6256173.00000     10135.70427 Case2_F001_NS 9
INLINE-  2147483647 2147483647    511744.81200   6256237.50000     10500.83500 Case2_F001_NS 9
INLINE-  2147483647 2147483647    511896.15600   6256353.00000     10802.59161 Case2_F001_NS 9
INLINE-  2147483647 2147483647    511419.12500   6256082.50000      9433.86187 Case2_F001_NS 10
INLINE-  2147483647 2147483647    511524.87500   6256163.50000      9851.10370 Case2_F001_NS 10
INLINE-  2147483647 2147483647    511608.37500   6256227.50000     10136.80327 Case2_F001_NS 10
INLINE-  2147483647 2147483647    511679.06200   6256281.50000     10394.99179 Case2_F001_NS 10
INLINE-  2147483647 2147483647    511823.00000   6256391.50000     10767.41453 Case2_F001_NS 10
INLINE-  2147483647 2147483647    511389.21900   6256138.50000      9470.07694 Case2_F001_NS 11
INLINE-  2147483647 2147483647    511487.93800   6256214.00000      9870.86574 Case2_F001_NS 11
INLINE-  2147483647 2147483647    511571.65600   6256278.00000     10169.60834 Case2_F001_NS 11
INLINE-  2147483647 2147483647    511759.46900   6256421.50000     10733.87647 Case2_F001_NS 11
INLINE-  2147483647 2147483647    511287.53100   6256249.50000      9482.45496 Case2_F001_NS 12
INLINE-  2147483647 2147483647    511396.62500   6256333.00000      9875.90075 Case2_F001_NS 12
INLINE-  2147483647 2147483647    511489.06200   6256403.50000     10206.84641 Case2_F001_NS 12
INLINE-  2147483647 2147483647    511633.87500   6256514.50000     10644.14929 Case2_F001_NS 12
INLINE-  2147483647 2147483647    511243.93800   6256310.50000      9489.41198 Case2_F001_NS 13
INLINE-  2147483647 2147483647    511347.62500   6256389.50000      9897.82080 Case2_F001_NS 13
INLINE-  2147483647 2147483647    511438.75000   6256459.50000     10213.03243 Case2_F001_NS 13
INLINE-  2147483647 2147483647    511633.65600   6256608.50000     10657.58932 Case2_F001_NS 13
INLINE-  2147483647 2147483647    511171.71900   6256349.50000      9470.54294 Case2_F001_NS 14
INLINE-  2147483647 2147483647    511281.59400   6256433.50000      9856.79071 Case2_F001_NS 14
INLINE-  2147483647 2147483647    511387.03100   6256514.50000     10197.34339 Case2_F001_NS 14
INLINE-  2147483647 2147483647    511588.09400   6256668.00000     10657.58932 Case2_F001_NS 14
INLINE-  2147483647 2147483647    511105.18800   6256409.00000      9507.79202 Case2_F001_NS 15
INLINE-  2147483647 2147483647    511204.15600   6256484.50000      9842.73069 Case2_F001_NS 15
INLINE-  2147483647 2147483647    511331.62500   6256582.00000     10241.58148 Case2_F001_NS 15
INLINE-  2147483647 2147483647    511534.90600   6256737.50000     10657.58932 Case2_F001_NS 15
INLINE-  2147483647 2147483647    511064.93800   6256472.50000      9522.50905 Case2_F001_NS 16
INLINE-  2147483647 2147483647    511158.56200   6256544.00000      9842.73069 Case2_F001_NS 16
INLINE-  2147483647 2147483647    511286.06200   6256641.50000     10241.58148 Case2_F001_NS 16
INLINE-  2147483647 2147483647    511489.34400   6256797.00000     10657.58932 Case2_F001_NS 16
INLINE-  2147483647 2147483647    511030.93800   6256541.00000      9576.57115 Case2_F001_NS 17
INLINE-  2147483647 2147483647    511113.00000   6256603.50000      9842.73069 Case2_F001_NS 17
INLINE-  2147483647 2147483647    511240.50000   6256701.00000     10241.58148 Case2_F001_NS 17
INLINE-  2147483647 2147483647    511443.78100   6256856.50000     10657.58932 Case2_F001_NS 17
