INLINE-  2147483647 2147483647    515166.06200   6249284.00000      9051.41810 Case1_F050_NNE 1
INLINE-  2147483647 2147483647    515240.37500   6249187.00000      9326.43865 Case1_F050_NNE 1
INLINE-  2147483647 2147483647    515302.71900   6249105.50000      9517.46903 Case1_F050_NNE 1
INLINE-  2147483647 2147483647    515352.09400   6249041.00000      9627.24925 Case1_F050_NNE 1
INLINE-  2147483647 2147483647    515129.15600   6249209.00000      9037.41807 Case1_F050_NNE 2
INLINE-  2147483647 2147483647    515192.25000   6249126.50000      9327.77866 Case1_F050_NNE 2
INLINE-  2147483647 2147483647    515258.40600   6249040.00000      9509.54902 Case1_F050_NNE 2
INLINE-  2147483647 2147483647    515303.18800   6248981.50000      9631.27926 Case1_F050_NNE 2
INLINE-  2147483647 2147483647    515091.62500   6249134.50000      9024.86805 Case1_F050_NNE 3
INLINE-  2147483647 2147483647    515143.28100   6249067.00000      9304.08861 Case1_F050_NNE 3
INLINE-  2147483647 2147483647    515217.84400   6248969.50000      9544.47909 Case1_F050_NNE 3
INLINE-  2147483647 2147483647    515267.21900   6248905.00000      9645.40929 Case1_F050_NNE 3
INLINE-  2147483647 2147483647    515062.56200   6249049.00000      9000.98800 Case1_F050_NNE 4
INLINE-  2147483647 2147483647    515108.87500   6248988.50000      9306.19861 Case1_F050_NNE 4
INLINE-  2147483647 2147483647    515165.87500   6248914.00000      9479.05896 Case1_F050_NNE 4
INLINE-  2147483647 2147483647    515237.87500   6248820.00000      9632.62927 Case1_F050_NNE 4
