INLINE-  2147483647 2147483647    512250.90600   6255192.50000      9705.56241 Case2_F016_NS 1
INLINE-  2147483647 2147483647    512311.46900   6255239.00000     10202.62441 Case2_F016_NS 1
INLINE-  2147483647 2147483647    512448.40600   6255343.50000     11056.55711 Case2_F016_NS 1
INLINE-  2147483647 2147483647    512273.68800   6255163.00000      9705.56241 Case2_F016_NS 2
INLINE-  2147483647 2147483647    512334.28100   6255209.00000     10202.62441 Case2_F016_NS 2
INLINE-  2147483647 2147483647    512471.18800   6255314.00000     11056.55711 Case2_F016_NS 2
INLINE-  2147483647 2147483647    512326.34400   6255124.50000      9707.07941 Case2_F016_NS 3
INLINE-  2147483647 2147483647    512380.78100   6255166.00000     10219.35644 Case2_F016_NS 3
INLINE-  2147483647 2147483647    512509.15600   6255264.50000     11056.55711 Case2_F016_NS 3
INLINE-  2147483647 2147483647    512406.28100   6255044.00000      9650.25130 Case2_F016_NS 4
INLINE-  2147483647 2147483647    512452.25000   6255079.00000     10186.74137 Case2_F016_NS 4
INLINE-  2147483647 2147483647    512517.81200   6255129.50000     10604.21621 Case2_F016_NS 4
INLINE-  2147483647 2147483647    512592.81200   6255186.50000     11015.83103 Case2_F016_NS 4
INLINE-  2147483647 2147483647    512444.28100   6254994.50000      9650.25130 Case2_F016_NS 5
INLINE-  2147483647 2147483647    512493.75000   6255032.00000     10202.27840 Case2_F016_NS 5
INLINE-  2147483647 2147483647    512555.78100   6255079.50000     10604.21621 Case2_F016_NS 5
INLINE-  2147483647 2147483647    512630.78100   6255137.00000     11015.83103 Case2_F016_NS 5
INLINE-  2147483647 2147483647    512500.75000   6254974.50000      9636.65627 Case2_F016_NS 6
INLINE-  2147483647 2147483647    512541.90600   6255006.00000     10182.40136 Case2_F016_NS 6
INLINE-  2147483647 2147483647    512595.28100   6255047.00000     10573.85515 Case2_F016_NS 6
INLINE-  2147483647 2147483647    512677.34400   6255109.50000     11023.47305 Case2_F016_NS 6
INLINE-  2147483647 2147483647    512543.68800   6254960.00000      9666.83533 Case2_F016_NS 7
INLINE-  2147483647 2147483647    512572.78100   6254982.50000     10212.54943 Case2_F016_NS 7
INLINE-  2147483647 2147483647    512618.06200   6255017.00000     10573.85515 Case2_F016_NS 7
INLINE-  2147483647 2147483647    512700.15600   6255080.00000     11023.47305 Case2_F016_NS 7
INLINE-  2147483647 2147483647    512567.78100   6254915.50000      9641.72628 Case2_F016_NS 8
INLINE-  2147483647 2147483647    512609.93800   6254948.00000     10249.71150 Case2_F016_NS 8
INLINE-  2147483647 2147483647    512658.65600   6254985.50000     10581.20516 Case2_F016_NS 8
INLINE-  2147483647 2147483647    512741.06200   6255048.50000     11027.08805 Case2_F016_NS 8
INLINE-  2147483647 2147483647    512620.40600   6254877.50000      9625.36425 Case2_F016_NS 9
INLINE-  2147483647 2147483647    512672.46900   6254917.00000     10270.14354 Case2_F016_NS 9
INLINE-  2147483647 2147483647    512716.09400   6254950.50000     10605.41621 Case2_F016_NS 9
INLINE-  2147483647 2147483647    512779.03100   6254998.50000     11027.08805 Case2_F016_NS 9
INLINE-  2147483647 2147483647    512655.59400   6254841.50000      9597.27519 Case2_F016_NS 10
INLINE-  2147483647 2147483647    512694.65600   6254871.00000     10080.13116 Case2_F016_NS 10
INLINE-  2147483647 2147483647    512758.56200   6254920.00000     10609.97022 Case2_F016_NS 10
INLINE-  2147483647 2147483647    512829.62500   6254974.50000     11000.85600 Case2_F016_NS 10
INLINE-  2147483647 2147483647    512685.96900   6254801.50000      9597.27519 Case2_F016_NS 11
INLINE-  2147483647 2147483647    512722.00000   6254829.00000     10082.00116 Case2_F016_NS 11
INLINE-  2147483647 2147483647    512788.96900   6254880.50000     10609.97022 Case2_F016_NS 11
INLINE-  2147483647 2147483647    512860.03100   6254935.00000     11000.85600 Case2_F016_NS 11
INLINE-  2147483647 2147483647    512716.34400   6254762.00000      9597.27519 Case2_F016_NS 12
INLINE-  2147483647 2147483647    512752.37500   6254789.50000     10082.00116 Case2_F016_NS 12
INLINE-  2147483647 2147483647    512819.34400   6254840.50000     10609.97022 Case2_F016_NS 12
INLINE-  2147483647 2147483647    512890.40600   6254895.00000     11000.85600 Case2_F016_NS 12
