INLINE-  2147483647 2147483647    514532.21875   6249979.50000      9081.80820 Case1_F006_NNE 1
INLINE-  2147483647 2147483647    514504.87500   6249983.50000      9260.64840 Case1_F006_NNE 1
INLINE-  2147483647 2147483647    514404.28125   6249999.50000      9773.50002 Case1_F006_NNE 1
INLINE-  2147483647 2147483647    514517.53125   6249927.00000      9081.57773 Case1_F006_NNE 2
INLINE-  2147483647 2147483647    514498.65625   6249930.00000      9243.11810 Case1_F006_NNE 2
INLINE-  2147483647 2147483647    514462.43750   6249935.50000      9489.48871 Case1_F006_NNE 2
INLINE-  2147483647 2147483647    514422.93750   6249941.50000      9673.46954 Case1_F006_NNE 2
INLINE-  2147483647 2147483647    514351.12500   6249952.50000     10094.31999 Case1_F006_NNE 2
INLINE-  2147483647 2147483647    514281.46875   6249964.00000     10516.22123 Case1_F006_NNE 2
INLINE-  2147483647 2147483647    514503.03125   6249875.00000      9065.86774 Case1_F006_NNE 3
INLINE-  2147483647 2147483647    514475.78125   6249879.50000      9320.89852 Case1_F006_NNE 3
INLINE-  2147483647 2147483647    514407.28125   6249890.00000      9712.68935 Case1_F006_NNE 3
INLINE-  2147483647 2147483647    514336.75000   6249900.50000     10103.42060 Case1_F006_NNE 3
INLINE-  2147483647 2147483647    514259.46875   6249912.50000     10490.72118 Case1_F006_NNE 3
INLINE-  2147483647 2147483647    514489.50000   6249805.00000      9082.80820 Case1_F006_NNE 4
INLINE-  2147483647 2147483647    514469.37500   6249808.50000      9221.01844 Case1_F006_NNE 4
INLINE-  2147483647 2147483647    514418.09375   6249816.50000      9527.70949 Case1_F006_NNE 4
INLINE-  2147483647 2147483647    514358.25000   6249826.00000      9830.36927 Case1_F006_NNE 4
INLINE-  2147483647 2147483647    514288.00000   6249836.50000     10126.61986 Case1_F006_NNE 4
INLINE-  2147483647 2147483647    514211.03125   6249848.50000     10418.52084 Case1_F006_NNE 4
INLINE-  2147483647 2147483647    514476.96875   6249762.50000      9075.38827 Case1_F006_NNE 5
INLINE-  2147483647 2147483647    514456.12500   6249765.50000      9198.99887 Case1_F006_NNE 5
INLINE-  2147483647 2147483647    514399.59375   6249774.00000      9500.97896 Case1_F006_NNE 5
INLINE-  2147483647 2147483647    514334.12500   6249783.50000      9798.19928 Case1_F006_NNE 5
INLINE-  2147483647 2147483647    514252.18750   6249796.50000     10084.42056 Case1_F006_NNE 5
INLINE-  2147483647 2147483647    514163.65625   6249810.50000     10365.92112 Case1_F006_NNE 5
INLINE-  2147483647 2147483647    514467.62500   6249719.00000      9085.26817 Case1_F006_NNE 6
INLINE-  2147483647 2147483647    514441.65625   6249723.00000      9169.55838 Case1_F006_NNE 6
INLINE-  2147483647 2147483647    514421.21875   6249726.00000      9287.40822 Case1_F006_NNE 6
INLINE-  2147483647 2147483647    514343.75000   6249737.50000      9611.27899 Case1_F006_NNE 6
INLINE-  2147483647 2147483647    514270.18750   6249749.00000      9878.89964 Case1_F006_NNE 6
INLINE-  2147483647 2147483647    514136.90625   6249769.50000     10450.42129 Case1_F006_NNE 6
INLINE-  2147483647 2147483647    514444.09375   6249650.50000      9088.89806 Case1_F006_NNE 7
INLINE-  2147483647 2147483647    514419.65625   6249654.00000      9207.60826 Case1_F006_NNE 7
INLINE-  2147483647 2147483647    514320.71875   6249669.50000      9563.71932 Case1_F006_NNE 7
INLINE-  2147483647 2147483647    514222.81250   6249684.50000      9920.22980 Case1_F006_NNE 7
INLINE-  2147483647 2147483647    514111.90625   6249702.00000     10309.32042 Case1_F006_NNE 7
INLINE-  2147483647 2147483647    514422.87500   6249609.50000      9088.39806 Case1_F006_NNE 8
INLINE-  2147483647 2147483647    514381.81250   6249615.50000      9275.34863 Case1_F006_NNE 8
INLINE-  2147483647 2147483647    514316.25000   6249625.50000      9477.26895 Case1_F006_NNE 8
INLINE-  2147483647 2147483647    514226.15625   6249639.50000      9788.37993 Case1_F006_NNE 8
INLINE-  2147483647 2147483647    514138.37500   6249653.00000     10100.61981 Case1_F006_NNE 8
INLINE-  2147483647 2147483647    514405.56250   6249549.00000      9086.82774 Case1_F006_NNE 9
INLINE-  2147483647 2147483647    514371.12500   6249554.00000      9196.22835 Case1_F006_NNE 9
INLINE-  2147483647 2147483647    514308.28125   6249564.00000      9388.76878 Case1_F006_NNE 9
INLINE-  2147483647 2147483647    514220.90625   6249577.50000      9674.46954 Case1_F006_NNE 9
INLINE-  2147483647 2147483647    514135.06250   6249590.50000      9961.25039 Case1_F006_NNE 9
INLINE-  2147483647 2147483647    514374.93750   6249500.00000      9092.53772 Case1_F006_NNE 10
INLINE-  2147483647 2147483647    514349.15625   6249504.00000      9166.45876 Case1_F006_NNE 10
INLINE-  2147483647 2147483647    514299.03125   6249511.50000      9329.93858 Case1_F006_NNE 10
INLINE-  2147483647 2147483647    514220.81250   6249524.00000      9570.52891 Case1_F006_NNE 10
INLINE-  2147483647 2147483647    514142.28125   6249536.00000      9810.84970 Case1_F006_NNE 10
INLINE-  2147483647 2147483647    514362.40625   6249440.50000      9044.87844 Case1_F006_NNE 11
INLINE-  2147483647 2147483647    514319.00000   6249446.50000      9173.16874 Case1_F006_NNE 11
INLINE-  2147483647 2147483647    514256.34375   6249456.50000      9347.59877 Case1_F006_NNE 11
INLINE-  2147483647 2147483647    514190.87500   6249466.50000      9543.36870 Case1_F006_NNE 11
INLINE-  2147483647 2147483647    514359.87500   6249422.50000      9044.87844 Case1_F006_NNE 12
INLINE-  2147483647 2147483647    514315.71875   6249429.50000      9173.16874 Case1_F006_NNE 12
INLINE-  2147483647 2147483647    514253.84375   6249439.00000      9347.59877 Case1_F006_NNE 12
INLINE-  2147483647 2147483647    514188.34375   6249448.50000      9543.36870 Case1_F006_NNE 12
