INLINE-  2147483647 2147483647    515590.18800   6246905.00000      9387.00277 Case1_F088_NS 1
INLINE-  2147483647 2147483647    515567.31200   6246887.50000      9742.36048 Case1_F088_NS 1
INLINE-  2147483647 2147483647    515572.46900   6246923.00000      9430.37486 Case1_F088_NS 2
INLINE-  2147483647 2147483647    515563.71900   6246916.50000      9619.61124 Case1_F088_NS 2
INLINE-  2147483647 2147483647    515553.75000   6246908.50000      9808.63562 Case1_F088_NS 2
INLINE-  2147483647 2147483647    515553.87500   6246940.50000      9461.16192 Case1_F088_NS 3
INLINE-  2147483647 2147483647    515547.00000   6246935.00000      9674.35535 Case1_F088_NS 3
INLINE-  2147483647 2147483647    515537.62500   6246928.00000      9872.42674 Case1_F088_NS 3
INLINE-  2147483647 2147483647    515535.18800   6246957.50000      9460.53292 Case1_F088_NS 4
INLINE-  2147483647 2147483647    515528.25000   6246952.00000      9689.83338 Case1_F088_NS 4
INLINE-  2147483647 2147483647    515517.31200   6246943.50000      9918.49984 Case1_F088_NS 4
INLINE-  2147483647 2147483647    515516.34400   6246974.50000      9451.57990 Case1_F088_NS 5
INLINE-  2147483647 2147483647    515508.03100   6246968.00000      9708.22342 Case1_F088_NS 5
INLINE-  2147483647 2147483647    515495.50000   6246958.50000      9964.18993 Case1_F088_NS 5
INLINE-  2147483647 2147483647    515487.09400   6246999.50000      9426.62485 Case1_F088_NS 6
INLINE-  2147483647 2147483647    515473.96900   6246989.50000      9752.85851 Case1_F088_NS 6
INLINE-  2147483647 2147483647    515458.21900   6246977.00000     10054.66311 Case1_F088_NS 6
INLINE-  2147483647 2147483647    515463.93800   6247029.00000      9410.26682 Case1_F088_NS 7
INLINE-  2147483647 2147483647    515442.78100   6247012.50000      9779.19456 Case1_F088_NS 7
INLINE-  2147483647 2147483647    515422.09400   6246997.00000     10148.30930 Case1_F088_NS 7
INLINE-  2147483647 2147483647    515441.56200   6247059.00000      9398.40580 Case1_F088_NS 8
INLINE-  2147483647 2147483647    515408.34400   6247033.50000      9866.94373 Case1_F088_NS 8
INLINE-  2147483647 2147483647    515386.28100   6247016.50000     10238.57948 Case1_F088_NS 8
INLINE-  2147483647 2147483647    515414.09400   6247085.00000      9410.78882 Case1_F088_NS 9
INLINE-  2147483647 2147483647    515385.43800   6247063.00000      9834.96867 Case1_F088_NS 9
INLINE-  2147483647 2147483647    515359.62500   6247043.50000     10259.89852 Case1_F088_NS 9
INLINE-  2147483647 2147483647    515384.62500   6247109.50000      9435.28387 Case1_F088_NS 10
INLINE-  2147483647 2147483647    515364.21900   6247094.00000      9793.80959 Case1_F088_NS 10
INLINE-  2147483647 2147483647    515335.46900   6247072.00000     10260.01252 Case1_F088_NS 10
