INLINE-  2147483647 2147483647    516367.96875   6247374.50000      8553.11672 Case1_F102_NS 1
INLINE-  2147483647 2147483647    516375.31250   6247380.00000      8702.06721 Case1_F102_NS 1
INLINE-  2147483647 2147483647    516382.93750   6247386.00000      8883.45820 Case1_F102_NS 1
INLINE-  2147483647 2147483647    516388.90625   6247390.50000      9083.05821 Case1_F102_NS 1
INLINE-  2147483647 2147483647    516406.46875   6247404.00000      9468.82851 Case1_F102_NS 1
INLINE-  2147483647 2147483647    516425.15625   6247418.00000      9854.39959 Case1_F102_NS 1
INLINE-  2147483647 2147483647    516331.68750   6247425.50000      8571.79742 Case1_F102_NS 2
INLINE-  2147483647 2147483647    516342.09375   6247433.50000      8823.15729 Case1_F102_NS 2
INLINE-  2147483647 2147483647    516361.93750   6247448.50000      9173.62870 Case1_F102_NS 2
INLINE-  2147483647 2147483647    516381.00000   6247463.00000      9524.30909 Case1_F102_NS 2
INLINE-  2147483647 2147483647    516399.78125   6247477.50000      9875.05002 Case1_F102_NS 2
INLINE-  2147483647 2147483647    516293.68750   6247475.00000      8598.23692 Case1_F102_NS 3
INLINE-  2147483647 2147483647    516298.25000   6247478.50000      8701.02717 Case1_F102_NS 3
INLINE-  2147483647 2147483647    516306.50000   6247485.00000      8872.97771 Case1_F102_NS 3
INLINE-  2147483647 2147483647    516327.93750   6247501.00000      9215.77820 Case1_F102_NS 3
INLINE-  2147483647 2147483647    516349.37500   6247517.50000      9558.55916 Case1_F102_NS 3
INLINE-  2147483647 2147483647    516370.81250   6247534.00000      9901.35965 Case1_F102_NS 3
INLINE-  2147483647 2147483647    516255.53125   6247524.50000      8614.95766 Case1_F102_NS 4
INLINE-  2147483647 2147483647    516269.03125   6247535.00000      8883.45820 Case1_F102_NS 4
INLINE-  2147483647 2147483647    516283.31250   6247545.50000      9122.80828 Case1_F102_NS 4
INLINE-  2147483647 2147483647    516310.40625   6247566.50000      9525.08936 Case1_F102_NS 4
INLINE-  2147483647 2147483647    516338.12500   6247587.50000      9927.22005 Case1_F102_NS 4
INLINE-  2147483647 2147483647    516223.59375   6247578.50000      8648.14718 Case1_F102_NS 5
INLINE-  2147483647 2147483647    516237.31250   6247589.00000      8972.72791 Case1_F102_NS 5
INLINE-  2147483647 2147483647    516255.28125   6247603.00000      9296.44828 Case1_F102_NS 5
INLINE-  2147483647 2147483647    516273.03125   6247616.50000      9620.17940 Case1_F102_NS 5
INLINE-  2147483647 2147483647    516290.71875   6247630.00000      9943.90954 Case1_F102_NS 5
INLINE-  2147483647 2147483647    516190.59375   6247632.00000      8684.67753 Case1_F102_NS 6
INLINE-  2147483647 2147483647    516203.00000   6247641.50000      9018.25827 Case1_F102_NS 6
INLINE-  2147483647 2147483647    516210.93750   6247647.50000      9184.78790 Case1_F102_NS 6
INLINE-  2147483647 2147483647    516225.03125   6247658.50000      9554.27887 Case1_F102_NS 6
INLINE-  2147483647 2147483647    516238.53125   6247669.00000      9923.84993 Case1_F102_NS 6
INLINE-  2147483647 2147483647    516170.09375   6247663.50000      8694.32696 Case1_F102_NS 7
INLINE-  2147483647 2147483647    516180.09375   6247671.50000      9014.01803 Case1_F102_NS 7
INLINE-  2147483647 2147483647    516193.31250   6247681.50000      9333.22863 Case1_F102_NS 7
INLINE-  2147483647 2147483647    516206.03125   6247691.00000      9652.54958 Case1_F102_NS 7
INLINE-  2147483647 2147483647    516221.09375   6247702.50000      9971.40959 Case1_F102_NS 7
INLINE-  2147483647 2147483647    516141.87500   6247705.00000      8701.80744 Case1_F102_NS 8
INLINE-  2147483647 2147483647    516149.62500   6247711.00000      9020.08835 Case1_F102_NS 8
INLINE-  2147483647 2147483647    516155.50000   6247715.50000      9179.01836 Case1_F102_NS 8
INLINE-  2147483647 2147483647    516174.65625   6247730.00000      9630.19895 Case1_F102_NS 8
INLINE-  2147483647 2147483647    516198.46875   6247748.50000      9988.67037 Case1_F102_NS 8
