INLINE-  2147483647 2147483647    513261.31200   6253809.00000     11150.95930 Case2_F078_EW 1
INLINE-  2147483647 2147483647    513135.53100   6253973.50000     12030.48306 Case2_F078_EW 1
INLINE-  2147483647 2147483647    512954.68800   6254210.00000     13198.40540 Case2_F078_EW 1
INLINE-  2147483647 2147483647    513476.84400   6253733.00000      9878.37676 Case2_F078_EW 2
INLINE-  2147483647 2147483647    513388.15600   6253849.00000     10784.62857 Case2_F078_EW 2
INLINE-  2147483647 2147483647    513349.15600   6253900.00000     11193.69439 Case2_F078_EW 2
INLINE-  2147483647 2147483647    513251.78100   6254027.50000     12044.17009 Case2_F078_EW 2
INLINE-  2147483647 2147483647    513053.96900   6254286.00000     13198.40540 Case2_F078_EW 2
INLINE-  2147483647 2147483647    513573.75000   6253812.50000      9775.84955 Case2_F078_EW 3
INLINE-  2147483647 2147483647    513487.40600   6253925.00000     10784.62857 Case2_F078_EW 3
INLINE-  2147483647 2147483647    513448.43800   6253976.00000     11193.69439 Case2_F078_EW 3
INLINE-  2147483647 2147483647    513370.06200   6254078.50000     12016.02703 Case2_F078_EW 3
INLINE-  2147483647 2147483647    513203.00000   6254296.50000     13232.02046 Case2_F078_EW 3
INLINE-  2147483647 2147483647    513672.25000   6253868.50000      9572.49914 Case2_F078_EW 4
INLINE-  2147483647 2147483647    513597.06200   6253967.00000     10426.19085 Case2_F078_EW 4
INLINE-  2147483647 2147483647    513505.96900   6254086.00000     11434.58887 Case2_F078_EW 4
INLINE-  2147483647 2147483647    513442.62500   6254168.50000     12218.77044 Case2_F078_EW 4
INLINE-  2147483647 2147483647    513327.56200   6254319.00000     13127.57126 Case2_F078_EW 4
INLINE-  2147483647 2147483647    513761.15600   6253978.50000      9500.02800 Case2_F078_EW 5
INLINE-  2147483647 2147483647    513689.62500   6254072.00000     10815.63263 Case2_F078_EW 5
INLINE-  2147483647 2147483647    513665.75000   6254103.50000     11203.56341 Case2_F078_EW 5
INLINE-  2147483647 2147483647    513610.46900   6254175.50000     12055.90311 Case2_F078_EW 5
INLINE-  2147483647 2147483647    513507.78100   6254310.00000     13046.58409 Case2_F078_EW 5
INLINE-  2147483647 2147483647    513879.71900   6253988.50000      9711.23942 Case2_F078_EW 6
INLINE-  2147483647 2147483647    513815.75000   6254072.00000     10554.48311 Case2_F078_EW 6
INLINE-  2147483647 2147483647    513745.28100   6254164.00000     11393.95779 Case2_F078_EW 6
INLINE-  2147483647 2147483647    513677.12500   6254253.00000     12235.51847 Case2_F078_EW 6
INLINE-  2147483647 2147483647    513592.75000   6254363.50000     13066.67813 Case2_F078_EW 6
INLINE-  2147483647 2147483647    513955.06200   6253993.00000      9810.45762 Case2_F078_EW 7
INLINE-  2147483647 2147483647    513881.65600   6254088.50000     10623.89725 Case2_F078_EW 7
INLINE-  2147483647 2147483647    513803.62500   6254190.50000     11434.22087 Case2_F078_EW 7
INLINE-  2147483647 2147483647    513735.43800   6254279.50000     12250.88350 Case2_F078_EW 7
INLINE-  2147483647 2147483647    513642.90600   6254400.50000     13050.67310 Case2_F078_EW 7
INLINE-  2147483647 2147483647    514040.18800   6254005.00000      9886.65877 Case2_F078_EW 8
INLINE-  2147483647 2147483647    513939.81200   6254136.00000     10847.95570 Case2_F078_EW 8
INLINE-  2147483647 2147483647    513893.03100   6254197.00000     11246.25449 Case2_F078_EW 8
INLINE-  2147483647 2147483647    513818.31200   6254295.00000     12140.93228 Case2_F078_EW 8
INLINE-  2147483647 2147483647    513704.06200   6254444.00000     13021.23504 Case2_F078_EW 8
INLINE-  2147483647 2147483647    514122.06200   6254083.00000     10038.65708 Case2_F078_EW 9
INLINE-  2147483647 2147483647    514081.43800   6254136.00000     10573.96015 Case2_F078_EW 9
INLINE-  2147483647 2147483647    514010.03100   6254229.50000     11264.95453 Case2_F078_EW 9
INLINE-  2147483647 2147483647    513942.12500   6254318.00000     11958.39492 Case2_F078_EW 9
INLINE-  2147483647 2147483647    513807.62500   6254494.00000     12937.55988 Case2_F078_EW 9
INLINE-  2147483647 2147483647    514191.81200   6254177.00000     10198.04140 Case2_F078_EW 10
INLINE-  2147483647 2147483647    514196.37500   6254171.00000     10395.56379 Case2_F078_EW 10
INLINE-  2147483647 2147483647    514181.18800   6254191.00000     10651.86730 Case2_F078_EW 10
INLINE-  2147483647 2147483647    514131.03100   6254256.50000     11149.09830 Case2_F078_EW 10
INLINE-  2147483647 2147483647    513992.75000   6254437.00000     12533.99207 Case2_F078_EW 10
INLINE-  2147483647 2147483647    513924.06200   6254527.00000     12984.81897 Case2_F078_EW 10
