INLINE-  2147483647 2147483647    517191.90600   6246022.00000      9197.58840 Case1_F152_NS 1
INLINE-  2147483647 2147483647    517038.21900   6245904.50000      9635.18927 Case1_F152_NS 1
INLINE-  2147483647 2147483647    516872.93800   6245778.00000     10020.92004 Case1_F152_NS 1
INLINE-  2147483647 2147483647    517164.15600   6246064.00000      9262.09852 Case1_F152_NS 2
INLINE-  2147483647 2147483647    517057.71900   6245982.50000      9595.00919 Case1_F152_NS 2
INLINE-  2147483647 2147483647    516868.84400   6245838.00000     10034.82007 Case1_F152_NS 2
INLINE-  2147483647 2147483647    517134.78100   6246120.00000      9260.83852 Case1_F152_NS 3
INLINE-  2147483647 2147483647    517008.18800   6246023.00000      9668.11934 Case1_F152_NS 3
INLINE-  2147483647 2147483647    516840.18800   6245894.50000     10030.02006 Case1_F152_NS 3
INLINE-  2147483647 2147483647    517128.78100   6246178.50000      9165.31833 Case1_F152_NS 4
INLINE-  2147483647 2147483647    517067.34400   6246131.50000      9426.22885 Case1_F152_NS 4
INLINE-  2147483647 2147483647    516962.15600   6246051.00000      9738.69948 Case1_F152_NS 4
INLINE-  2147483647 2147483647    516816.71900   6245939.50000     10036.31907 Case1_F152_NS 4
INLINE-  2147483647 2147483647    517142.00000   6246235.50000      9066.78813 Case1_F152_NS 5
INLINE-  2147483647 2147483647    517102.15600   6246205.00000      9275.83855 Case1_F152_NS 5
INLINE-  2147483647 2147483647    517017.15600   6246140.00000      9559.34912 Case1_F152_NS 5
INLINE-  2147483647 2147483647    516825.06200   6245993.00000      9983.07997 Case1_F152_NS 5
INLINE-  2147483647 2147483647    517114.09400   6246293.00000      9013.66803 Case1_F152_NS 6
INLINE-  2147483647 2147483647    517077.71900   6246265.00000      9212.77843 Case1_F152_NS 6
INLINE-  2147483647 2147483647    516979.09400   6246189.50000      9559.34912 Case1_F152_NS 6
INLINE-  2147483647 2147483647    516845.81200   6246087.50000      9871.32874 Case1_F152_NS 6
INLINE-  2147483647 2147483647    517065.28100   6246334.50000      9072.96715 Case1_F152_NS 7
INLINE-  2147483647 2147483647    516995.00000   6246280.50000      9375.02875 Case1_F152_NS 7
INLINE-  2147483647 2147483647    516903.31200   6246210.50000      9652.64931 Case1_F152_NS 7
INLINE-  2147483647 2147483647    516793.84400   6246126.50000      9904.52981 Case1_F152_NS 7
INLINE-  2147483647 2147483647    517013.50000   6246373.50000      9143.79729 Case1_F152_NS 8
INLINE-  2147483647 2147483647    517001.84400   6246364.50000      9212.77843 Case1_F152_NS 8
INLINE-  2147483647 2147483647    516888.34400   6246277.50000      9581.46916 Case1_F152_NS 8
INLINE-  2147483647 2147483647    516730.28100   6246156.50000      9960.30992 Case1_F152_NS 8
INLINE-  2147483647 2147483647    516977.78100   6246409.00000      9128.96826 Case1_F152_NS 9
INLINE-  2147483647 2147483647    516898.87500   6246348.50000      9443.66889 Case1_F152_NS 9
INLINE-  2147483647 2147483647    516802.09400   6246274.50000      9712.43942 Case1_F152_NS 9
INLINE-  2147483647 2147483647    516696.71900   6246194.00000      9967.84994 Case1_F152_NS 9
INLINE-  2147483647 2147483647    516937.68800   6246457.00000      9108.79722 Case1_F152_NS 10
INLINE-  2147483647 2147483647    516918.06200   6246442.00000      9229.94846 Case1_F152_NS 10
INLINE-  2147483647 2147483647    516822.78100   6246369.00000      9533.90907 Case1_F152_NS 10
INLINE-  2147483647 2147483647    516662.00000   6246246.00000      9960.30992 Case1_F152_NS 10
