INLINE-  2147483647 2147483647    518606.71900   6248058.50000      9476.18895 Case1_F133_EW 1
INLINE-  2147483647 2147483647    518599.84400   6248067.50000     10008.42002 Case1_F133_EW 1
INLINE-  2147483647 2147483647    518573.37500   6248102.00000     10468.92094 Case1_F133_EW 1
INLINE-  2147483647 2147483647    518520.96900   6248170.50000     10942.42188 Case1_F133_EW 1
INLINE-  2147483647 2147483647    518460.15600   6248250.00000     11282.72257 Case1_F133_EW 1
INLINE-  2147483647 2147483647    518535.06200   6248070.00000      9437.23887 Case1_F133_EW 2
INLINE-  2147483647 2147483647    518532.03100   6248074.00000      9987.39997 Case1_F133_EW 2
INLINE-  2147483647 2147483647    518507.84400   6248105.50000     10409.32082 Case1_F133_EW 2
INLINE-  2147483647 2147483647    518470.68800   6248154.00000     10936.12187 Case1_F133_EW 2
INLINE-  2147483647 2147483647    518420.56200   6248219.50000     11282.72257 Case1_F133_EW 2
INLINE-  2147483647 2147483647    518475.03100   6248045.50000      9523.90905 Case1_F133_EW 3
INLINE-  2147483647 2147483647    518477.06200   6248043.00000      9986.37997 Case1_F133_EW 3
INLINE-  2147483647 2147483647    518458.21900   6248067.50000     10409.32082 Case1_F133_EW 3
INLINE-  2147483647 2147483647    518430.00000   6248104.50000     10868.92174 Case1_F133_EW 3
INLINE-  2147483647 2147483647    518379.12500   6248171.00000     11295.62259 Case1_F133_EW 3
INLINE-  2147483647 2147483647    518429.71900   6248002.00000      9593.64919 Case1_F133_EW 4
INLINE-  2147483647 2147483647    518432.03100   6247999.00000      9871.91974 Case1_F133_EW 4
INLINE-  2147483647 2147483647    518420.81200   6248013.50000     10283.52057 Case1_F133_EW 4
INLINE-  2147483647 2147483647    518396.37500   6248045.50000     10757.92152 Case1_F133_EW 4
INLINE-  2147483647 2147483647    518351.59400   6248104.00000     11226.22245 Case1_F133_EW 4
INLINE-  2147483647 2147483647    518390.03100   6247951.00000      9599.23820 Case1_F133_EW 5
INLINE-  2147483647 2147483647    518390.03100   6247951.00000      9958.75992 Case1_F133_EW 5
INLINE-  2147483647 2147483647    518368.90600   6247978.50000     10422.02084 Case1_F133_EW 5
INLINE-  2147483647 2147483647    518324.62500   6248036.50000     11006.22201 Case1_F133_EW 5
INLINE-  2147483647 2147483647    518364.06200   6247902.50000      9586.97917 Case1_F133_EW 6
INLINE-  2147483647 2147483647    518364.06200   6247902.50000      9982.61997 Case1_F133_EW 6
INLINE-  2147483647 2147483647    518347.28100   6247924.50000     10287.62058 Case1_F133_EW 6
INLINE-  2147483647 2147483647    518284.93800   6248006.00000     11006.22201 Case1_F133_EW 6
INLINE-  2147483647 2147483647    518322.71900   6247874.50000      9706.90941 Case1_F133_EW 7
INLINE-  2147483647 2147483647    518324.25000   6247872.50000      9982.61997 Case1_F133_EW 7
INLINE-  2147483647 2147483647    518307.68800   6247894.00000     10287.62058 Case1_F133_EW 7
INLINE-  2147483647 2147483647    518245.34400   6247975.50000     11006.22201 Case1_F133_EW 7
