INLINE-  2147483647 2147483647    518470.62500   6248174.50000      9996.47995 Case1_F133b_EW 1
INLINE-  2147483647 2147483647    518450.90625   6248200.50000     10374.22094 Case1_F133b_EW 1
INLINE-  2147483647 2147483647    518403.81250   6248262.00000     10735.32128 Case1_F133b_EW 1
INLINE-  2147483647 2147483647    518340.00000   6248345.50000     11077.52216 Case1_F133b_EW 1
INLINE-  2147483647 2147483647    518518.00000   6248215.50000      9998.71043 Case1_F133b_EW 2
INLINE-  2147483647 2147483647    518502.03125   6248236.50000     10333.12028 Case1_F133b_EW 2
INLINE-  2147483647 2147483647    518444.31250   6248312.00000     10771.12115 Case1_F133b_EW 2
INLINE-  2147483647 2147483647    518381.28125   6248394.50000     11103.12182 Case1_F133b_EW 2
INLINE-  2147483647 2147483647    518551.68750   6248274.50000     10016.72023 Case1_F133b_EW 3
INLINE-  2147483647 2147483647    518524.34375   6248310.00000     10347.72089 Case1_F133b_EW 3
INLINE-  2147483647 2147483647    518459.03125   6248395.50000     10784.92196 Case1_F133b_EW 3
INLINE-  2147483647 2147483647    518411.93750   6248457.00000     11049.82190 Case1_F133b_EW 3
INLINE-  2147483647 2147483647    518564.84375   6248360.00000     10034.11968 Case1_F133b_EW 4
INLINE-  2147483647 2147483647    518542.06250   6248390.00000     10355.52071 Case1_F133b_EW 4
INLINE-  2147483647 2147483647    518491.18750   6248456.50000     10772.52155 Case1_F133b_EW 4
INLINE-  2147483647 2147483647    518450.15625   6248510.00000     11024.82185 Case1_F133b_EW 4
