INLINE-  2147483647 2147483647    516657.00000   6244936.00000      9980.00996 Case1_F145_NS 1
INLINE-  2147483647 2147483647    516562.28100   6244863.50000     10993.22199 Case1_F145_NS 1
INLINE-  2147483647 2147483647    516452.46900   6244779.50000     12233.92447 Case1_F145_NS 1
INLINE-  2147483647 2147483647    516619.03100   6244985.50000      9982.65997 Case1_F145_NS 2
INLINE-  2147483647 2147483647    516512.40600   6244904.00000     11107.22221 Case1_F145_NS 2
INLINE-  2147483647 2147483647    516412.18800   6244827.50000     12234.22447 Case1_F145_NS 2
INLINE-  2147483647 2147483647    516562.03100   6245052.00000      9967.72994 Case1_F145_NS 3
INLINE-  2147483647 2147483647    516467.00000   6244979.50000     11114.72223 Case1_F145_NS 3
INLINE-  2147483647 2147483647    516379.71900   6244912.50000     12249.72450 Case1_F145_NS 3
INLINE-  2147483647 2147483647    516523.28100   6245117.00000     10016.92003 Case1_F145_NS 4
INLINE-  2147483647 2147483647    516447.28100   6245059.00000     10984.42197 Case1_F145_NS 4
INLINE-  2147483647 2147483647    516364.96900   6244996.00000     12282.02456 Case1_F145_NS 4
INLINE-  2147483647 2147483647    516490.59400   6245233.50000      9939.30988 Case1_F145_NS 5
INLINE-  2147483647 2147483647    516410.81200   6245172.50000     10963.92193 Case1_F145_NS 5
INLINE-  2147483647 2147483647    516295.68800   6245084.50000     12192.52439 Case1_F145_NS 5
INLINE-  2147483647 2147483647    516443.06200   6245339.00000      9948.16990 Case1_F145_NS 6
INLINE-  2147483647 2147483647    516350.03100   6245267.50000     10954.02191 Case1_F145_NS 6
INLINE-  2147483647 2147483647    516236.93800   6245181.00000     12139.12428 Case1_F145_NS 6
INLINE-  2147483647 2147483647    516368.71900   6245439.50000     10068.12014 Case1_F145_NS 7
INLINE-  2147483647 2147483647    516288.37500   6245378.00000     10954.02191 Case1_F145_NS 7
INLINE-  2147483647 2147483647    516183.84400   6245298.00000     12162.22432 Case1_F145_NS 7
INLINE-  2147483647 2147483647    516290.65600   6245537.00000     10011.22002 Case1_F145_NS 8
INLINE-  2147483647 2147483647    516197.21900   6245465.50000     11017.12203 Case1_F145_NS 8
INLINE-  2147483647 2147483647    516094.75000   6245387.00000     12015.22403 Case1_F145_NS 8
INLINE-  2147483647 2147483647    516227.87500   6245630.50000      9950.64990 Case1_F145_NS 9
INLINE-  2147483647 2147483647    516123.90600   6245551.00000     11034.82207 Case1_F145_NS 9
INLINE-  2147483647 2147483647    516026.50000   6245476.50000     12015.22403 Case1_F145_NS 9
INLINE-  2147483647 2147483647    516143.78100   6245723.50000      9830.11966 Case1_F145_NS 10
INLINE-  2147483647 2147483647    516045.93800   6245648.50000     10926.92185 Case1_F145_NS 10
INLINE-  2147483647 2147483647    515975.96900   6245595.00000     12090.02418 Case1_F145_NS 10
INLINE-  2147483647 2147483647    516073.40600   6245827.00000      9837.18967 Case1_F145_NS 11
INLINE-  2147483647 2147483647    515976.09400   6245752.50000     10957.72192 Case1_F145_NS 11
INLINE-  2147483647 2147483647    515928.18800   6245716.00000     11509.22302 Case1_F145_NS 11
INLINE-  2147483647 2147483647    516040.90600   6245881.00000      9823.80865 Case1_F145_NS 12
INLINE-  2147483647 2147483647    515967.37500   6245824.50000     10633.02127 Case1_F145_NS 12
INLINE-  2147483647 2147483647    515913.59400   6245783.50000     11161.82232 Case1_F145_NS 12
INLINE-  2147483647 2147483647    516025.12500   6245916.00000      9787.57858 Case1_F145_NS 13
INLINE-  2147483647 2147483647    515966.71900   6245871.50000     10351.62070 Case1_F145_NS 13
INLINE-  2147483647 2147483647    515929.06200   6245842.50000     10817.92164 Case1_F145_NS 13
INLINE-  2147483647 2147483647    515994.43800   6245955.50000      9760.96952 Case1_F145_NS 14
INLINE-  2147483647 2147483647    515958.93800   6245928.50000     10165.92033 Case1_F145_NS 14
INLINE-  2147483647 2147483647    515980.15600   6245976.00000      9784.22857 Case1_F145_NS 15
INLINE-  2147483647 2147483647    515967.56200   6245966.50000      9850.43970 Case1_F145_NS 15
