INLINE-  2147483647 2147483647    514495.56200   6251685.50000      8974.57895 Case2_F127_NS 1
INLINE-  2147483647 2147483647    514499.68800   6251688.50000      9201.40940 Case2_F127_NS 1
INLINE-  2147483647 2147483647    514503.43800   6251691.50000      9505.19901 Case2_F127_NS 1
INLINE-  2147483647 2147483647    514522.09400   6251706.00000      9962.29292 Case2_F127_NS 1
INLINE-  2147483647 2147483647    514543.43800   6251722.00000     10418.95484 Case2_F127_NS 1
INLINE-  2147483647 2147483647    514462.21900   6251739.00000      8974.40295 Case2_F127_NS 2
INLINE-  2147483647 2147483647    514461.71900   6251738.50000      9201.40940 Case2_F127_NS 2
INLINE-  2147483647 2147483647    514467.96900   6251743.00000      9443.08389 Case2_F127_NS 2
INLINE-  2147483647 2147483647    514476.46900   6251749.50000      9761.25952 Case2_F127_NS 2
INLINE-  2147483647 2147483647    514508.18800   6251774.00000     10403.05981 Case2_F127_NS 2
INLINE-  2147483647 2147483647    514439.59400   6251768.50000      8975.18395 Case2_F127_NS 3
INLINE-  2147483647 2147483647    514442.12500   6251770.50000      9332.86367 Case2_F127_NS 3
INLINE-  2147483647 2147483647    514452.46900   6251778.50000      9690.02938 Case2_F127_NS 3
INLINE-  2147483647 2147483647    514467.21900   6251790.00000     10046.60009 Case2_F127_NS 3
INLINE-  2147483647 2147483647    514483.43800   6251802.00000     10402.93481 Case2_F127_NS 3
INLINE-  2147483647 2147483647    514408.65600   6251808.00000      8976.23895 Case2_F127_NS 4
INLINE-  2147483647 2147483647    514411.59400   6251810.00000      9330.68566 Case2_F127_NS 4
INLINE-  2147483647 2147483647    514416.43800   6251814.00000      9507.71202 Case2_F127_NS 4
INLINE-  2147483647 2147483647    514432.87500   6251826.50000      9941.36188 Case2_F127_NS 4
INLINE-  2147483647 2147483647    514449.93800   6251839.50000     10374.91675 Case2_F127_NS 4
INLINE-  2147483647 2147483647    514385.53100   6251837.50000      8981.47296 Case2_F127_NS 5
INLINE-  2147483647 2147483647    514388.28100   6251839.50000      9326.94065 Case2_F127_NS 5
INLINE-  2147483647 2147483647    514401.31200   6251849.50000      9671.47934 Case2_F127_NS 5
INLINE-  2147483647 2147483647    514417.59400   6251862.00000     10015.50403 Case2_F127_NS 5
INLINE-  2147483647 2147483647    514434.15600   6251874.50000     10359.47572 Case2_F127_NS 5
INLINE-  2147483647 2147483647    514362.56200   6251867.00000      8978.63096 Case2_F127_NS 6
INLINE-  2147483647 2147483647    514362.96900   6251867.50000      9201.40940 Case2_F127_NS 6
INLINE-  2147483647 2147483647    514369.34400   6251872.50000      9443.07389 Case2_F127_NS 6
INLINE-  2147483647 2147483647    514391.78100   6251889.50000      9883.68977 Case2_F127_NS 6
INLINE-  2147483647 2147483647    514416.12500   6251908.00000     10323.92065 Case2_F127_NS 6
INLINE-  2147483647 2147483647    514347.96900   6251887.50000      8934.29887 Case2_F127_NS 7
INLINE-  2147483647 2147483647    514352.06200   6251890.50000      9284.50757 Case2_F127_NS 7
INLINE-  2147483647 2147483647    514367.00000   6251902.00000      9633.49927 Case2_F127_NS 7
INLINE-  2147483647 2147483647    514384.53100   6251915.50000      9982.15496 Case2_F127_NS 7
INLINE-  2147483647 2147483647    514402.21900   6251929.00000     10330.77666 Case2_F127_NS 7
INLINE-  2147483647 2147483647    514326.84400   6251918.50000      8900.04080 Case2_F127_NS 8
INLINE-  2147483647 2147483647    514333.71900   6251923.50000      9365.63373 Case2_F127_NS 8
INLINE-  2147483647 2147483647    514344.78100   6251932.00000      9580.95716 Case2_F127_NS 8
INLINE-  2147483647 2147483647    514360.18800   6251944.00000      9917.19583 Case2_F127_NS 8
INLINE-  2147483647 2147483647    514378.81200   6251958.00000     10319.33464 Case2_F127_NS 8
INLINE-  2147483647 2147483647    514308.31200   6251935.50000      8887.96078 Case2_F127_NS 9
INLINE-  2147483647 2147483647    514314.12500   6251940.00000      9242.29848 Case2_F127_NS 9
INLINE-  2147483647 2147483647    514330.31200   6251952.50000      9595.25319 Case2_F127_NS 9
INLINE-  2147483647 2147483647    514348.37500   6251966.50000      9947.89690 Case2_F127_NS 9
INLINE-  2147483647 2147483647    514366.43800   6251980.00000     10300.53860 Case2_F127_NS 9
INLINE-  2147483647 2147483647    514280.59400   6251961.50000      8880.91376 Case2_F127_NS 10
INLINE-  2147483647 2147483647    514287.03100   6251966.50000      9201.40940 Case2_F127_NS 10
INLINE-  2147483647 2147483647    514298.78100   6251975.50000      9441.57988 Case2_F127_NS 10
INLINE-  2147483647 2147483647    514322.87500   6251994.00000      9860.43672 Case2_F127_NS 10
INLINE-  2147483647 2147483647    514347.56200   6252013.00000     10279.14656 Case2_F127_NS 10
