INLINE-  2147483647 2147483647    517044.00000   6250347.50000      9615.72623 Case1_F072_NNW 1
INLINE-  2147483647 2147483647    517046.65600   6250365.00000     10005.68101 Case1_F072_NNW 1
INLINE-  2147483647 2147483647    517046.71900   6250365.50000     10455.89791 Case1_F072_NNW 1
INLINE-  2147483647 2147483647    517047.90600   6250373.00000     10760.08552 Case1_F072_NNW 1
INLINE-  2147483647 2147483647    517050.15600   6250387.50000     11068.44614 Case1_F072_NNW 1
INLINE-  2147483647 2147483647    517052.18800   6250400.50000     11350.58470 Case1_F072_NNW 1
INLINE-  2147483647 2147483647    517078.93800   6250342.50000      9615.72623 Case1_F072_NNW 2
INLINE-  2147483647 2147483647    517081.59400   6250359.50000     10005.68101 Case1_F072_NNW 2
INLINE-  2147483647 2147483647    517081.65600   6250360.00000     10455.89791 Case1_F072_NNW 2
INLINE-  2147483647 2147483647    517082.81200   6250367.50000     10760.08552 Case1_F072_NNW 2
INLINE-  2147483647 2147483647    517085.06200   6250382.00000     11068.44614 Case1_F072_NNW 2
INLINE-  2147483647 2147483647    517087.12500   6250395.50000     11350.58470 Case1_F072_NNW 2
INLINE-  2147483647 2147483647    517146.00000   6250313.50000      9598.14420 Case1_F072_NNW 3
INLINE-  2147483647 2147483647    517148.09400   6250327.00000     10013.94903 Case1_F072_NNW 3
INLINE-  2147483647 2147483647    517150.68800   6250344.00000     10449.10790 Case1_F072_NNW 3
INLINE-  2147483647 2147483647    517152.68800   6250357.00000     10760.08552 Case1_F072_NNW 3
INLINE-  2147483647 2147483647    517156.12500   6250379.00000     11026.01205 Case1_F072_NNW 3
INLINE-  2147483647 2147483647    517160.65600   6250408.50000     11371.47374 Case1_F072_NNW 3
INLINE-  2147483647 2147483647    517202.68800   6250271.50000      9564.81613 Case1_F072_NNW 4
INLINE-  2147483647 2147483647    517205.53100   6250290.00000      9956.05591 Case1_F072_NNW 4
INLINE-  2147483647 2147483647    517210.53100   6250322.50000     10425.20285 Case1_F072_NNW 4
INLINE-  2147483647 2147483647    517214.46900   6250348.00000     10777.30755 Case1_F072_NNW 4
INLINE-  2147483647 2147483647    517217.78100   6250369.50000     11026.01205 Case1_F072_NNW 4
INLINE-  2147483647 2147483647    517222.34400   6250399.00000     11371.47374 Case1_F072_NNW 4
INLINE-  2147483647 2147483647    517273.84400   6250271.50000      9567.69414 Case1_F072_NNW 5
INLINE-  2147483647 2147483647    517276.75000   6250290.50000      9989.04298 Case1_F072_NNW 5
INLINE-  2147483647 2147483647    517282.18800   6250325.50000     10545.73009 Case1_F072_NNW 5
INLINE-  2147483647 2147483647    517288.00000   6250363.50000     10999.37400 Case1_F072_NNW 5
INLINE-  2147483647 2147483647    517292.00000   6250389.00000     11335.85867 Case1_F072_NNW 5
INLINE-  2147483647 2147483647    517327.78100   6250273.50000      9567.54814 Case1_F072_NNW 6
INLINE-  2147483647 2147483647    517330.50000   6250291.00000      9979.60596 Case1_F072_NNW 6
INLINE-  2147483647 2147483647    517334.43800   6250316.50000     10451.43390 Case1_F072_NNW 6
INLINE-  2147483647 2147483647    517340.46900   6250355.50000     10969.62094 Case1_F072_NNW 6
INLINE-  2147483647 2147483647    517343.03100   6250372.50000     11391.28878 Case1_F072_NNW 6
INLINE-  2147483647 2147483647    517388.65600   6250261.50000      9569.89114 Case1_F072_NNW 7
INLINE-  2147483647 2147483647    517392.21900   6250284.50000      9939.01088 Case1_F072_NNW 7
INLINE-  2147483647 2147483647    517395.46900   6250305.50000     10207.64242 Case1_F072_NNW 7
INLINE-  2147483647 2147483647    517400.68800   6250339.00000     10676.24635 Case1_F072_NNW 7
INLINE-  2147483647 2147483647    517403.18800   6250355.50000     11041.79008 Case1_F072_NNW 7
INLINE-  2147483647 2147483647    517405.68800   6250371.50000     11319.94764 Case1_F072_NNW 7
INLINE-  2147483647 2147483647    517468.81200   6250263.00000      9570.97014 Case1_F072_NNW 8
INLINE-  2147483647 2147483647    517472.62500   6250287.50000      9925.57485 Case1_F072_NNW 8
INLINE-  2147483647 2147483647    517477.25000   6250317.50000     10279.00156 Case1_F072_NNW 8
INLINE-  2147483647 2147483647    517481.68800   6250346.50000     10632.74027 Case1_F072_NNW 8
INLINE-  2147483647 2147483647    517484.90600   6250367.00000     10987.86798 Case1_F072_NNW 8
INLINE-  2147483647 2147483647    517488.06200   6250387.50000     11343.17569 Case1_F072_NNW 8
INLINE-  2147483647 2147483647    517531.53100   6250267.50000      9580.86716 Case1_F072_NNW 9
INLINE-  2147483647 2147483647    517535.71900   6250294.50000      9931.72586 Case1_F072_NNW 9
INLINE-  2147483647 2147483647    517540.46900   6250325.00000     10271.04954 Case1_F072_NNW 9
INLINE-  2147483647 2147483647    517545.65600   6250359.00000     10684.52037 Case1_F072_NNW 9
INLINE-  2147483647 2147483647    517549.93800   6250386.50000     11075.44815 Case1_F072_NNW 9
INLINE-  2147483647 2147483647    517553.18800   6250407.50000     11398.43180 Case1_F072_NNW 9
INLINE-  2147483647 2147483647    517628.18800   6250253.00000      9643.05029 Case1_F072_NNW 10
INLINE-  2147483647 2147483647    517634.34400   6250292.50000     10115.34223 Case1_F072_NNW 10
INLINE-  2147483647 2147483647    517639.37500   6250325.50000     10556.13911 Case1_F072_NNW 10
INLINE-  2147483647 2147483647    517643.50000   6250352.00000     10969.57894 Case1_F072_NNW 10
INLINE-  2147483647 2147483647    517646.09400   6250369.00000     11316.77863 Case1_F072_NNW 10
INLINE-  2147483647 2147483647    517680.18800   6250242.00000      9679.36036 Case1_F072_NNW 11
INLINE-  2147483647 2147483647    517685.93800   6250279.50000     10085.79717 Case1_F072_NNW 11
INLINE-  2147483647 2147483647    517690.84400   6250311.00000     10493.39199 Case1_F072_NNW 11
INLINE-  2147483647 2147483647    517694.71900   6250336.00000     10902.21980 Case1_F072_NNW 11
INLINE-  2147483647 2147483647    517697.78100   6250356.00000     11311.82262 Case1_F072_NNW 11
INLINE-  2147483647 2147483647    517741.06200   6250230.00000      9708.06642 Case1_F072_NNW 12
INLINE-  2147483647 2147483647    517744.46900   6250252.00000      9945.02189 Case1_F072_NNW 12
INLINE-  2147483647 2147483647    517749.43800   6250284.00000     10264.45453 Case1_F072_NNW 12
INLINE-  2147483647 2147483647    517754.12500   6250314.50000     10710.28742 Case1_F072_NNW 12
INLINE-  2147483647 2147483647    517758.87500   6250345.00000     11315.41463 Case1_F072_NNW 12
INLINE-  2147483647 2147483647    517810.93800   6250219.00000      9708.06642 Case1_F072_NNW 13
INLINE-  2147483647 2147483647    517814.34400   6250241.00000      9945.02189 Case1_F072_NNW 13
INLINE-  2147483647 2147483647    517819.28100   6250273.00000     10264.45453 Case1_F072_NNW 13
INLINE-  2147483647 2147483647    517824.00000   6250303.50000     10710.28742 Case1_F072_NNW 13
INLINE-  2147483647 2147483647    517828.65600   6250334.00000     11297.30359 Case1_F072_NNW 13
