INLINE-  2147483647 2147483647    512323.78100   6254037.00000      9481.22896 Case2_F040_NS 1
INLINE-  2147483647 2147483647    512281.06200   6254032.00000      9676.14235 Case2_F040_NS 1
INLINE-  2147483647 2147483647    512201.68800   6254023.00000      9977.01595 Case2_F040_NS 1
INLINE-  2147483647 2147483647    512067.53100   6254007.00000     10432.94687 Case2_F040_NS 1
INLINE-  2147483647 2147483647    512341.34400   6253989.50000      9507.99102 Case2_F040_NS 2
INLINE-  2147483647 2147483647    512271.56200   6253981.50000      9763.29653 Case2_F040_NS 2
INLINE-  2147483647 2147483647    512186.78100   6253971.50000     10045.89809 Case2_F040_NS 2
INLINE-  2147483647 2147483647    512093.18800   6253960.50000     10321.08364 Case2_F040_NS 2
INLINE-  2147483647 2147483647    512353.62500   6253958.50000      9507.60702 Case2_F040_NS 3
INLINE-  2147483647 2147483647    512285.03100   6253950.50000      9780.18556 Case2_F040_NS 3
INLINE-  2147483647 2147483647    512208.65600   6253941.50000      9976.96495 Case2_F040_NS 3
INLINE-  2147483647 2147483647    512115.12500   6253930.50000     10206.75141 Case2_F040_NS 3
INLINE-  2147483647 2147483647    512356.53100   6253941.50000      9498.08700 Case2_F040_NS 4
INLINE-  2147483647 2147483647    512313.12500   6253936.50000      9702.39440 Case2_F040_NS 4
INLINE-  2147483647 2147483647    512213.25000   6253925.00000      9977.01595 Case2_F040_NS 4
INLINE-  2147483647 2147483647    512116.18800   6253913.50000     10134.97027 Case2_F040_NS 4
INLINE-  2147483647 2147483647    512399.00000   6253914.00000      9483.35097 Case2_F040_NS 5
INLINE-  2147483647 2147483647    512362.25000   6253910.00000      9709.14842 Case2_F040_NS 5
INLINE-  2147483647 2147483647    512217.00000   6253892.50000      9977.01595 Case2_F040_NS 5
INLINE-  2147483647 2147483647    512105.90600   6253879.50000     10160.22032 Case2_F040_NS 5
INLINE-  2147483647 2147483647    512433.65600   6253886.00000      9482.23596 Case2_F040_NS 6
INLINE-  2147483647 2147483647    512368.71900   6253878.00000      9715.26343 Case2_F040_NS 6
INLINE-  2147483647 2147483647    512220.78100   6253860.50000      9977.01595 Case2_F040_NS 6
INLINE-  2147483647 2147483647    512109.68800   6253847.50000     10160.22032 Case2_F040_NS 6
