INLINE-  2147483647 2147483647    518173.37500   6247884.50000     11296.72259 Case1_F136_EW 1
INLINE-  2147483647 2147483647    518316.34400   6247697.50000     11652.62331 Case1_F136_EW 1
INLINE-  2147483647 2147483647    518487.09400   6247474.50000     11847.12369 Case1_F136_EW 1
INLINE-  2147483647 2147483647    518583.56200   6247348.50000     12016.72403 Case1_F136_EW 1
INLINE-  2147483647 2147483647    518113.09400   6247798.50000     11025.62205 Case1_F136_EW 2
INLINE-  2147483647 2147483647    518191.21900   6247696.50000     11354.22271 Case1_F136_EW 2
INLINE-  2147483647 2147483647    518283.09400   6247576.50000     11627.02325 Case1_F136_EW 2
INLINE-  2147483647 2147483647    518408.53100   6247412.50000     11855.22371 Case1_F136_EW 2
INLINE-  2147483647 2147483647    518530.68800   6247253.00000     12095.62419 Case1_F136_EW 2
INLINE-  2147483647 2147483647    517955.40600   6247840.00000     10208.81942 Case1_F136_EW 3
INLINE-  2147483647 2147483647    518044.21900   6247724.00000     10992.12198 Case1_F136_EW 3
INLINE-  2147483647 2147483647    518107.31200   6247641.50000     11277.02255 Case1_F136_EW 3
INLINE-  2147483647 2147483647    518228.71900   6247483.00000     11635.22327 Case1_F136_EW 3
INLINE-  2147483647 2147483647    518338.12500   6247340.00000     11859.92372 Case1_F136_EW 3
INLINE-  2147483647 2147483647    518468.15600   6247170.00000     12116.82423 Case1_F136_EW 3
INLINE-  2147483647 2147483647    517883.62500   6247810.50000      9907.68982 Case1_F136_EW 4
INLINE-  2147483647 2147483647    517947.50000   6247727.00000     10574.62115 Case1_F136_EW 4
INLINE-  2147483647 2147483647    518011.34400   6247643.50000     10916.42183 Case1_F136_EW 4
INLINE-  2147483647 2147483647    518115.93800   6247507.00000     11428.92286 Case1_F136_EW 4
INLINE-  2147483647 2147483647    518204.25000   6247391.50000     11625.42325 Case1_F136_EW 4
INLINE-  2147483647 2147483647    518290.00000   6247279.50000     11814.72363 Case1_F136_EW 4
INLINE-  2147483647 2147483647    518425.12500   6247103.00000     12158.32432 Case1_F136_EW 4
INLINE-  2147483647 2147483647    517833.18800   6247753.00000      9696.89939 Case1_F136_EW 5
INLINE-  2147483647 2147483647    517862.18800   6247715.00000     10176.02035 Case1_F136_EW 5
INLINE-  2147483647 2147483647    517920.46900   6247639.00000     10638.02128 Case1_F136_EW 5
INLINE-  2147483647 2147483647    517998.81200   6247536.50000     11078.22216 Case1_F136_EW 5
INLINE-  2147483647 2147483647    518108.25000   6247393.50000     11468.22294 Case1_F136_EW 5
INLINE-  2147483647 2147483647    518250.21900   6247208.00000     11779.52356 Case1_F136_EW 5
INLINE-  2147483647 2147483647    518366.28100   6247056.50000     12158.52432 Case1_F136_EW 5
INLINE-  2147483647 2147483647    517758.53100   6247727.00000      9500.75900 Case1_F136_EW 6
INLINE-  2147483647 2147483647    517789.56200   6247686.50000      9856.01971 Case1_F136_EW 6
INLINE-  2147483647 2147483647    517829.03100   6247635.00000     10396.71979 Case1_F136_EW 6
INLINE-  2147483647 2147483647    517905.87500   6247534.50000     10904.22081 Case1_F136_EW 6
INLINE-  2147483647 2147483647    518014.28100   6247393.00000     11366.22273 Case1_F136_EW 6
INLINE-  2147483647 2147483647    518149.62500   6247216.00000     11659.22332 Case1_F136_EW 6
INLINE-  2147483647 2147483647    518308.40600   6247008.50000     12121.32424 Case1_F136_EW 6
INLINE-  2147483647 2147483647    517708.09400   6247669.50000      9508.40802 Case1_F136_EW 7
INLINE-  2147483647 2147483647    517748.28100   6247617.00000      9931.04986 Case1_F136_EW 7
INLINE-  2147483647 2147483647    517793.84400   6247557.50000     10385.62077 Case1_F136_EW 7
INLINE-  2147483647 2147483647    517861.28100   6247469.50000     10928.12186 Case1_F136_EW 7
INLINE-  2147483647 2147483647    517946.53100   6247358.00000     11296.02259 Case1_F136_EW 7
INLINE-  2147483647 2147483647    518090.81200   6247169.50000     11659.32332 Case1_F136_EW 7
INLINE-  2147483647 2147483647    518240.43800   6246974.00000     12060.92412 Case1_F136_EW 7
INLINE-  2147483647 2147483647    517637.81200   6247638.00000      9358.58872 Case1_F136_EW 8
INLINE-  2147483647 2147483647    517659.68800   6247609.50000      9573.05915 Case1_F136_EW 8
INLINE-  2147483647 2147483647    517704.71900   6247550.50000      9997.67000 Case1_F136_EW 8
INLINE-  2147483647 2147483647    517738.06200   6247507.00000     10359.72072 Case1_F136_EW 8
INLINE-  2147483647 2147483647    517796.59400   6247430.50000     10979.32196 Case1_F136_EW 8
INLINE-  2147483647 2147483647    517894.56200   6247302.50000     11307.22261 Case1_F136_EW 8
INLINE-  2147483647 2147483647    517981.84400   6247188.50000     11527.52306 Case1_F136_EW 8
INLINE-  2147483647 2147483647    518156.62500   6246960.00000     12045.72409 Case1_F136_EW 8
INLINE-  2147483647 2147483647    517556.93800   6247620.00000      9049.82810 Case1_F136_EW 9
INLINE-  2147483647 2147483647    517600.18800   6247563.50000      9539.03908 Case1_F136_EW 9
INLINE-  2147483647 2147483647    517641.15600   6247510.00000      9982.28996 Case1_F136_EW 9
INLINE-  2147483647 2147483647    517675.28100   6247465.50000     10303.62061 Case1_F136_EW 9
INLINE-  2147483647 2147483647    517744.46900   6247375.00000     10909.92182 Case1_F136_EW 9
INLINE-  2147483647 2147483647    517906.31200   6247163.50000     11426.32285 Case1_F136_EW 9
INLINE-  2147483647 2147483647    518007.31200   6247031.50000     11686.42337 Case1_F136_EW 9
INLINE-  2147483647 2147483647    518098.43800   6246912.50000     11989.42398 Case1_F136_EW 9
INLINE-  2147483647 2147483647    517495.06200   6247577.50000      8976.59795 Case1_F136_EW 10
INLINE-  2147483647 2147483647    517546.71900   6247510.00000      9502.10900 Case1_F136_EW 10
INLINE-  2147483647 2147483647    517598.37500   6247442.50000      9969.07994 Case1_F136_EW 10
INLINE-  2147483647 2147483647    517629.40600   6247402.00000     10276.02055 Case1_F136_EW 10
INLINE-  2147483647 2147483647    517699.40600   6247310.50000     10893.52179 Case1_F136_EW 10
INLINE-  2147483647 2147483647    517902.18800   6247045.50000     11476.12295 Case1_F136_EW 10
INLINE-  2147483647 2147483647    518033.50000   6246874.00000     11970.22394 Case1_F136_EW 10
INLINE-  2147483647 2147483647    517432.53100   6247536.00000      8916.27783 Case1_F136_EW 11
INLINE-  2147483647 2147483647    517484.96900   6247467.50000      9391.11878 Case1_F136_EW 11
INLINE-  2147483647 2147483647    517530.50000   6247408.00000      9818.15964 Case1_F136_EW 11
INLINE-  2147483647 2147483647    517559.25000   6247370.50000     10249.32050 Case1_F136_EW 11
INLINE-  2147483647 2147483647    517587.50000   6247333.50000     10587.82118 Case1_F136_EW 11
INLINE-  2147483647 2147483647    517635.34400   6247271.00000     10866.22173 Case1_F136_EW 11
INLINE-  2147483647 2147483647    517825.93800   6247022.00000     11346.72269 Case1_F136_EW 11
INLINE-  2147483647 2147483647    517902.00000   6246922.50000     11642.02328 Case1_F136_EW 11
INLINE-  2147483647 2147483647    517955.18800   6246853.00000     11967.32393 Case1_F136_EW 11
INLINE-  2147483647 2147483647    517366.90600   6247498.50000      8862.64773 Case1_F136_EW 12
INLINE-  2147483647 2147483647    517422.37500   6247426.00000      9424.89885 Case1_F136_EW 12
INLINE-  2147483647 2147483647    517505.06200   6247318.00000     10232.32046 Case1_F136_EW 12
INLINE-  2147483647 2147483647    517524.90600   6247292.00000     10546.12109 Case1_F136_EW 12
INLINE-  2147483647 2147483647    517611.43800   6247179.00000     10950.92190 Case1_F136_EW 12
INLINE-  2147483647 2147483647    517785.46900   6246951.50000     11359.22272 Case1_F136_EW 12
INLINE-  2147483647 2147483647    517859.03100   6246855.50000     11685.22337 Case1_F136_EW 12
INLINE-  2147483647 2147483647    517895.65600   6246807.50000     11995.52399 Case1_F136_EW 12
INLINE-  2147483647 2147483647    517321.75000   6247434.00000      8873.23775 Case1_F136_EW 13
INLINE-  2147483647 2147483647    517382.56200   6247354.50000      9586.54917 Case1_F136_EW 13
INLINE-  2147483647 2147483647    517436.50000   6247284.00000     10189.62038 Case1_F136_EW 13
INLINE-  2147483647 2147483647    517469.06200   6247241.50000     10554.02111 Case1_F136_EW 13
INLINE-  2147483647 2147483647    517532.18800   6247159.00000     10842.22168 Case1_F136_EW 13
INLINE-  2147483647 2147483647    517711.31200   6246925.00000     11252.72251 Case1_F136_EW 13
INLINE-  2147483647 2147483647    517795.03100   6246815.50000     11580.02316 Case1_F136_EW 13
INLINE-  2147483647 2147483647    517839.06200   6246758.00000     11935.52387 Case1_F136_EW 13
INLINE-  2147483647 2147483647    517269.78100   6247378.50000      8863.74773 Case1_F136_EW 14
INLINE-  2147483647 2147483647    517329.84400   6247300.00000      9621.39924 Case1_F136_EW 14
INLINE-  2147483647 2147483647    517374.62500   6247241.50000     10211.22042 Case1_F136_EW 14
INLINE-  2147483647 2147483647    517412.53100   6247192.00000     10560.62112 Case1_F136_EW 14
INLINE-  2147483647 2147483647    517480.25000   6247103.50000     10829.92166 Case1_F136_EW 14
INLINE-  2147483647 2147483647    517660.90600   6246867.50000     11209.12242 Case1_F136_EW 14
INLINE-  2147483647 2147483647    517740.78100   6246763.00000     11529.72306 Case1_F136_EW 14
INLINE-  2147483647 2147483647    517782.53100   6246708.50000     11875.62375 Case1_F136_EW 14
INLINE-  2147483647 2147483647    517227.00000   6247311.00000      9033.48807 Case1_F136_EW 15
INLINE-  2147483647 2147483647    517255.00000   6247274.50000      9547.41909 Case1_F136_EW 15
INLINE-  2147483647 2147483647    517307.40600   6247206.00000     10191.71938 Case1_F136_EW 15
INLINE-  2147483647 2147483647    517356.03100   6247142.50000     10551.52110 Case1_F136_EW 15
INLINE-  2147483647 2147483647    517441.25000   6247031.00000     10836.62167 Case1_F136_EW 15
INLINE-  2147483647 2147483647    517605.12500   6246817.00000     11128.42226 Case1_F136_EW 15
INLINE-  2147483647 2147483647    517687.31200   6246709.50000     11433.32287 Case1_F136_EW 15
INLINE-  2147483647 2147483647    517734.40600   6246648.00000     11871.52374 Case1_F136_EW 15
INLINE-  2147483647 2147483647    517158.96900   6247276.50000      9070.86814 Case1_F136_EW 16
INLINE-  2147483647 2147483647    517219.78100   6247197.00000      9928.40886 Case1_F136_EW 16
INLINE-  2147483647 2147483647    517286.71900   6247109.50000     10557.12111 Case1_F136_EW 16
INLINE-  2147483647 2147483647    517365.59400   6247006.50000     10825.02165 Case1_F136_EW 16
INLINE-  2147483647 2147483647    517507.59400   6246821.00000     11113.32223 Case1_F136_EW 16
INLINE-  2147483647 2147483647    517587.46900   6246716.50000     11260.82252 Case1_F136_EW 16
INLINE-  2147483647 2147483647    517648.28100   6246637.00000     11487.32297 Case1_F136_EW 16
INLINE-  2147483647 2147483647    517674.00000   6246603.50000     11844.92369 Case1_F136_EW 16
INLINE-  2147483647 2147483647    517113.21900   6247254.00000      8987.67798 Case1_F136_EW 17
INLINE-  2147483647 2147483647    517148.84400   6247207.50000      9497.56800 Case1_F136_EW 17
INLINE-  2147483647 2147483647    517188.53100   6247155.50000     10005.72001 Case1_F136_EW 17
INLINE-  2147483647 2147483647    517237.90600   6247091.00000     10495.32099 Case1_F136_EW 17
INLINE-  2147483647 2147483647    517320.59400   6246983.00000     10828.52166 Case1_F136_EW 17
INLINE-  2147483647 2147483647    517473.28100   6246783.50000     11138.42228 Case1_F136_EW 17
INLINE-  2147483647 2147483647    517566.65600   6246661.50000     11362.82273 Case1_F136_EW 17
INLINE-  2147483647 2147483647    517640.43800   6246565.00000     11762.12352 Case1_F136_EW 17
INLINE-  2147483647 2147483647    516977.50000   6247184.50000      8886.68777 Case1_F136_EW 18
INLINE-  2147483647 2147483647    517013.87500   6247137.00000      9506.68901 Case1_F136_EW 18
INLINE-  2147483647 2147483647    517047.21900   6247093.50000     10007.62002 Case1_F136_EW 18
INLINE-  2147483647 2147483647    517108.78100   6247013.00000     10507.62102 Case1_F136_EW 18
INLINE-  2147483647 2147483647    517212.87500   6246877.00000     10873.02175 Case1_F136_EW 18
INLINE-  2147483647 2147483647    517297.09400   6246767.00000     11147.72230 Case1_F136_EW 18
INLINE-  2147483647 2147483647    517437.03100   6246584.00000     11443.92289 Case1_F136_EW 18
INLINE-  2147483647 2147483647    517490.21900   6246514.50000     11709.62342 Case1_F136_EW 18
INLINE-  2147483647 2147483647    516914.87500   6247143.00000      8831.37766 Case1_F136_EW 19
INLINE-  2147483647 2147483647    516948.18800   6247099.50000      9459.43892 Case1_F136_EW 19
INLINE-  2147483647 2147483647    516984.06200   6247052.50000      9965.42993 Case1_F136_EW 19
INLINE-  2147483647 2147483647    517047.68800   6246969.50000     10468.52094 Case1_F136_EW 19
INLINE-  2147483647 2147483647    517146.43800   6246840.50000     10850.42170 Case1_F136_EW 19
INLINE-  2147483647 2147483647    517227.84400   6246734.00000     11136.12227 Case1_F136_EW 19
INLINE-  2147483647 2147483647    517358.37500   6246563.50000     11465.82293 Case1_F136_EW 19
INLINE-  2147483647 2147483647    517413.84400   6246491.00000     11730.22346 Case1_F136_EW 19
INLINE-  2147483647 2147483647    516852.18800   6247101.50000      8776.06755 Case1_F136_EW 20
INLINE-  2147483647 2147483647    516875.84400   6247070.50000      9276.05855 Case1_F136_EW 20
INLINE-  2147483647 2147483647    516905.37500   6247032.00000      9740.64948 Case1_F136_EW 20
INLINE-  2147483647 2147483647    516960.09400   6246960.50000     10280.22056 Case1_F136_EW 20
INLINE-  2147483647 2147483647    517064.90600   6246823.50000     10766.42153 Case1_F136_EW 20
INLINE-  2147483647 2147483647    517192.40600   6246657.00000     11242.22248 Case1_F136_EW 20
INLINE-  2147483647 2147483647    517308.68800   6246505.00000     11580.12316 Case1_F136_EW 20
INLINE-  2147483647 2147483647    517336.93800   6246468.00000     11750.72350 Case1_F136_EW 20
INLINE-  2147483647 2147483647    516765.37500   6247091.50000      8629.43726 Case1_F136_EW 21
INLINE-  2147483647 2147483647    516802.53100   6247043.00000      9122.71825 Case1_F136_EW 21
INLINE-  2147483647 2147483647    516838.93800   6246995.50000      9611.74922 Case1_F136_EW 21
INLINE-  2147483647 2147483647    516894.40600   6246923.00000     10185.22037 Case1_F136_EW 21
INLINE-  2147483647 2147483647    516996.18800   6246790.00000     10712.12142 Case1_F136_EW 21
INLINE-  2147483647 2147483647    517128.46900   6246617.00000     11220.92244 Case1_F136_EW 21
INLINE-  2147483647 2147483647    517246.06200   6246463.50000     11591.32318 Case1_F136_EW 21
INLINE-  2147483647 2147483647    517276.59400   6246423.50000     11771.92354 Case1_F136_EW 21
INLINE-  2147483647 2147483647    516698.12500   6247056.00000      8436.07687 Case1_F136_EW 22
INLINE-  2147483647 2147483647    516758.93800   6246976.50000      9278.76856 Case1_F136_EW 22
INLINE-  2147483647 2147483647    516796.09400   6246928.00000      9765.29953 Case1_F136_EW 22
INLINE-  2147483647 2147483647    516854.62500   6246851.50000     10282.72057 Case1_F136_EW 22
INLINE-  2147483647 2147483647    516956.40600   6246718.50000     10783.92157 Case1_F136_EW 22
INLINE-  2147483647 2147483647    517084.12500   6246551.50000     11268.42254 Case1_F136_EW 22
INLINE-  2147483647 2147483647    517169.87500   6246439.50000     11543.52309 Case1_F136_EW 22
INLINE-  2147483647 2147483647    517215.43800   6246380.00000     11793.12359 Case1_F136_EW 22
INLINE-  2147483647 2147483647    516655.40600   6247029.50000      8461.22692 Case1_F136_EW 23
INLINE-  2147483647 2147483647    516729.18800   6246933.00000      9434.78887 Case1_F136_EW 23
INLINE-  2147483647 2147483647    516770.90600   6246878.50000      9898.77980 Case1_F136_EW 23
INLINE-  2147483647 2147483647    516834.78100   6246795.00000     10389.72078 Case1_F136_EW 23
INLINE-  2147483647 2147483647    516940.15600   6246657.50000     10860.32172 Case1_F136_EW 23
INLINE-  2147483647 2147483647    517064.81200   6246494.50000     11322.82265 Case1_F136_EW 23
INLINE-  2147483647 2147483647    517139.12500   6246397.50000     11601.82320 Case1_F136_EW 23
INLINE-  2147483647 2147483647    517173.46900   6246352.50000     11850.52370 Case1_F136_EW 23
INLINE-  2147483647 2147483647    516605.03100   6246992.50000      8790.34758 Case1_F136_EW 24
INLINE-  2147483647 2147483647    516630.96900   6246958.50000      9117.45823 Case1_F136_EW 24
INLINE-  2147483647 2147483647    516666.59400   6246912.00000      9469.91894 Case1_F136_EW 24
INLINE-  2147483647 2147483647    516719.03100   6246843.50000      9890.21978 Case1_F136_EW 24
INLINE-  2147483647 2147483647    516799.43800   6246738.50000     10468.12094 Case1_F136_EW 24
INLINE-  2147483647 2147483647    516887.46900   6246623.50000     10841.72068 Case1_F136_EW 24
INLINE-  2147483647 2147483647    517002.21900   6246473.50000     11248.22250 Case1_F136_EW 24
INLINE-  2147483647 2147483647    517101.71900   6246343.50000     11675.62335 Case1_F136_EW 24
INLINE-  2147483647 2147483647    517122.34400   6246316.50000     11907.92382 Case1_F136_EW 24
