INLINE-  2147483647 2147483647    514292.09400   6251608.50000      9108.29922 Case2_F124_NS 1
INLINE-  2147483647 2147483647    514272.46900   6251593.50000      9282.31356 Case2_F124_NS 1
INLINE-  2147483647 2147483647    514252.00000   6251578.00000      9516.87303 Case2_F124_NS 1
INLINE-  2147483647 2147483647    514219.78100   6251553.00000      9747.66250 Case2_F124_NS 1
INLINE-  2147483647 2147483647    514123.34400   6251479.50000     10151.44630 Case2_F124_NS 1
INLINE-  2147483647 2147483647    514026.46900   6251405.50000     10551.41210 Case2_F124_NS 1
INLINE-  2147483647 2147483647    514313.53100   6251593.50000      9049.92210 Case2_F124_NS 2
INLINE-  2147483647 2147483647    514287.12500   6251573.50000      9367.61474 Case2_F124_NS 2
INLINE-  2147483647 2147483647    514248.68800   6251544.00000      9679.88836 Case2_F124_NS 2
INLINE-  2147483647 2147483647    514182.50000   6251493.00000      9972.98495 Case2_F124_NS 2
INLINE-  2147483647 2147483647    514111.84400   6251439.00000     10262.02052 Case2_F124_NS 2
INLINE-  2147483647 2147483647    514041.65600   6251385.50000     10551.41210 Case2_F124_NS 2
INLINE-  2147483647 2147483647    514340.75000   6251567.00000      9015.85803 Case2_F124_NS 3
INLINE-  2147483647 2147483647    514326.03100   6251556.00000      9230.71146 Case2_F124_NS 3
INLINE-  2147483647 2147483647    514300.62500   6251536.50000      9509.33502 Case2_F124_NS 3
INLINE-  2147483647 2147483647    514257.78100   6251503.50000      9747.66250 Case2_F124_NS 3
INLINE-  2147483647 2147483647    514161.31200   6251430.00000     10151.44630 Case2_F124_NS 3
INLINE-  2147483647 2147483647    514064.43800   6251355.50000     10551.41210 Case2_F124_NS 3
INLINE-  2147483647 2147483647    514361.62500   6251536.00000      9055.06511 Case2_F124_NS 4
INLINE-  2147483647 2147483647    514330.68800   6251512.00000      9452.18090 Case2_F124_NS 4
INLINE-  2147483647 2147483647    514262.03100   6251459.50000      9828.74666 Case2_F124_NS 4
INLINE-  2147483647 2147483647    514174.75000   6251393.00000     10190.21538 Case2_F124_NS 4
INLINE-  2147483647 2147483647    514087.25000   6251326.00000     10551.40210 Case2_F124_NS 4
INLINE-  2147483647 2147483647    514372.68800   6251513.00000      9113.74123 Case2_F124_NS 5
INLINE-  2147483647 2147483647    514335.46900   6251484.50000      9528.08506 Case2_F124_NS 5
INLINE-  2147483647 2147483647    514295.75000   6251454.00000      9747.66250 Case2_F124_NS 5
INLINE-  2147483647 2147483647    514199.28100   6251380.00000     10151.44630 Case2_F124_NS 5
INLINE-  2147483647 2147483647    514102.40600   6251306.00000     10551.41210 Case2_F124_NS 5
INLINE-  2147483647 2147483647    514387.00000   6251492.50000      9116.45023 Case2_F124_NS 6
INLINE-  2147483647 2147483647    514358.87500   6251471.00000      9420.20684 Case2_F124_NS 6
INLINE-  2147483647 2147483647    514317.87500   6251439.50000      9717.17543 Case2_F124_NS 6
INLINE-  2147483647 2147483647    514252.12500   6251389.00000      9996.33099 Case2_F124_NS 6
INLINE-  2147483647 2147483647    514184.78100   6251337.50000     10273.89755 Case2_F124_NS 6
INLINE-  2147483647 2147483647    514117.53100   6251286.00000     10551.51310 Case2_F124_NS 6
INLINE-  2147483647 2147483647    514408.68800   6251461.50000      9109.74322 Case2_F124_NS 7
INLINE-  2147483647 2147483647    514385.87500   6251444.50000      9332.08166 Case2_F124_NS 7
INLINE-  2147483647 2147483647    514355.00000   6251420.50000      9637.17527 Case2_F124_NS 7
INLINE-  2147483647 2147483647    514333.71900   6251404.50000      9747.66250 Case2_F124_NS 7
INLINE-  2147483647 2147483647    514237.25000   6251330.50000     10151.44630 Case2_F124_NS 7
INLINE-  2147483647 2147483647    514140.40600   6251256.50000     10551.41210 Case2_F124_NS 7
INLINE-  2147483647 2147483647    514426.28100   6251428.00000      9121.42724 Case2_F124_NS 8
INLINE-  2147483647 2147483647    514396.53100   6251405.00000      9426.47385 Case2_F124_NS 8
INLINE-  2147483647 2147483647    514359.18800   6251376.50000      9724.78945 Case2_F124_NS 8
INLINE-  2147483647 2147483647    514302.90600   6251333.50000      9984.74297 Case2_F124_NS 8
INLINE-  2147483647 2147483647    514232.81200   6251280.00000     10266.67353 Case2_F124_NS 8
INLINE-  2147483647 2147483647    514164.28100   6251227.50000     10550.11010 Case2_F124_NS 8
INLINE-  2147483647 2147483647    514447.15600   6251396.50000      9102.98221 Case2_F124_NS 9
INLINE-  2147483647 2147483647    514425.87500   6251380.50000      9410.04382 Case2_F124_NS 9
INLINE-  2147483647 2147483647    514387.25000   6251351.00000      9710.38542 Case2_F124_NS 9
INLINE-  2147483647 2147483647    514324.75000   6251303.00000      9993.90399 Case2_F124_NS 9
INLINE-  2147483647 2147483647    514254.81200   6251249.50000     10270.28054 Case2_F124_NS 9
INLINE-  2147483647 2147483647    514187.56200   6251198.00000     10549.40010 Case2_F124_NS 9
INLINE-  2147483647 2147483647    514462.62500   6251377.00000      9072.48114 Case2_F124_NS 10
INLINE-  2147483647 2147483647    514448.71900   6251366.50000      9387.84778 Case2_F124_NS 10
INLINE-  2147483647 2147483647    514408.18800   6251335.50000      9694.19139 Case2_F124_NS 10
INLINE-  2147483647 2147483647    514343.28100   6251286.00000      9982.21496 Case2_F124_NS 10
INLINE-  2147483647 2147483647    514271.34400   6251230.50000     10264.15553 Case2_F124_NS 10
INLINE-  2147483647 2147483647    514202.78100   6251178.50000     10549.25910 Case2_F124_NS 10
INLINE-  2147483647 2147483647    514486.37500   6251364.00000      8998.17200 Case2_F124_NS 11
INLINE-  2147483647 2147483647    514479.90600   6251359.00000      9182.95537 Case2_F124_NS 11
INLINE-  2147483647 2147483647    514467.09400   6251349.00000      9365.79773 Case2_F124_NS 11
INLINE-  2147483647 2147483647    514412.18800   6251307.00000      9743.44149 Case2_F124_NS 11
INLINE-  2147483647 2147483647    514313.21900   6251231.50000     10151.44630 Case2_F124_NS 11
INLINE-  2147483647 2147483647    514216.34400   6251157.00000     10551.41210 Case2_F124_NS 11
INLINE-  2147483647 2147483647    514505.34400   6251347.00000      8946.38289 Case2_F124_NS 12
INLINE-  2147483647 2147483647    514492.43800   6251337.00000      9233.34447 Case2_F124_NS 12
INLINE-  2147483647 2147483647    514461.25000   6251313.00000      9514.49203 Case2_F124_NS 12
INLINE-  2147483647 2147483647    514415.75000   6251278.50000      9787.46857 Case2_F124_NS 12
INLINE-  2147483647 2147483647    514352.65600   6251230.00000     10046.02409 Case2_F124_NS 12
INLINE-  2147483647 2147483647    514288.78100   6251181.00000     10303.82561 Case2_F124_NS 12
INLINE-  2147483647 2147483647    514225.03100   6251132.50000     10561.67212 Case2_F124_NS 12
INLINE-  2147483647 2147483647    514531.12500   6251319.50000      8895.85579 Case2_F124_NS 13
INLINE-  2147483647 2147483647    514516.06200   6251308.00000      9193.91439 Case2_F124_NS 13
INLINE-  2147483647 2147483647    514485.62500   6251284.50000      9487.18397 Case2_F124_NS 13
INLINE-  2147483647 2147483647    514439.06200   6251249.00000      9771.39854 Case2_F124_NS 13
INLINE-  2147483647 2147483647    514374.00000   6251199.00000     10040.80308 Case2_F124_NS 13
INLINE-  2147483647 2147483647    514306.90600   6251148.00000     10308.20062 Case2_F124_NS 13
INLINE-  2147483647 2147483647    514239.43800   6251096.00000     10575.11915 Case2_F124_NS 13
INLINE-  2147483647 2147483647    514549.09400   6251301.50000      8846.51469 Case2_F124_NS 14
INLINE-  2147483647 2147483647    514531.87500   6251288.50000      9155.40931 Case2_F124_NS 14
INLINE-  2147483647 2147483647    514505.46900   6251268.00000      9487.42697 Case2_F124_NS 14
INLINE-  2147483647 2147483647    514454.43800   6251229.00000      9756.11951 Case2_F124_NS 14
INLINE-  2147483647 2147483647    514387.62500   6251178.00000     10036.28007 Case2_F124_NS 14
INLINE-  2147483647 2147483647    514317.43800   6251124.50000     10313.13963 Case2_F124_NS 14
INLINE-  2147483647 2147483647    514246.25000   6251070.00000     10588.92518 Case2_F124_NS 14
INLINE-  2147483647 2147483647    514574.40600   6251274.00000      8800.26760 Case2_F124_NS 15
INLINE-  2147483647 2147483647    514558.18800   6251261.50000      9070.50514 Case2_F124_NS 15
INLINE-  2147483647 2147483647    514538.25000   6251246.00000      9297.88960 Case2_F124_NS 15
INLINE-  2147483647 2147483647    514510.84400   6251225.00000      9578.19116 Case2_F124_NS 15
INLINE-  2147483647 2147483647    514465.28100   6251190.50000      9792.54159 Case2_F124_NS 15
INLINE-  2147483647 2147483647    514368.84400   6251116.50000     10190.23238 Case2_F124_NS 15
INLINE-  2147483647 2147483647    514261.12500   6251034.00000     10604.65621 Case2_F124_NS 15
INLINE-  2147483647 2147483647    514591.46900   6251255.50000      8767.48453 Case2_F124_NS 16
INLINE-  2147483647 2147483647    514561.93800   6251233.00000      9160.28632 Case2_F124_NS 16
INLINE-  2147483647 2147483647    514525.03100   6251204.50000      9550.83810 Case2_F124_NS 16
INLINE-  2147483647 2147483647    514448.75000   6251146.00000      9916.90083 Case2_F124_NS 16
INLINE-  2147483647 2147483647    514361.37500   6251079.50000     10273.19255 Case2_F124_NS 16
INLINE-  2147483647 2147483647    514269.87500   6251009.50000     10625.23725 Case2_F124_NS 16
INLINE-  2147483647 2147483647    514616.06200   6251227.00000      8740.62448 Case2_F124_NS 17
INLINE-  2147483647 2147483647    514595.93800   6251211.50000      8995.35799 Case2_F124_NS 17
INLINE-  2147483647 2147483647    514572.37500   6251193.50000      9248.74850 Case2_F124_NS 17
INLINE-  2147483647 2147483647    514534.81200   6251165.00000      9597.92720 Case2_F124_NS 17
INLINE-  2147483647 2147483647    514437.53100   6251090.50000     10051.11610 Case2_F124_NS 17
INLINE-  2147483647 2147483647    514287.40600   6250975.50000     10644.47729 Case2_F124_NS 17
INLINE-  2147483647 2147483647    514632.18800   6251208.00000      8748.24950 Case2_F124_NS 18
INLINE-  2147483647 2147483647    514586.96900   6251173.50000      9245.62149 Case2_F124_NS 18
INLINE-  2147483647 2147483647    514521.50000   6251123.00000      9733.14747 Case2_F124_NS 18
INLINE-  2147483647 2147483647    514419.03100   6251044.50000     10194.85039 Case2_F124_NS 18
INLINE-  2147483647 2147483647    514304.12500   6250957.00000     10644.45329 Case2_F124_NS 18
INLINE-  2147483647 2147483647    514656.25000   6251179.00000      8759.02952 Case2_F124_NS 19
INLINE-  2147483647 2147483647    514609.56200   6251143.50000      9248.43350 Case2_F124_NS 19
INLINE-  2147483647 2147483647    514552.12500   6251099.50000      9675.09635 Case2_F124_NS 19
INLINE-  2147483647 2147483647    514450.59400   6251021.50000     10164.56433 Case2_F124_NS 19
INLINE-  2147483647 2147483647    514331.12500   6250930.00000     10637.37827 Case2_F124_NS 19
INLINE-  2147483647 2147483647    514675.25000   6251162.00000      8729.67546 Case2_F124_NS 20
INLINE-  2147483647 2147483647    514637.09400   6251133.00000      9125.94025 Case2_F124_NS 20
INLINE-  2147483647 2147483647    514591.71900   6251098.00000      9519.23804 Case2_F124_NS 20
INLINE-  2147483647 2147483647    514524.53100   6251047.00000      9899.32980 Case2_F124_NS 20
INLINE-  2147483647 2147483647    514442.40600   6250984.00000     10267.57554 Case2_F124_NS 20
INLINE-  2147483647 2147483647    514351.68800   6250914.50000     10627.59326 Case2_F124_NS 20
INLINE-  2147483647 2147483647    514699.25000   6251133.50000      8706.76941 Case2_F124_NS 21
INLINE-  2147483647 2147483647    514685.03100   6251122.50000      8866.13573 Case2_F124_NS 21
INLINE-  2147483647 2147483647    514652.68800   6251097.50000      9164.75433 Case2_F124_NS 21
INLINE-  2147483647 2147483647    514603.90600   6251060.50000      9580.73016 Case2_F124_NS 21
INLINE-  2147483647 2147483647    514513.50000   6250991.00000     10051.11610 Case2_F124_NS 21
INLINE-  2147483647 2147483647    514379.87500   6250889.00000     10615.79223 Case2_F124_NS 21
INLINE-  2147483647 2147483647    514706.25000   6251107.00000      8743.84349 Case2_F124_NS 22
INLINE-  2147483647 2147483647    514666.03100   6251076.50000      9129.07026 Case2_F124_NS 22
INLINE-  2147483647 2147483647    514619.00000   6251040.50000      9511.16202 Case2_F124_NS 22
INLINE-  2147483647 2147483647    514555.40600   6250991.50000      9883.34577 Case2_F124_NS 22
INLINE-  2147483647 2147483647    514480.06200   6250934.00000     10246.58449 Case2_F124_NS 22
INLINE-  2147483647 2147483647    514398.28100   6250871.50000     10604.13321 Case2_F124_NS 22
INLINE-  2147483647 2147483647    514720.81200   6251071.00000      8771.37154 Case2_F124_NS 23
INLINE-  2147483647 2147483647    514699.62500   6251055.00000      8977.55496 Case2_F124_NS 23
INLINE-  2147483647 2147483647    514648.28100   6251015.50000      9392.50579 Case2_F124_NS 23
INLINE-  2147483647 2147483647    514582.71900   6250965.50000      9799.33560 Case2_F124_NS 23
INLINE-  2147483647 2147483647    514507.12500   6250907.50000     10198.93640 Case2_F124_NS 23
INLINE-  2147483647 2147483647    514423.81200   6250844.00000     10592.26318 Case2_F124_NS 23
INLINE-  2147483647 2147483647    514735.21900   6251050.50000      8724.96345 Case2_F124_NS 24
INLINE-  2147483647 2147483647    514681.40600   6251009.50000      9200.28240 Case2_F124_NS 24
INLINE-  2147483647 2147483647    514607.75000   6250953.00000      9664.62133 Case2_F124_NS 24
INLINE-  2147483647 2147483647    514529.12500   6250893.00000     10125.64825 Case2_F124_NS 24
INLINE-  2147483647 2147483647    514441.46900   6250826.00000     10580.01516 Case2_F124_NS 24
INLINE-  2147483647 2147483647    514756.65600   6251020.00000      8694.30339 Case2_F124_NS 25
INLINE-  2147483647 2147483647    514703.28100   6250979.00000      9159.32432 Case2_F124_NS 25
INLINE-  2147483647 2147483647    514638.00000   6250929.00000      9550.44310 Case2_F124_NS 25
INLINE-  2147483647 2147483647    514553.40600   6250864.50000     10082.45616 Case2_F124_NS 25
INLINE-  2147483647 2147483647    514466.34400   6250797.50000     10570.06114 Case2_F124_NS 25
INLINE-  2147483647 2147483647    514780.59400   6250959.50000      8813.83363 Case2_F124_NS 26
INLINE-  2147483647 2147483647    514745.87500   6250933.00000      9066.12613 Case2_F124_NS 26
INLINE-  2147483647 2147483647    514703.93800   6250901.00000      9374.06175 Case2_F124_NS 26
INLINE-  2147483647 2147483647    514638.78100   6250851.00000      9772.82555 Case2_F124_NS 26
INLINE-  2147483647 2147483647    514575.25000   6250802.50000     10172.66635 Case2_F124_NS 26
INLINE-  2147483647 2147483647    514505.68800   6250749.00000     10568.40814 Case2_F124_NS 26
