INLINE-  2147483647 2147483647    514514.84400   6250362.50000      9215.01443 Case2_F144_NS 1
INLINE-  2147483647 2147483647    514470.53100   6250329.00000      9573.46415 Case2_F144_NS 1
INLINE-  2147483647 2147483647    514434.21900   6250301.00000      9821.12464 Case2_F144_NS 1
INLINE-  2147483647 2147483647    514383.06200   6250262.00000     10282.38556 Case2_F144_NS 1
INLINE-  2147483647 2147483647    514475.75000   6250411.50000      9216.33843 Case2_F144_NS 2
INLINE-  2147483647 2147483647    514431.81200   6250378.00000      9565.50513 Case2_F144_NS 2
INLINE-  2147483647 2147483647    514380.46900   6250338.50000      9910.54182 Case2_F144_NS 2
INLINE-  2147483647 2147483647    514353.34400   6250318.00000     10108.59722 Case2_F144_NS 2
INLINE-  2147483647 2147483647    514438.87500   6250462.00000      9215.01443 Case2_F144_NS 3
INLINE-  2147483647 2147483647    514394.59400   6250428.00000      9573.46415 Case2_F144_NS 3
INLINE-  2147483647 2147483647    514338.84400   6250385.50000      9967.76694 Case2_F144_NS 3
INLINE-  2147483647 2147483647    514307.09400   6250361.00000     10282.38556 Case2_F144_NS 3
INLINE-  2147483647 2147483647    514416.90600   6250508.00000      9205.09541 Case2_F144_NS 4
INLINE-  2147483647 2147483647    514353.43800   6250459.50000      9790.25958 Case2_F144_NS 4
INLINE-  2147483647 2147483647    514316.09400   6250431.00000     10153.94231 Case2_F144_NS 4
INLINE-  2147483647 2147483647    514274.87500   6250399.50000     10444.54389 Case2_F144_NS 4
INLINE-  2147483647 2147483647    514399.50000   6250542.00000      9201.02040 Case2_F144_NS 5
INLINE-  2147483647 2147483647    514358.00000   6250510.00000      9652.48830 Case2_F144_NS 5
INLINE-  2147483647 2147483647    514320.78100   6250481.50000     10158.45332 Case2_F144_NS 5
INLINE-  2147483647 2147483647    514254.25000   6250431.00000     10571.30114 Case2_F144_NS 5
INLINE-  2147483647 2147483647    514368.93800   6250597.00000      9165.19233 Case2_F144_NS 6
INLINE-  2147483647 2147483647    514341.56200   6250576.50000      9494.23399 Case2_F144_NS 6
INLINE-  2147483647 2147483647    514322.28100   6250561.50000      9825.66465 Case2_F144_NS 6
INLINE-  2147483647 2147483647    514298.84400   6250543.50000     10155.69531 Case2_F144_NS 6
INLINE-  2147483647 2147483647    514255.93800   6250511.00000     10477.82196 Case2_F144_NS 6
INLINE-  2147483647 2147483647    514202.68800   6250470.00000     10742.49248 Case2_F144_NS 6
INLINE-  2147483647 2147483647    514338.28100   6250652.50000      9119.76924 Case2_F144_NS 7
INLINE-  2147483647 2147483647    514312.90600   6250633.00000      9447.06689 Case2_F144_NS 7
INLINE-  2147483647 2147483647    514295.59400   6250620.00000      9776.55255 Case2_F144_NS 7
INLINE-  2147483647 2147483647    514274.18800   6250603.50000     10104.75121 Case2_F144_NS 7
INLINE-  2147483647 2147483647    514235.34400   6250573.50000     10426.41885 Case2_F144_NS 7
INLINE-  2147483647 2147483647    514148.25000   6250507.00000     10943.18289 Case2_F144_NS 7
INLINE-  2147483647 2147483647    514315.15600   6250697.50000      9074.59215 Case2_F144_NS 8
INLINE-  2147483647 2147483647    514291.50000   6250679.50000      9400.24380 Case2_F144_NS 8
INLINE-  2147483647 2147483647    514275.53100   6250667.50000      9727.78946 Case2_F144_NS 8
INLINE-  2147483647 2147483647    514255.53100   6250652.00000     10054.43911 Case2_F144_NS 8
INLINE-  2147483647 2147483647    514220.90600   6250625.50000     10376.04775 Case2_F144_NS 8
INLINE-  2147483647 2147483647    514172.18800   6250588.50000     10714.80643 Case2_F144_NS 8
INLINE-  2147483647 2147483647    514120.34400   6250548.50000     11051.76210 Case2_F144_NS 8
INLINE-  2147483647 2147483647    514284.62500   6250753.00000      9029.71306 Case2_F144_NS 9
INLINE-  2147483647 2147483647    514262.21900   6250736.00000      9353.55371 Case2_F144_NS 9
INLINE-  2147483647 2147483647    514246.71900   6250724.00000      9679.51536 Case2_F144_NS 9
INLINE-  2147483647 2147483647    514227.56200   6250709.50000     10004.46101 Case2_F144_NS 9
INLINE-  2147483647 2147483647    514197.37500   6250686.50000     10325.41765 Case2_F144_NS 9
INLINE-  2147483647 2147483647    514147.78100   6250648.50000     10685.79237 Case2_F144_NS 9
INLINE-  2147483647 2147483647    514094.37500   6250607.50000     11044.05809 Case2_F144_NS 9
INLINE-  2147483647 2147483647    514253.87500   6250808.00000      8983.89997 Case2_F144_NS 10
INLINE-  2147483647 2147483647    514232.87500   6250792.00000      9306.51261 Case2_F144_NS 10
INLINE-  2147483647 2147483647    514218.09400   6250781.00000      9630.51726 Case2_F144_NS 10
INLINE-  2147483647 2147483647    514200.00000   6250767.00000      9953.83991 Case2_F144_NS 10
INLINE-  2147483647 2147483647    514174.46900   6250747.50000     10275.07155 Case2_F144_NS 10
INLINE-  2147483647 2147483647    514090.62500   6250683.00000     10933.97887 Case2_F144_NS 10
INLINE-  2147483647 2147483647    514223.50000   6250863.50000      8939.49588 Case2_F144_NS 11
INLINE-  2147483647 2147483647    514202.71900   6250847.50000      9279.17256 Case2_F144_NS 11
INLINE-  2147483647 2147483647    514189.53100   6250837.50000      9582.72917 Case2_F144_NS 11
INLINE-  2147483647 2147483647    514172.40600   6250824.50000      9904.64981 Case2_F144_NS 11
INLINE-  2147483647 2147483647    514151.40600   6250808.50000     10225.44645 Case2_F144_NS 11
INLINE-  2147483647 2147483647    514102.78100   6250771.00000     10603.34521 Case2_F144_NS 11
INLINE-  2147483647 2147483647    514048.50000   6250729.50000     10978.34296 Case2_F144_NS 11
