INLINE-  2147483647 2147483647    516556.34400   6249061.00000      9386.99877 Case1_F069_NS 1
INLINE-  2147483647 2147483647    516609.25000   6249101.50000     10117.72024 Case1_F069_NS 1
INLINE-  2147483647 2147483647    516636.65600   6249122.50000     10847.72170 Case1_F069_NS 1
INLINE-  2147483647 2147483647    516517.96900   6249110.00000      9388.46878 Case1_F069_NS 2
INLINE-  2147483647 2147483647    516575.06200   6249154.00000     10144.02029 Case1_F069_NS 2
INLINE-  2147483647 2147483647    516615.21900   6249184.50000     10866.52173 Case1_F069_NS 2
INLINE-  2147483647 2147483647    516474.59400   6249155.50000      9445.48789 Case1_F069_NS 3
INLINE-  2147483647 2147483647    516509.71900   6249182.50000      9791.46958 Case1_F069_NS 3
INLINE-  2147483647 2147483647    516545.18800   6249209.50000     10155.32031 Case1_F069_NS 3
INLINE-  2147483647 2147483647    516600.68800   6249252.00000     10869.22074 Case1_F069_NS 3
INLINE-  2147483647 2147483647    516444.75000   6249211.50000      9488.40798 Case1_F069_NS 4
INLINE-  2147483647 2147483647    516478.59400   6249237.50000      9803.99961 Case1_F069_NS 4
INLINE-  2147483647 2147483647    516508.84400   6249260.50000     10175.52035 Case1_F069_NS 4
INLINE-  2147483647 2147483647    516584.50000   6249318.50000     10862.32172 Case1_F069_NS 4
INLINE-  2147483647 2147483647    516411.18800   6249264.50000      9470.33894 Case1_F069_NS 5
INLINE-  2147483647 2147483647    516447.75000   6249292.50000      9795.81959 Case1_F069_NS 5
INLINE-  2147483647 2147483647    516471.28100   6249310.50000     10076.42015 Case1_F069_NS 5
INLINE-  2147483647 2147483647    516557.03100   6249376.00000     10839.92168 Case1_F069_NS 5
INLINE-  2147483647 2147483647    516361.09400   6249305.00000      9382.09876 Case1_F069_NS 6
INLINE-  2147483647 2147483647    516404.50000   6249338.00000      9771.46954 Case1_F069_NS 6
INLINE-  2147483647 2147483647    516437.65600   6249363.50000     10145.72029 Case1_F069_NS 6
INLINE-  2147483647 2147483647    516518.87500   6249425.50000     10830.62166 Case1_F069_NS 6
INLINE-  2147483647 2147483647    516338.84400   6249366.50000      9462.06892 Case1_F069_NS 7
INLINE-  2147483647 2147483647    516394.93800   6249409.50000     10106.12021 Case1_F069_NS 7
INLINE-  2147483647 2147483647    516478.18800   6249473.00000     10832.52167 Case1_F069_NS 7
INLINE-  2147483647 2147483647    516297.28100   6249413.50000      9487.30897 Case1_F069_NS 8
INLINE-  2147483647 2147483647    516363.81200   6249464.50000     10162.12032 Case1_F069_NS 8
INLINE-  2147483647 2147483647    516439.90600   6249522.50000     10832.72167 Case1_F069_NS 8
INLINE-  2147483647 2147483647    516249.62500   6249455.50000      9488.27898 Case1_F069_NS 9
INLINE-  2147483647 2147483647    516318.90600   6249508.50000     10106.12021 Case1_F069_NS 9
INLINE-  2147483647 2147483647    516402.37500   6249572.50000     10832.52167 Case1_F069_NS 9
