INLINE-  2147483647 2147483647    516213.78125   6246290.00000      9278.55860 Case1_F137_EW 1
INLINE-  2147483647 2147483647    516236.59375   6246260.50000      9664.05937 Case1_F137_EW 1
INLINE-  2147483647 2147483647    516274.56250   6246211.00000     10212.82023 Case1_F137_EW 1
INLINE-  2147483647 2147483647    516330.00000   6246138.50000     10726.52145 Case1_F137_EW 1
INLINE-  2147483647 2147483647    516394.56250   6246054.00000     11233.12208 Case1_F137_EW 1
INLINE-  2147483647 2147483647    516451.53125   6245979.50000     11745.72369 Case1_F137_EW 1
INLINE-  2147483647 2147483647    516512.28125   6245900.00000     12255.42490 Case1_F137_EW 1
INLINE-  2147483647 2147483647    516234.62500   6246386.50000      9116.86784 Case1_F137_EW 2
INLINE-  2147483647 2147483647    516284.75000   6246321.00000      9792.38970 Case1_F137_EW 2
INLINE-  2147483647 2147483647    516329.56250   6246262.50000     10280.02056 Case1_F137_EW 2
INLINE-  2147483647 2147483647    516384.25000   6246191.00000     10733.42186 Case1_F137_EW 2
INLINE-  2147483647 2147483647    516469.31250   6246079.50000     11347.92309 Case1_F137_EW 2
INLINE-  2147483647 2147483647    516517.15625   6246017.00000     11737.12308 Case1_F137_EW 2
INLINE-  2147483647 2147483647    516559.68750   6245961.50000     12114.22442 Case1_F137_EW 2
INLINE-  2147483647 2147483647    516265.37500   6246490.00000      9008.49849 Case1_F137_EW 3
INLINE-  2147483647 2147483647    516304.09375   6246439.50000      9533.14895 Case1_F137_EW 3
INLINE-  2147483647 2147483647    516351.18750   6246378.00000     10052.81991 Case1_F137_EW 3
INLINE-  2147483647 2147483647    516414.25000   6246295.50000     10560.92151 Case1_F137_EW 3
INLINE-  2147483647 2147483647    516492.46875   6246193.50000     11054.22230 Case1_F137_EW 3
INLINE-  2147483647 2147483647    516572.96875   6246088.00000     11543.82289 Case1_F137_EW 3
INLINE-  2147483647 2147483647    516618.56250   6246028.50000     12063.42452 Case1_F137_EW 3
INLINE-  2147483647 2147483647    516289.21875   6246582.50000      8887.97774 Case1_F137_EW 4
INLINE-  2147483647 2147483647    516360.62500   6246489.00000      9802.46003 Case1_F137_EW 4
INLINE-  2147483647 2147483647    516432.03125   6246396.00000     10378.72095 Case1_F137_EW 4
INLINE-  2147483647 2147483647    516494.31250   6246314.50000     10784.02157 Case1_F137_EW 4
INLINE-  2147483647 2147483647    516606.71875   6246167.50000     11340.12229 Case1_F137_EW 4
INLINE-  2147483647 2147483647    516643.18750   6246120.00000     11552.92350 Case1_F137_EW 4
INLINE-  2147483647 2147483647    516670.53125   6246084.00000     12033.12368 Case1_F137_EW 4
INLINE-  2147483647 2147483647    516328.28125   6246655.00000      8787.59765 Case1_F137_EW 5
INLINE-  2147483647 2147483647    516366.25000   6246605.00000      9304.86822 Case1_F137_EW 5
INLINE-  2147483647 2147483647    516416.40625   6246539.50000      9873.88986 Case1_F137_EW 5
INLINE-  2147483647 2147483647    516490.81250   6246442.50000     10424.72104 Case1_F137_EW 5
INLINE-  2147483647 2147483647    516581.96875   6246323.50000     10957.52192 Case1_F137_EW 5
INLINE-  2147483647 2147483647    516691.34375   6246180.50000     11465.42332 Case1_F137_EW 5
INLINE-  2147483647 2147483647    516736.15625   6246122.00000     12036.82388 Case1_F137_EW 5
INLINE-  2147483647 2147483647    516387.90625   6246721.00000      8775.30759 Case1_F137_EW 6
INLINE-  2147483647 2147483647    516412.96875   6246688.00000      9080.89804 Case1_F137_EW 6
INLINE-  2147483647 2147483647    516447.15625   6246643.50000      9591.50942 Case1_F137_EW 6
INLINE-  2147483647 2147483647    516484.37500   6246595.00000      9910.01982 Case1_F137_EW 6
INLINE-  2147483647 2147483647    516549.68750   6246509.50000     10393.52079 Case1_F137_EW 6
INLINE-  2147483647 2147483647    516619.56250   6246418.00000     10841.72188 Case1_F137_EW 6
INLINE-  2147483647 2147483647    516728.93750   6246275.00000     11283.72276 Case1_F137_EW 6
INLINE-  2147483647 2147483647    516795.78125   6246188.00000     11750.32331 Case1_F137_EW 6
INLINE-  2147483647 2147483647    516817.81250   6246159.00000     12048.92449 Case1_F137_EW 6
INLINE-  2147483647 2147483647    516435.31250   6246782.50000      8683.53690 Case1_F137_EW 7
INLINE-  2147483647 2147483647    516453.53125   6246758.50000      8889.58809 Case1_F137_EW 7
INLINE-  2147483647 2147483647    516481.62500   6246722.00000      9369.51874 Case1_F137_EW 7
INLINE-  2147483647 2147483647    516524.93750   6246665.00000      9840.81949 Case1_F137_EW 7
INLINE-  2147483647 2147483647    516581.12500   6246592.00000     10303.82041 Case1_F137_EW 7
INLINE-  2147483647 2147483647    516657.09375   6246492.50000     10744.52149 Case1_F137_EW 7
INLINE-  2147483647 2147483647    516756.59375   6246362.50000     11153.82211 Case1_F137_EW 7
INLINE-  2147483647 2147483647    516840.90625   6246252.50000     11584.42356 Case1_F137_EW 7
INLINE-  2147483647 2147483647    516894.81250   6246182.00000     12047.32390 Case1_F137_EW 7
INLINE-  2147483647 2147483647    516513.15625   6246824.50000      8673.97731 Case1_F137_EW 8
INLINE-  2147483647 2147483647    516514.65625   6246822.50000      8876.84783 Case1_F137_EW 8
INLINE-  2147483647 2147483647    516543.53125   6246785.00000      9376.99922 Case1_F137_EW 8
INLINE-  2147483647 2147483647    516599.75000   6246711.50000      9997.13035 Case1_F137_EW 8
INLINE-  2147483647 2147483647    516660.50000   6246632.00000     10468.12055 Case1_F137_EW 8
INLINE-  2147483647 2147483647    516748.59375   6246517.00000     10841.72188 Case1_F137_EW 8
INLINE-  2147483647 2147483647    516866.34375   6246363.00000     11337.72287 Case1_F137_EW 8
INLINE-  2147483647 2147483647    516953.68750   6246249.00000     11795.32340 Case1_F137_EW 8
INLINE-  2147483647 2147483647    516980.25000   6246214.00000     12034.42446 Case1_F137_EW 8
INLINE-  2147483647 2147483647    516568.90625   6246875.00000      8630.10710 Case1_F137_EW 9
INLINE-  2147483647 2147483647    516572.71875   6246870.00000      8865.14761 Case1_F137_EW 9
INLINE-  2147483647 2147483647    516595.50000   6246840.50000      9347.39858 Case1_F137_EW 9
INLINE-  2147483647 2147483647    516635.75000   6246788.00000      9822.19933 Case1_F137_EW 9
INLINE-  2147483647 2147483647    516689.68750   6246717.50000     10287.72077 Case1_F137_EW 9
INLINE-  2147483647 2147483647    516775.50000   6246605.00000     10716.32124 Case1_F137_EW 9
INLINE-  2147483647 2147483647    516879.56250   6246469.00000     11118.62185 Case1_F137_EW 9
INLINE-  2147483647 2147483647    516976.78125   6246342.00000     11531.42345 Case1_F137_EW 9
INLINE-  2147483647 2147483647    517044.37500   6246254.00000     11981.32377 Case1_F137_EW 9
INLINE-  2147483647 2147483647    516630.75000   6246917.50000      8597.42735 Case1_F137_EW 10
INLINE-  2147483647 2147483647    516630.75000   6246917.50000      8776.59763 Case1_F137_EW 10
INLINE-  2147483647 2147483647    516637.59375   6246909.00000      9116.28776 Case1_F137_EW 10
INLINE-  2147483647 2147483647    516658.09375   6246882.00000      9443.78842 Case1_F137_EW 10
INLINE-  2147483647 2147483647    516699.12500   6246828.50000      9890.21998 Case1_F137_EW 10
INLINE-  2147483647 2147483647    516779.62500   6246723.00000     10468.12055 Case1_F137_EW 10
INLINE-  2147483647 2147483647    516867.71875   6246608.00000     10841.72188 Case1_F137_EW 10
INLINE-  2147483647 2147483647    516982.40625   6246458.00000     11248.22269 Case1_F137_EW 10
INLINE-  2147483647 2147483647    517081.90625   6246328.00000     11675.62296 Case1_F137_EW 10
INLINE-  2147483647 2147483647    517102.43750   6246301.50000     11907.92421 Case1_F137_EW 10
