INLINE-  2147483647 2147483647    514736.43800   6248219.00000      9504.46901 Case1_F054_NS 1
INLINE-  2147483647 2147483647    514677.21900   6248173.50000      9745.24949 Case1_F054_NS 1
INLINE-  2147483647 2147483647    514585.12500   6248103.00000     10180.12036 Case1_F054_NS 1
INLINE-  2147483647 2147483647    514364.06200   6247934.00000     10961.42192 Case1_F054_NS 1
INLINE-  2147483647 2147483647    514665.78100   6248322.00000      9453.80791 Case1_F054_NS 2
INLINE-  2147483647 2147483647    514601.40600   6248273.00000      9745.24949 Case1_F054_NS 2
INLINE-  2147483647 2147483647    514504.28100   6248198.50000     10190.62038 Case1_F054_NS 2
INLINE-  2147483647 2147483647    514391.81200   6248112.50000     10641.32028 Case1_F054_NS 2
INLINE-  2147483647 2147483647    514253.18800   6248006.50000     11124.22125 Case1_F054_NS 2
INLINE-  2147483647 2147483647    514623.37500   6248447.00000      9285.53857 Case1_F054_NS 3
INLINE-  2147483647 2147483647    514525.37500   6248372.00000      9745.24949 Case1_F054_NS 3
INLINE-  2147483647 2147483647    514446.34400   6248311.50000     10156.31931 Case1_F054_NS 3
INLINE-  2147483647 2147483647    514224.75000   6248142.00000     11200.02240 Case1_F054_NS 3
INLINE-  2147483647 2147483647    514549.46900   6248548.00000      9355.34871 Case1_F054_NS 4
INLINE-  2147483647 2147483647    514454.81200   6248475.50000      9758.45952 Case1_F054_NS 4
INLINE-  2147483647 2147483647    514332.81200   6248382.00000     10317.22063 Case1_F054_NS 4
INLINE-  2147483647 2147483647    514249.00000   6248318.00000     10659.62132 Case1_F054_NS 4
INLINE-  2147483647 2147483647    514500.62500   6248731.00000      9036.15807 Case1_F054_NS 5
INLINE-  2147483647 2147483647    514419.12500   6248668.50000      9492.71899 Case1_F054_NS 5
INLINE-  2147483647 2147483647    514335.65600   6248604.50000      9862.27972 Case1_F054_NS 5
INLINE-  2147483647 2147483647    514158.37500   6248469.00000     10573.72115 Case1_F054_NS 5
