INLINE-  2147483647 2147483647    515327.84400   6249128.00000      9008.49002 Case1_F066_NS 1
INLINE-  2147483647 2147483647    515366.06200   6249157.00000      9390.01878 Case1_F066_NS 1
INLINE-  2147483647 2147483647    515412.56200   6249192.50000      9767.85954 Case1_F066_NS 1
INLINE-  2147483647 2147483647    515460.50000   6249229.50000     10144.97329 Case1_F066_NS 1
INLINE-  2147483647 2147483647    515508.25000   6249266.00000     10522.17604 Case1_F066_NS 1
INLINE-  2147483647 2147483647    515350.62500   6249098.00000      9008.49002 Case1_F066_NS 2
INLINE-  2147483647 2147483647    515374.62500   6249116.50000      9263.14953 Case1_F066_NS 2
INLINE-  2147483647 2147483647    515409.81200   6249143.50000      9563.67113 Case1_F066_NS 2
INLINE-  2147483647 2147483647    515479.34400   6249196.50000     10113.68423 Case1_F066_NS 2
INLINE-  2147483647 2147483647    515531.65600   6249236.50000     10526.23205 Case1_F066_NS 2
INLINE-  2147483647 2147483647    515388.62500   6249048.50000      9008.49002 Case1_F066_NS 3
INLINE-  2147483647 2147483647    515412.59400   6249067.00000      9263.14953 Case1_F066_NS 3
INLINE-  2147483647 2147483647    515447.81200   6249094.00000      9563.67113 Case1_F066_NS 3
INLINE-  2147483647 2147483647    515508.09400   6249140.00000     10038.87308 Case1_F066_NS 3
INLINE-  2147483647 2147483647    515576.62500   6249192.50000     10570.65614 Case1_F066_NS 3
INLINE-  2147483647 2147483647    515425.18800   6248998.00000      9015.52703 Case1_F066_NS 4
INLINE-  2147483647 2147483647    515456.34400   6249021.50000      9257.41251 Case1_F066_NS 4
INLINE-  2147483647 2147483647    515492.18800   6249049.00000      9515.59103 Case1_F066_NS 4
INLINE-  2147483647 2147483647    515549.46900   6249093.00000      9987.22797 Case1_F066_NS 4
INLINE-  2147483647 2147483647    515631.90600   6249156.00000     10532.60307 Case1_F066_NS 4
INLINE-  2147483647 2147483647    515455.96900   6248942.50000      9009.77302 Case1_F066_NS 5
INLINE-  2147483647 2147483647    515491.75000   6248970.00000      9263.50753 Case1_F066_NS 5
INLINE-  2147483647 2147483647    515530.15600   6248999.50000      9515.59103 Case1_F066_NS 5
INLINE-  2147483647 2147483647    515608.90600   6249059.50000      9999.02200 Case1_F066_NS 5
INLINE-  2147483647 2147483647    515688.43800   6249120.50000     10481.94596 Case1_F066_NS 5
INLINE-  2147483647 2147483647    515509.12500   6248873.00000      9009.77302 Case1_F066_NS 6
INLINE-  2147483647 2147483647    515544.90600   6248900.50000      9263.50753 Case1_F066_NS 6
INLINE-  2147483647 2147483647    515583.34400   6248930.00000      9515.59103 Case1_F066_NS 6
INLINE-  2147483647 2147483647    515640.65600   6248974.00000      9845.73669 Case1_F066_NS 6
INLINE-  2147483647 2147483647    515704.78100   6249023.00000     10181.79136 Case1_F066_NS 6
INLINE-  2147483647 2147483647    515766.31200   6249070.00000     10523.50405 Case1_F066_NS 6
INLINE-  2147483647 2147483647    515551.96900   6248827.50000      8963.93993 Case1_F066_NS 7
INLINE-  2147483647 2147483647    515597.28100   6248862.00000      9268.06154 Case1_F066_NS 7
INLINE-  2147483647 2147483647    515648.68800   6248901.50000      9568.19314 Case1_F066_NS 7
INLINE-  2147483647 2147483647    515705.18800   6248944.50000      9864.64173 Case1_F066_NS 7
INLINE-  2147483647 2147483647    515762.21900   6248988.00000     10159.08232 Case1_F066_NS 7
INLINE-  2147483647 2147483647    515819.50000   6249032.00000     10453.33891 Case1_F066_NS 7
INLINE-  2147483647 2147483647    515586.65600   6248791.00000      8901.55280 Case1_F066_NS 8
INLINE-  2147483647 2147483647    515648.78100   6248838.50000      9297.59860 Case1_F066_NS 8
INLINE-  2147483647 2147483647    515700.96900   6248878.50000      9580.06016 Case1_F066_NS 8
INLINE-  2147483647 2147483647    515763.84400   6248926.50000      9888.48878 Case1_F066_NS 8
INLINE-  2147483647 2147483647    515818.96900   6248968.50000     10189.73838 Case1_F066_NS 8
INLINE-  2147483647 2147483647    515876.84400   6249013.00000     10508.48402 Case1_F066_NS 8
INLINE-  2147483647 2147483647    515645.87500   6248742.00000      8793.14259 Case1_F066_NS 9
INLINE-  2147483647 2147483647    515682.28100   6248769.50000      9030.20906 Case1_F066_NS 9
INLINE-  2147483647 2147483647    515730.00000   6248806.00000      9305.77861 Case1_F066_NS 9
INLINE-  2147483647 2147483647    515805.12500   6248863.50000      9728.81646 Case1_F066_NS 9
INLINE-  2147483647 2147483647    515853.18800   6248900.50000      9966.94393 Case1_F066_NS 9
INLINE-  2147483647 2147483647    515912.25000   6248945.50000     10277.49555 Case1_F066_NS 9
INLINE-  2147483647 2147483647    515970.59400   6248990.50000     10588.60918 Case1_F066_NS 9
INLINE-  2147483647 2147483647    515713.87500   6248699.50000      8788.06558 Case1_F066_NS 10
INLINE-  2147483647 2147483647    515761.43800   6248736.00000      9087.92118 Case1_F066_NS 10
INLINE-  2147483647 2147483647    515814.87500   6248776.50000      9402.36480 Case1_F066_NS 10
INLINE-  2147483647 2147483647    515872.40600   6248820.50000      9723.04545 Case1_F066_NS 10
INLINE-  2147483647 2147483647    515923.68800   6248860.00000      9997.57900 Case1_F066_NS 10
INLINE-  2147483647 2147483647    515961.84400   6248889.00000     10270.81854 Case1_F066_NS 10
INLINE-  2147483647 2147483647    515998.59400   6248917.50000     10544.84209 Case1_F066_NS 10
INLINE-  2147483647 2147483647    515765.78100   6248644.50000      8820.34764 Case1_F066_NS 11
INLINE-  2147483647 2147483647    515812.87500   6248680.50000      9080.87716 Case1_F066_NS 11
INLINE-  2147483647 2147483647    515863.96900   6248720.00000      9400.20280 Case1_F066_NS 11
INLINE-  2147483647 2147483647    515917.71900   6248761.00000      9729.40946 Case1_F066_NS 11
INLINE-  2147483647 2147483647    515972.56200   6248803.00000     10108.58022 Case1_F066_NS 11
INLINE-  2147483647 2147483647    516025.71900   6248843.50000     10488.73198 Case1_F066_NS 11
INLINE-  2147483647 2147483647    515828.34400   6248598.00000      8803.96761 Case1_F066_NS 12
INLINE-  2147483647 2147483647    515852.53100   6248616.50000      9045.99609 Case1_F066_NS 12
INLINE-  2147483647 2147483647    515897.31200   6248651.00000      9349.10870 Case1_F066_NS 12
INLINE-  2147483647 2147483647    515950.71900   6248692.00000      9654.59831 Case1_F066_NS 12
INLINE-  2147483647 2147483647    515997.31200   6248727.50000      9990.61498 Case1_F066_NS 12
INLINE-  2147483647 2147483647    516028.09400   6248751.00000     10208.77842 Case1_F066_NS 12
INLINE-  2147483647 2147483647    516056.96900   6248773.00000     10449.48790 Case1_F066_NS 12
INLINE-  2147483647 2147483647    515877.53100   6248541.50000      8784.31757 Case1_F066_NS 13
INLINE-  2147483647 2147483647    515906.31200   6248563.50000      9057.04811 Case1_F066_NS 13
INLINE-  2147483647 2147483647    515945.71900   6248593.50000      9374.92875 Case1_F066_NS 13
INLINE-  2147483647 2147483647    515987.90600   6248626.00000      9669.76334 Case1_F066_NS 13
INLINE-  2147483647 2147483647    516030.06200   6248658.00000      9995.11199 Case1_F066_NS 13
INLINE-  2147483647 2147483647    516065.53100   6248685.00000     10268.71354 Case1_F066_NS 13
INLINE-  2147483647 2147483647    516090.90600   6248704.50000     10468.62294 Case1_F066_NS 13
INLINE-  2147483647 2147483647    515922.93800   6248481.50000      8784.31757 Case1_F066_NS 14
INLINE-  2147483647 2147483647    515951.93800   6248504.00000      9057.04811 Case1_F066_NS 14
INLINE-  2147483647 2147483647    515991.34400   6248534.00000      9374.92875 Case1_F066_NS 14
INLINE-  2147483647 2147483647    516025.93800   6248560.50000      9658.74832 Case1_F066_NS 14
INLINE-  2147483647 2147483647    516053.96900   6248582.00000      9945.63389 Case1_F066_NS 14
INLINE-  2147483647 2147483647    516100.25000   6248617.50000     10351.36870 Case1_F066_NS 14
INLINE-  2147483647 2147483647    516124.50000   6248636.00000     10582.48016 Case1_F066_NS 14
INLINE-  2147483647 2147483647    515968.46900   6248422.00000      8784.31757 Case1_F066_NS 15
INLINE-  2147483647 2147483647    516001.21900   6248447.00000      9092.56519 Case1_F066_NS 15
INLINE-  2147483647 2147483647    516034.31200   6248472.50000      9400.51480 Case1_F066_NS 15
INLINE-  2147483647 2147483647    516068.75000   6248499.00000      9707.91742 Case1_F066_NS 15
INLINE-  2147483647 2147483647    516094.90600   6248519.00000     10018.68204 Case1_F066_NS 15
INLINE-  2147483647 2147483647    516129.65600   6248545.50000     10325.80765 Case1_F066_NS 15
INLINE-  2147483647 2147483647    516163.59400   6248571.50000     10633.45027 Case1_F066_NS 15
INLINE-  2147483647 2147483647    516014.09400   6248362.50000      8784.31757 Case1_F066_NS 16
INLINE-  2147483647 2147483647    516042.84400   6248384.50000      9057.04811 Case1_F066_NS 16
INLINE-  2147483647 2147483647    516069.34400   6248405.00000      9378.93876 Case1_F066_NS 16
INLINE-  2147483647 2147483647    516096.25000   6248425.50000      9650.96030 Case1_F066_NS 16
INLINE-  2147483647 2147483647    516132.84400   6248453.50000     10053.20411 Case1_F066_NS 16
INLINE-  2147483647 2147483647    516160.06200   6248474.50000     10313.34863 Case1_F066_NS 16
INLINE-  2147483647 2147483647    516193.65600   6248500.00000     10615.26923 Case1_F066_NS 16
