INLINE-  2147483647 2147483647    517378.65600   6249642.50000      9732.46746 Case1_F070_EW 1
INLINE-  2147483647 2147483647    517352.25000   6249677.00000      9945.83089 Case1_F070_EW 1
INLINE-  2147483647 2147483647    517278.84400   6249773.00000     10330.95166 Case1_F070_EW 1
INLINE-  2147483647 2147483647    517315.43800   6249622.50000      9742.90049 Case1_F070_EW 2
INLINE-  2147483647 2147483647    517284.93800   6249662.50000     10001.44800 Case1_F070_EW 2
INLINE-  2147483647 2147483647    517232.43800   6249731.00000     10246.87949 Case1_F070_EW 2
INLINE-  2147483647 2147483647    517260.93800   6249591.00000      9733.67147 Case1_F070_EW 3
INLINE-  2147483647 2147483647    517240.84400   6249617.00000      9932.77187 Case1_F070_EW 3
INLINE-  2147483647 2147483647    517185.59400   6249689.50000     10178.23836 Case1_F070_EW 3
INLINE-  2147483647 2147483647    517197.68800   6249570.50000      9680.20636 Case1_F070_EW 4
INLINE-  2147483647 2147483647    517185.56200   6249586.50000      9926.21585 Case1_F070_EW 4
INLINE-  2147483647 2147483647    517136.37500   6249650.50000     10182.69037 Case1_F070_EW 4
INLINE-  2147483647 2147483647    517153.84400   6249525.00000      9720.41744 Case1_F070_EW 5
INLINE-  2147483647 2147483647    517137.96900   6249546.00000      9939.73688 Case1_F070_EW 5
INLINE-  2147483647 2147483647    517090.84400   6249607.50000     10286.02957 Case1_F070_EW 5
INLINE-  2147483647 2147483647    517101.50000   6249490.50000      9727.89046 Case1_F070_EW 6
INLINE-  2147483647 2147483647    517090.56200   6249505.00000      9974.43395 Case1_F070_EW 6
INLINE-  2147483647 2147483647    517046.34400   6249562.50000     10321.34264 Case1_F070_EW 6
INLINE-  2147483647 2147483647    517064.62500   6249456.50000      9730.37746 Case1_F070_EW 7
INLINE-  2147483647 2147483647    517054.43800   6249470.00000      9937.45387 Case1_F070_EW 7
INLINE-  2147483647 2147483647    517016.09400   6249520.00000     10227.45145 Case1_F070_EW 7
INLINE-  2147483647 2147483647    516976.50000   6249571.50000     10463.93893 Case1_F070_EW 7
INLINE-  2147483647 2147483647    517015.00000   6249418.50000      9730.37746 Case1_F070_EW 8
INLINE-  2147483647 2147483647    516995.96900   6249443.50000      9946.58589 Case1_F070_EW 8
INLINE-  2147483647 2147483647    516962.43800   6249487.00000     10225.74345 Case1_F070_EW 8
INLINE-  2147483647 2147483647    516929.37500   6249530.50000     10434.97887 Case1_F070_EW 8
INLINE-  2147483647 2147483647    516952.84400   6249397.00000      9741.36648 Case1_F070_EW 9
INLINE-  2147483647 2147483647    516936.21900   6249418.50000      9952.56491 Case1_F070_EW 9
INLINE-  2147483647 2147483647    516905.62500   6249458.50000     10221.48244 Case1_F070_EW 9
INLINE-  2147483647 2147483647    516868.96900   6249506.50000     10479.16896 Case1_F070_EW 9
INLINE-  2147483647 2147483647    516895.09400   6249369.50000      9771.62154 Case1_F070_EW 10
INLINE-  2147483647 2147483647    516884.84400   6249383.00000      9949.19190 Case1_F070_EW 10
INLINE-  2147483647 2147483647    516856.00000   6249420.50000     10221.48244 Case1_F070_EW 10
INLINE-  2147483647 2147483647    516787.87500   6249509.50000     10557.59112 Case1_F070_EW 10
INLINE-  2147483647 2147483647    516853.71900   6249279.50000      9670.91934 Case1_F070_EW 11
INLINE-  2147483647 2147483647    516816.65600   6249328.00000      9951.40890 Case1_F070_EW 11
INLINE-  2147483647 2147483647    516767.84400   6249392.00000     10205.26841 Case1_F070_EW 11
INLINE-  2147483647 2147483647    516676.78100   6249511.00000     10625.45725 Case1_F070_EW 11
INLINE-  2147483647 2147483647    516799.15600   6249248.00000      9708.85542 Case1_F070_EW 12
INLINE-  2147483647 2147483647    516770.71900   6249285.00000      9933.83187 Case1_F070_EW 12
INLINE-  2147483647 2147483647    516724.03100   6249346.00000     10215.37143 Case1_F070_EW 12
INLINE-  2147483647 2147483647    516622.50000   6249479.00000     10630.10926 Case1_F070_EW 12
