INLINE-  2147483647 2147483647    516146.18800   6252052.00000      9769.83354 Case2_F140_NS 1
INLINE-  2147483647 2147483647    516163.59400   6252065.00000     10036.62607 Case2_F140_NS 1
INLINE-  2147483647 2147483647    516201.81200   6252094.50000     10385.25577 Case2_F140_NS 1
INLINE-  2147483647 2147483647    516267.75000   6252145.00000     10949.70890 Case2_F140_NS 1
INLINE-  2147483647 2147483647    516153.78100   6252042.00000      9769.83354 Case2_F140_NS 2
INLINE-  2147483647 2147483647    516171.18800   6252055.00000     10036.62607 Case2_F140_NS 2
INLINE-  2147483647 2147483647    516209.40600   6252084.50000     10385.25577 Case2_F140_NS 2
INLINE-  2147483647 2147483647    516275.34400   6252135.00000     10949.70890 Case2_F140_NS 2
INLINE-  2147483647 2147483647    516183.78100   6251986.00000      9729.41046 Case2_F140_NS 3
INLINE-  2147483647 2147483647    516203.71900   6252001.50000     10083.09217 Case2_F140_NS 3
INLINE-  2147483647 2147483647    516243.21900   6252031.50000     10428.66386 Case2_F140_NS 3
INLINE-  2147483647 2147483647    516288.34400   6252066.00000     10772.36254 Case2_F140_NS 3
INLINE-  2147483647 2147483647    516336.96900   6252103.50000     11114.92923 Case2_F140_NS 3
INLINE-  2147483647 2147483647    516388.31200   6252142.50000     11455.87291 Case2_F140_NS 3
INLINE-  2147483647 2147483647    516440.37500   6252182.50000     11796.40059 Case2_F140_NS 3
INLINE-  2147483647 2147483647    516205.40600   6251924.00000      9693.37239 Case2_F140_NS 4
INLINE-  2147483647 2147483647    516218.00000   6251933.50000     10031.22606 Case2_F140_NS 4
INLINE-  2147483647 2147483647    516244.00000   6251953.50000     10376.30475 Case2_F140_NS 4
INLINE-  2147483647 2147483647    516281.46900   6251982.00000     10718.59444 Case2_F140_NS 4
INLINE-  2147483647 2147483647    516318.56200   6252010.50000     11049.62910 Case2_F140_NS 4
INLINE-  2147483647 2147483647    516371.65600   6252051.00000     11426.60085 Case2_F140_NS 4
INLINE-  2147483647 2147483647    516570.18800   6252203.00000     12554.99311 Case2_F140_NS 4
INLINE-  2147483647 2147483647    516200.56200   6251857.50000      9664.03933 Case2_F140_NS 5
INLINE-  2147483647 2147483647    516226.71900   6251877.50000     10216.12943 Case2_F140_NS 5
INLINE-  2147483647 2147483647    516278.15600   6251916.50000     10760.94752 Case2_F140_NS 5
INLINE-  2147483647 2147483647    516348.18800   6251970.50000     11297.06859 Case2_F140_NS 5
INLINE-  2147483647 2147483647    516442.59400   6252042.50000     11818.20964 Case2_F140_NS 5
INLINE-  2147483647 2147483647    516541.09400   6252118.00000     12336.38367 Case2_F140_NS 5
INLINE-  2147483647 2147483647    516203.81200   6251781.00000      9638.73928 Case2_F140_NS 6
INLINE-  2147483647 2147483647    516227.90600   6251799.50000     10109.71122 Case2_F140_NS 6
INLINE-  2147483647 2147483647    516272.96900   6251834.00000     10574.77615 Case2_F140_NS 6
INLINE-  2147483647 2147483647    516338.00000   6251884.00000     11029.98706 Case2_F140_NS 6
INLINE-  2147483647 2147483647    516421.12500   6251947.50000     11473.30995 Case2_F140_NS 6
INLINE-  2147483647 2147483647    516507.59400   6252013.50000     11914.03783 Case2_F140_NS 6
INLINE-  2147483647 2147483647    516210.09400   6251723.00000      9701.41440 Case2_F140_NS 7
INLINE-  2147483647 2147483647    516232.81200   6251740.50000     10115.63723 Case2_F140_NS 7
INLINE-  2147483647 2147483647    516281.75000   6251778.00000     10549.44110 Case2_F140_NS 7
INLINE-  2147483647 2147483647    516346.43800   6251827.50000     10991.55698 Case2_F140_NS 7
INLINE-  2147483647 2147483647    516428.46900   6251890.00000     11416.76183 Case2_F140_NS 7
INLINE-  2147483647 2147483647    516511.18800   6251953.50000     11839.33768 Case2_F140_NS 7
INLINE-  2147483647 2147483647    516238.71900   6251666.00000      9609.96222 Case2_F140_NS 8
INLINE-  2147483647 2147483647    516266.53100   6251687.50000     10013.78203 Case2_F140_NS 8
INLINE-  2147483647 2147483647    516308.46900   6251719.50000     10374.11075 Case2_F140_NS 8
INLINE-  2147483647 2147483647    516345.93800   6251748.50000     10643.66429 Case2_F140_NS 8
INLINE-  2147483647 2147483647    516411.18800   6251798.00000     11022.38404 Case2_F140_NS 8
INLINE-  2147483647 2147483647    516564.06200   6251915.00000     11802.09960 Case2_F140_NS 8
INLINE-  2147483647 2147483647    516275.03100   6251631.00000      9605.35521 Case2_F140_NS 9
INLINE-  2147483647 2147483647    516318.31200   6251664.00000     10083.95417 Case2_F140_NS 9
INLINE-  2147483647 2147483647    516380.53100   6251712.00000     10554.19511 Case2_F140_NS 9
INLINE-  2147483647 2147483647    516455.84400   6251769.50000     11016.66003 Case2_F140_NS 9
INLINE-  2147483647 2147483647    516540.34400   6251834.00000     11472.63595 Case2_F140_NS 9
INLINE-  2147483647 2147483647    516628.62500   6251901.50000     11925.73685 Case2_F140_NS 9
INLINE-  2147483647 2147483647    516314.75000   6251598.50000      9614.23123 Case2_F140_NS 10
INLINE-  2147483647 2147483647    516360.28100   6251633.50000     10035.64507 Case2_F140_NS 10
INLINE-  2147483647 2147483647    516411.56200   6251672.50000     10440.87788 Case2_F140_NS 10
INLINE-  2147483647 2147483647    516501.21900   6251741.00000     11021.48504 Case2_F140_NS 10
INLINE-  2147483647 2147483647    516572.65600   6251796.00000     11439.44088 Case2_F140_NS 10
INLINE-  2147483647 2147483647    516692.62500   6251887.50000     12074.12215 Case2_F140_NS 10
INLINE-  2147483647 2147483647    516367.96900   6251576.50000      9650.13830 Case2_F140_NS 11
INLINE-  2147483647 2147483647    516424.75000   6251619.50000     10089.07918 Case2_F140_NS 11
INLINE-  2147483647 2147483647    516503.31200   6251680.00000     10537.91708 Case2_F140_NS 11
INLINE-  2147483647 2147483647    516584.06200   6251741.50000     10985.74897 Case2_F140_NS 11
INLINE-  2147483647 2147483647    516659.75000   6251799.50000     11437.30187 Case2_F140_NS 11
INLINE-  2147483647 2147483647    516730.62500   6251854.00000     11892.11378 Case2_F140_NS 11
INLINE-  2147483647 2147483647    516807.46900   6251912.50000     12342.92069 Case2_F140_NS 11
INLINE-  2147483647 2147483647    516887.40600   6251974.00000     12791.57758 Case2_F140_NS 11
INLINE-  2147483647 2147483647    516408.28100   6251544.00000      9668.48434 Case2_F140_NS 12
INLINE-  2147483647 2147483647    516430.09400   6251561.00000      9856.04271 Case2_F140_NS 12
INLINE-  2147483647 2147483647    516464.18800   6251587.00000     10052.36710 Case2_F140_NS 12
INLINE-  2147483647 2147483647    516573.96900   6251671.00000     10579.36916 Case2_F140_NS 12
INLINE-  2147483647 2147483647    516672.09400   6251746.00000     11056.96011 Case2_F140_NS 12
INLINE-  2147483647 2147483647    516764.78100   6251817.00000     11538.74308 Case2_F140_NS 12
INLINE-  2147483647 2147483647    516916.87500   6251933.50000     12524.42705 Case2_F140_NS 12
INLINE-  2147483647 2147483647    517080.06200   6252058.50000     13502.83901 Case2_F140_NS 12
INLINE-  2147483647 2147483647    516439.90600   6251489.50000      9661.61732 Case2_F140_NS 13
INLINE-  2147483647 2147483647    516500.71900   6251536.00000     10041.22008 Case2_F140_NS 13
INLINE-  2147483647 2147483647    516574.50000   6251592.50000     10424.46385 Case2_F140_NS 13
INLINE-  2147483647 2147483647    516733.43800   6251714.50000     11182.98137 Case2_F140_NS 13
INLINE-  2147483647 2147483647    516869.75000   6251818.50000     11958.60492 Case2_F140_NS 13
INLINE-  2147483647 2147483647    516991.75000   6251912.00000     12744.39449 Case2_F140_NS 13
INLINE-  2147483647 2147483647    517121.59400   6252011.50000     13525.00805 Case2_F140_NS 13
INLINE-  2147483647 2147483647    516461.06200   6251411.50000      9586.15217 Case2_F140_NS 14
INLINE-  2147483647 2147483647    516495.96900   6251438.00000      9819.61264 Case2_F140_NS 14
INLINE-  2147483647 2147483647    516534.71900   6251468.00000     10050.38710 Case2_F140_NS 14
INLINE-  2147483647 2147483647    516631.09400   6251541.50000     10511.73802 Case2_F140_NS 14
INLINE-  2147483647 2147483647    516832.84400   6251696.00000     11514.73003 Case2_F140_NS 14
INLINE-  2147483647 2147483647    516995.56200   6251820.50000     12507.79102 Case2_F140_NS 14
INLINE-  2147483647 2147483647    517159.87500   6251946.00000     13500.08000 Case2_F140_NS 14
INLINE-  2147483647 2147483647    516490.87500   6251387.00000      9596.46419 Case2_F140_NS 15
INLINE-  2147483647 2147483647    516566.59400   6251445.00000     10091.28018 Case2_F140_NS 15
INLINE-  2147483647 2147483647    516662.59400   6251518.50000     10571.73214 Case2_F140_NS 15
INLINE-  2147483647 2147483647    516759.09400   6251592.50000     11051.87010 Case2_F140_NS 15
INLINE-  2147483647 2147483647    516852.06200   6251663.50000     11534.75707 Case2_F140_NS 15
INLINE-  2147483647 2147483647    516937.71900   6251729.00000     12023.08205 Case2_F140_NS 15
INLINE-  2147483647 2147483647    517019.81200   6251792.00000     12513.95303 Case2_F140_NS 15
INLINE-  2147483647 2147483647    517101.43800   6251854.50000     13005.13801 Case2_F140_NS 15
INLINE-  2147483647 2147483647    517181.81200   6251916.00000     13497.15499 Case2_F140_NS 15
INLINE-  2147483647 2147483647    516532.25000   6251356.00000      9615.17523 Case2_F140_NS 16
INLINE-  2147483647 2147483647    516569.21900   6251384.00000      9896.20579 Case2_F140_NS 16
INLINE-  2147483647 2147483647    516615.28100   6251419.50000     10175.36235 Case2_F140_NS 16
INLINE-  2147483647 2147483647    516719.65600   6251499.00000     10725.47045 Case2_F140_NS 16
INLINE-  2147483647 2147483647    516825.43800   6251580.00000     11274.66855 Case2_F140_NS 16
INLINE-  2147483647 2147483647    516928.34400   6251659.00000     11826.05065 Case2_F140_NS 16
INLINE-  2147483647 2147483647    517027.78100   6251735.00000     12379.91576 Case2_F140_NS 16
INLINE-  2147483647 2147483647    517122.15600   6251807.00000     12937.46187 Case2_F140_NS 16
INLINE-  2147483647 2147483647    517212.37500   6251876.50000     13497.85900 Case2_F140_NS 16
INLINE-  2147483647 2147483647    516600.37500   6251282.00000      9602.02920 Case2_F140_NS 17
INLINE-  2147483647 2147483647    516627.53100   6251303.00000      9841.85568 Case2_F140_NS 17
INLINE-  2147483647 2147483647    516658.06200   6251326.00000     10039.99308 Case2_F140_NS 17
INLINE-  2147483647 2147483647    516713.28100   6251368.50000     10388.03878 Case2_F140_NS 17
INLINE-  2147483647 2147483647    516830.87500   6251458.50000     11062.41512 Case2_F140_NS 17
INLINE-  2147483647 2147483647    516917.40600   6251524.50000     11537.41107 Case2_F140_NS 17
INLINE-  2147483647 2147483647    517112.93800   6251674.50000     12530.75006 Case2_F140_NS 17
INLINE-  2147483647 2147483647    517273.81200   6251797.50000     13500.08000 Case2_F140_NS 17
INLINE-  2147483647 2147483647    516637.18800   6251231.50000      9609.08722 Case2_F140_NS 18
INLINE-  2147483647 2147483647    516707.06200   6251285.00000     10104.74321 Case2_F140_NS 18
INLINE-  2147483647 2147483647    516783.62500   6251343.50000     10596.58919 Case2_F140_NS 18
INLINE-  2147483647 2147483647    516861.87500   6251403.50000     11087.35817 Case2_F140_NS 18
INLINE-  2147483647 2147483647    516944.40600   6251466.50000     11575.31815 Case2_F140_NS 18
INLINE-  2147483647 2147483647    517036.43800   6251537.00000     12056.14111 Case2_F140_NS 18
INLINE-  2147483647 2147483647    517138.56200   6251615.00000     12528.67106 Case2_F140_NS 18
INLINE-  2147483647 2147483647    517232.25000   6251687.00000     13008.06702 Case2_F140_NS 18
INLINE-  2147483647 2147483647    517313.90600   6251749.50000     13496.72899 Case2_F140_NS 18
INLINE-  2147483647 2147483647    516675.96900   6251182.50000      9649.09930 Case2_F140_NS 19
INLINE-  2147483647 2147483647    516722.81200   6251218.50000      9986.18597 Case2_F140_NS 19
INLINE-  2147483647 2147483647    516775.37500   6251258.50000     10302.05160 Case2_F140_NS 19
INLINE-  2147483647 2147483647    516852.03100   6251317.00000     10849.58270 Case2_F140_NS 19
INLINE-  2147483647 2147483647    516945.43800   6251388.50000     11450.91190 Case2_F140_NS 19
INLINE-  2147483647 2147483647    517034.68800   6251457.00000     11985.75797 Case2_F140_NS 19
INLINE-  2147483647 2147483647    517158.46900   6251551.50000     12527.17005 Case2_F140_NS 19
INLINE-  2147483647 2147483647    517266.84400   6251634.50000     13017.00503 Case2_F140_NS 19
INLINE-  2147483647 2147483647    517349.75000   6251698.00000     13500.08000 Case2_F140_NS 19
INLINE-  2147483647 2147483647    516786.90600   6251110.00000     10042.53809 Case2_F140_NS 20
INLINE-  2147483647 2147483647    516858.84400   6251165.00000     10554.45811 Case2_F140_NS 20
INLINE-  2147483647 2147483647    516926.46900   6251217.00000     11068.96714 Case2_F140_NS 20
INLINE-  2147483647 2147483647    517004.40600   6251276.50000     11577.48515 Case2_F140_NS 20
INLINE-  2147483647 2147483647    517106.12500   6251354.50000     12068.46214 Case2_F140_NS 20
INLINE-  2147483647 2147483647    517195.62500   6251423.00000     12588.60418 Case2_F140_NS 20
INLINE-  2147483647 2147483647    517299.71900   6251502.50000     13058.47112 Case2_F140_NS 20
INLINE-  2147483647 2147483647    517391.53100   6251572.50000     13557.55012 Case2_F140_NS 20
INLINE-  2147483647 2147483647    516884.90600   6251075.00000     10435.64187 Case2_F140_NS 21
INLINE-  2147483647 2147483647    517025.96900   6251183.00000     11558.26712 Case2_F140_NS 21
INLINE-  2147483647 2147483647    517209.15600   6251323.00000     12575.91615 Case2_F140_NS 21
INLINE-  2147483647 2147483647    517403.68800   6251472.00000     13626.94525 Case2_F140_NS 21
INLINE-  2147483647 2147483647    516971.81200   6251047.00000     10893.18679 Case2_F140_NS 22
INLINE-  2147483647 2147483647    517090.87500   6251138.00000     11843.60069 Case2_F140_NS 22
INLINE-  2147483647 2147483647    517246.75000   6251257.50000     12771.93754 Case2_F140_NS 22
INLINE-  2147483647 2147483647    517408.40600   6251381.00000     13696.34639 Case2_F140_NS 22
INLINE-  2147483647 2147483647    517070.21900   6250980.50000     11324.05565 Case2_F140_NS 23
INLINE-  2147483647 2147483647    517163.06200   6251051.50000     12057.74112 Case2_F140_NS 23
INLINE-  2147483647 2147483647    517278.12500   6251139.50000     12804.84361 Case2_F140_NS 23
INLINE-  2147483647 2147483647    517441.90600   6251265.00000     13757.87652 Case2_F140_NS 23
INLINE-  2147483647 2147483647    517126.37500   6250882.00000     11367.09273 Case2_F140_NS 24
INLINE-  2147483647 2147483647    517198.37500   6250937.00000     11987.09597 Case2_F140_NS 24
INLINE-  2147483647 2147483647    517278.03100   6250998.00000     12603.13321 Case2_F140_NS 24
INLINE-  2147483647 2147483647    517377.40600   6251074.00000     13207.62042 Case2_F140_NS 24
INLINE-  2147483647 2147483647    517490.28100   6251160.50000     13802.33160 Case2_F140_NS 24
INLINE-  2147483647 2147483647    517178.43800   6250780.00000     11387.53078 Case2_F140_NS 25
INLINE-  2147483647 2147483647    517251.31200   6250836.00000     12034.22307 Case2_F140_NS 25
INLINE-  2147483647 2147483647    517311.93800   6250882.50000     12560.79612 Case2_F140_NS 25
INLINE-  2147483647 2147483647    517412.25000   6250959.00000     13181.35736 Case2_F140_NS 25
INLINE-  2147483647 2147483647    517545.06200   6251060.50000     13834.15667 Case2_F140_NS 25
INLINE-  2147483647 2147483647    517256.81200   6250683.00000     11592.66919 Case2_F140_NS 26
INLINE-  2147483647 2147483647    517339.12500   6250746.00000     12155.52731 Case2_F140_NS 26
INLINE-  2147483647 2147483647    517425.62500   6250812.00000     12715.81643 Case2_F140_NS 26
INLINE-  2147483647 2147483647    517520.37500   6250884.50000     13270.64354 Case2_F140_NS 26
INLINE-  2147483647 2147483647    517626.06200   6250965.50000     13817.32963 Case2_F140_NS 26
INLINE-  2147483647 2147483647    517367.21900   6250625.50000     11712.77643 Case2_F140_NS 27
INLINE-  2147483647 2147483647    517529.50000   6250750.00000     12712.44442 Case2_F140_NS 27
INLINE-  2147483647 2147483647    517709.71900   6250887.50000     13774.95855 Case2_F140_NS 27
