INLINE-  2147483647 2147483647    517771.40600   6247751.50000      9513.38803 Case1_F131_NS 1
INLINE-  2147483647 2147483647    517737.28100   6247796.00000      9835.09967 Case1_F131_NS 1
INLINE-  2147483647 2147483647    517708.53100   6247833.50000     10036.02007 Case1_F131_NS 1
INLINE-  2147483647 2147483647    517677.25000   6247874.50000     10234.21947 Case1_F131_NS 1
INLINE-  2147483647 2147483647    517705.12500   6247714.50000      9533.57907 Case1_F131_NS 2
INLINE-  2147483647 2147483647    517686.81200   6247738.50000      9768.76954 Case1_F131_NS 2
INLINE-  2147483647 2147483647    517651.96900   6247784.00000     10064.12013 Case1_F131_NS 2
INLINE-  2147483647 2147483647    517617.59400   6247829.00000     10318.12064 Case1_F131_NS 2
INLINE-  2147483647 2147483647    517654.75000   6247677.50000      9565.97913 Case1_F131_NS 3
INLINE-  2147483647 2147483647    517634.15600   6247704.50000      9801.42960 Case1_F131_NS 3
INLINE-  2147483647 2147483647    517603.84400   6247744.00000     10101.02020 Case1_F131_NS 3
INLINE-  2147483647 2147483647    517568.75000   6247790.00000     10369.72074 Case1_F131_NS 3
INLINE-  2147483647 2147483647    517594.40600   6247653.50000      9643.01929 Case1_F131_NS 4
INLINE-  2147483647 2147483647    517576.87500   6247676.50000      9841.66968 Case1_F131_NS 4
INLINE-  2147483647 2147483647    517506.37500   6247768.50000     10255.62051 Case1_F131_NS 4
INLINE-  2147483647 2147483647    517544.78100   6247615.50000      9643.01929 Case1_F131_NS 5
INLINE-  2147483647 2147483647    517528.00000   6247637.50000      9812.29962 Case1_F131_NS 5
INLINE-  2147483647 2147483647    517505.34400   6247667.00000      9980.43996 Case1_F131_NS 5
