INLINE-  2147483647 2147483647    515556.59400   6246108.50000      9517.99604 Case1_F093_NS 1
INLINE-  2147483647 2147483647    515523.59400   6246083.00000      9822.60565 Case1_F093_NS 1
INLINE-  2147483647 2147483647    515494.53100   6246061.00000     10128.89126 Case1_F093_NS 1
INLINE-  2147483647 2147483647    515447.09400   6246024.50000     10425.50885 Case1_F093_NS 1
INLINE-  2147483647 2147483647    515388.90600   6245980.00000     10714.42543 Case1_F093_NS 1
INLINE-  2147483647 2147483647    515571.78100   6246088.50000      9517.99604 Case1_F093_NS 2
INLINE-  2147483647 2147483647    515538.78100   6246063.00000      9822.67265 Case1_F093_NS 2
INLINE-  2147483647 2147483647    515510.18800   6246041.50000     10129.27626 Case1_F093_NS 2
INLINE-  2147483647 2147483647    515462.34400   6246004.50000     10425.45885 Case1_F093_NS 2
INLINE-  2147483647 2147483647    515404.09400   6245960.00000     10714.42543 Case1_F093_NS 2
INLINE-  2147483647 2147483647    515602.15600   6246048.50000      9517.99604 Case1_F093_NS 3
INLINE-  2147483647 2147483647    515566.18800   6246021.00000      9849.33470 Case1_F093_NS 3
INLINE-  2147483647 2147483647    515531.03100   6245994.50000     10200.07140 Case1_F093_NS 3
INLINE-  2147483647 2147483647    515480.50000   6245955.50000     10488.59598 Case1_F093_NS 3
INLINE-  2147483647 2147483647    515434.46900   6245920.50000     10714.42543 Case1_F093_NS 3
INLINE-  2147483647 2147483647    515616.84400   6246028.50000      9516.85503 Case1_F093_NS 4
INLINE-  2147483647 2147483647    515583.12500   6246002.50000      9822.23464 Case1_F093_NS 4
INLINE-  2147483647 2147483647    515551.62500   6245978.50000     10128.59826 Case1_F093_NS 4
INLINE-  2147483647 2147483647    515506.84400   6245944.50000     10427.99386 Case1_F093_NS 4
INLINE-  2147483647 2147483647    515449.28100   6245900.00000     10718.56044 Case1_F093_NS 4
INLINE-  2147483647 2147483647    515639.25000   6245998.50000      9515.99203 Case1_F093_NS 5
INLINE-  2147483647 2147483647    515604.93800   6245972.00000      9821.97564 Case1_F093_NS 5
INLINE-  2147483647 2147483647    515570.71900   6245946.00000     10127.97626 Case1_F093_NS 5
INLINE-  2147483647 2147483647    515528.78100   6245914.00000     10429.92486 Case1_F093_NS 5
INLINE-  2147483647 2147483647    515471.75000   6245870.00000     10721.68544 Case1_F093_NS 5
INLINE-  2147483647 2147483647    515661.78100   6245968.50000      9515.40303 Case1_F093_NS 6
INLINE-  2147483647 2147483647    515626.90600   6245942.00000      9821.55664 Case1_F093_NS 6
INLINE-  2147483647 2147483647    515590.12500   6245913.50000     10126.78625 Case1_F093_NS 6
INLINE-  2147483647 2147483647    515550.78100   6245883.50000     10430.75086 Case1_F093_NS 6
INLINE-  2147483647 2147483647    515494.37500   6245840.50000     10723.43345 Case1_F093_NS 6
INLINE-  2147483647 2147483647    515672.71900   6245945.50000      9532.29206 Case1_F093_NS 7
INLINE-  2147483647 2147483647    515638.28100   6245919.00000      9860.79072 Case1_F093_NS 7
INLINE-  2147483647 2147483647    515601.68800   6245891.00000     10172.76135 Case1_F093_NS 7
INLINE-  2147483647 2147483647    515556.46900   6245856.50000     10488.59598 Case1_F093_NS 7
INLINE-  2147483647 2147483647    515523.90600   6245831.50000     10662.09532 Case1_F093_NS 7
INLINE-  2147483647 2147483647    515718.21900   6245917.00000      9540.56008 Case1_F093_NS 8
INLINE-  2147483647 2147483647    515678.34400   6245886.50000      9878.62676 Case1_F093_NS 8
INLINE-  2147483647 2147483647    515632.43800   6245851.50000     10194.12839 Case1_F093_NS 8
INLINE-  2147483647 2147483647    515602.09400   6245828.50000     10424.21185 Case1_F093_NS 8
INLINE-  2147483647 2147483647    515572.50000   6245805.50000     10621.76324 Case1_F093_NS 8
INLINE-  2147483647 2147483647    515747.46900   6245892.50000      9580.82616 Case1_F093_NS 9
INLINE-  2147483647 2147483647    515716.65600   6245869.00000      9858.71372 Case1_F093_NS 9
INLINE-  2147483647 2147483647    515679.28100   6245840.00000     10141.53928 Case1_F093_NS 9
INLINE-  2147483647 2147483647    515636.18800   6245807.00000     10425.12885 Case1_F093_NS 9
INLINE-  2147483647 2147483647    515602.43800   6245781.50000     10663.58333 Case1_F093_NS 9
INLINE-  2147483647 2147483647    515770.56200   6245863.00000      9620.26024 Case1_F093_NS 10
INLINE-  2147483647 2147483647    515750.09400   6245847.00000      9850.30670 Case1_F093_NS 10
INLINE-  2147483647 2147483647    515722.00000   6245825.50000     10091.97018 Case1_F093_NS 10
INLINE-  2147483647 2147483647    515684.00000   6245796.50000     10346.36469 Case1_F093_NS 10
INLINE-  2147483647 2147483647    515657.18800   6245776.00000     10528.14006 Case1_F093_NS 10
INLINE-  2147483647 2147483647    515633.93800   6245758.50000     10694.64239 Case1_F093_NS 10
INLINE-  2147483647 2147483647    515756.03125   6245836.00000      9608.33465 Case1_F093_NS 11
INLINE-  2147483647 2147483647    515752.12500   6245833.00000      9838.02944 Case1_F093_NS 11
INLINE-  2147483647 2147483647    515735.31250   6245820.00000     10076.72035 Case1_F093_NS 11
INLINE-  2147483647 2147483647    515703.09375   6245795.50000     10343.74823 Case1_F093_NS 11
INLINE-  2147483647 2147483647    515650.84375   6245755.50000     10655.08674 Case1_F093_NS 11
INLINE-  2147483647 2147483647    515618.68750   6245731.00000     10800.02160 Case1_F093_NS 11
