INLINE-  2147483647 2147483647    514064.81250   6250918.50000      9534.48880 Case2_F122_NNE 1
INLINE-  2147483647 2147483647    514078.00000   6250914.50000     10161.42071 Case2_F122_NNE 1
INLINE-  2147483647 2147483647    514073.00000   6250945.00000      9534.48880 Case2_F122_NNE 2
INLINE-  2147483647 2147483647    514086.18750   6250941.00000     10161.42071 Case2_F122_NNE 2
INLINE-  2147483647 2147483647    514112.31250   6251074.50000      9239.90813 Case2_F122_NNE 3
INLINE-  2147483647 2147483647    514113.93750   6251074.00000      9516.73876 Case2_F122_NNE 3
INLINE-  2147483647 2147483647    514121.21875   6251072.00000     10097.52020 Case2_F122_NNE 3
INLINE-  2147483647 2147483647    514116.90625   6251098.50000      9111.12857 Case2_F122_NNE 4
INLINE-  2147483647 2147483647    514120.21875   6251098.00000      9484.08928 Case2_F122_NNE 4
INLINE-  2147483647 2147483647    514124.37500   6251096.00000     10087.92057 Case2_F122_NNE 4
INLINE-  2147483647 2147483647    514136.90625   6251168.50000      9078.33847 Case2_F122_NNE 5
INLINE-  2147483647 2147483647    514143.87500   6251166.00000      9496.00923 Case2_F122_NNE 5
INLINE-  2147483647 2147483647    514146.78125   6251165.50000     10087.92057 Case2_F122_NNE 5
INLINE-  2147483647 2147483647    514164.40625   6251254.50000      9068.53767 Case2_F122_NNE 6
INLINE-  2147483647 2147483647    514167.43750   6251253.50000      9197.58871 Case2_F122_NNE 6
INLINE-  2147483647 2147483647    514171.59375   6251252.00000      9494.31879 Case2_F122_NNE 6
INLINE-  2147483647 2147483647    514170.43750   6251252.50000      9832.03920 Case2_F122_NNE 6
INLINE-  2147483647 2147483647    514168.68750   6251253.00000     10164.22052 Case2_F122_NNE 6
INLINE-  2147483647 2147483647    514200.09375   6251355.50000      9049.52786 Case2_F122_NNE 7
INLINE-  2147483647 2147483647    514201.56250   6251355.00000      9194.39827 Case2_F122_NNE 7
INLINE-  2147483647 2147483647    514204.56250   6251354.50000      9496.00923 Case2_F122_NNE 7
INLINE-  2147483647 2147483647    514207.46875   6251353.50000     10087.92057 Case2_F122_NNE 7
INLINE-  2147483647 2147483647    514224.68750   6251450.00000      9046.99856 Case2_F122_NNE 8
INLINE-  2147483647 2147483647    514230.40625   6251448.00000      9217.84851 Case2_F122_NNE 8
INLINE-  2147483647 2147483647    514236.31250   6251446.50000      9490.63910 Case2_F122_NNE 8
INLINE-  2147483647 2147483647    514237.56250   6251445.50000     10087.92057 Case2_F122_NNE 8
INLINE-  2147483647 2147483647    514232.46875   6251476.50000      9054.72807 Case2_F122_NNE 9
INLINE-  2147483647 2147483647    514234.03125   6251476.00000      9264.39841 Case2_F122_NNE 9
INLINE-  2147483647 2147483647    514235.50000   6251475.50000      9516.68896 Case2_F122_NNE 9
INLINE-  2147483647 2147483647    514245.78125   6251472.50000     10087.92057 Case2_F122_NNE 9
INLINE-  2147483647 2147483647    514261.18750   6251580.00000      9056.79839 Case2_F122_NNE 10
INLINE-  2147483647 2147483647    514271.37500   6251577.00000      9546.03862 Case2_F122_NNE 10
INLINE-  2147483647 2147483647    514278.75000   6251574.50000     10087.92057 Case2_F122_NNE 10
INLINE-  2147483647 2147483647    514288.59375   6251629.50000      9102.64809 Case2_F122_NNE 11
INLINE-  2147483647 2147483647    514294.81250   6251628.00000      9553.56891 Case2_F122_NNE 11
INLINE-  2147483647 2147483647    514295.87500   6251627.00000     10087.92057 Case2_F122_NNE 11
INLINE-  2147483647 2147483647    514302.03125   6251673.00000      9102.64809 Case2_F122_NNE 12
INLINE-  2147483647 2147483647    514306.40625   6251671.50000      9579.82873 Case2_F122_NNE 12
INLINE-  2147483647 2147483647    514309.31250   6251670.50000     10087.92057 Case2_F122_NNE 12
INLINE-  2147483647 2147483647    514318.65625   6251733.00000      9193.06819 Case2_F122_NNE 13
INLINE-  2147483647 2147483647    514325.93750   6251730.50000      9579.82873 Case2_F122_NNE 13
INLINE-  2147483647 2147483647    514328.84375   6251729.50000     10087.92057 Case2_F122_NNE 13
INLINE-  2147483647 2147483647    514336.40625   6251763.50000      9217.86805 Case2_F122_NNE 14
INLINE-  2147483647 2147483647    514336.53125   6251763.50000      9579.82873 Case2_F122_NNE 14
INLINE-  2147483647 2147483647    514339.43750   6251763.00000     10087.92057 Case2_F122_NNE 14
