INLINE-  2147483647 2147483647    515530.62500   6248181.50000      8782.36717 Case1_F086_NS 1
INLINE-  2147483647 2147483647    515477.21875   6248140.50000      9132.38838 Case1_F086_NS 1
INLINE-  2147483647 2147483647    515303.87500   6248008.00000      9756.40916 Case1_F086_NS 1
INLINE-  2147483647 2147483647    515257.90625   6247972.50000      9923.68977 Case1_F086_NS 1
INLINE-  2147483647 2147483647    515223.78125   6247946.50000     10047.42049 Case1_F086_NS 1
INLINE-  2147483647 2147483647    515196.06250   6247925.50000     10186.11998 Case1_F086_NS 1
INLINE-  2147483647 2147483647    515569.28125   6248132.50000      8791.64747 Case1_F086_NS 2
INLINE-  2147483647 2147483647    515488.68750   6248070.50000      9248.25873 Case1_F086_NS 2
INLINE-  2147483647 2147483647    515373.21875   6247982.50000      9674.63947 Case1_F086_NS 2
INLINE-  2147483647 2147483647    515316.53125   6247939.00000      9888.93970 Case1_F086_NS 2
INLINE-  2147483647 2147483647    515252.81250   6247890.00000     10092.72038 Case1_F086_NS 2
INLINE-  2147483647 2147483647    515196.03125   6247846.50000     10348.92109 Case1_F086_NS 2
INLINE-  2147483647 2147483647    515143.81250   6247806.50000     10609.32102 Case1_F086_NS 2
INLINE-  2147483647 2147483647    515597.96875   6248091.50000      8802.39749 Case1_F086_NS 3
INLINE-  2147483647 2147483647    515545.56250   6248051.00000      9132.38838 Case1_F086_NS 3
INLINE-  2147483647 2147483647    515377.90625   6247923.00000      9791.51958 Case1_F086_NS 3
INLINE-  2147483647 2147483647    515308.50000   6247870.00000     10021.52004 Case1_F086_NS 3
INLINE-  2147483647 2147483647    515241.90625   6247819.00000     10271.22074 Case1_F086_NS 3
INLINE-  2147483647 2147483647    515183.03125   6247774.00000     10602.02120 Case1_F086_NS 3
INLINE-  2147483647 2147483647    515625.71875   6248034.00000      8819.80768 Case1_F086_NS 4
INLINE-  2147483647 2147483647    515562.40625   6247985.50000      9184.08868 Case1_F086_NS 4
INLINE-  2147483647 2147483647    515481.87500   6247924.00000      9534.09915 Case1_F086_NS 4
INLINE-  2147483647 2147483647    515379.25000   6247845.50000      9874.23948 Case1_F086_NS 4
INLINE-  2147483647 2147483647    515319.96875   6247800.00000     10075.02015 Case1_F086_NS 4
INLINE-  2147483647 2147483647    515258.25000   6247752.50000     10392.82059 Case1_F086_NS 4
INLINE-  2147483647 2147483647    515169.18750   6247684.50000     10906.22201 Case1_F086_NS 4
INLINE-  2147483647 2147483647    515653.78125   6247976.50000      8834.34775 Case1_F086_NS 5
INLINE-  2147483647 2147483647    515551.93750   6247898.50000      9391.50902 Case1_F086_NS 5
INLINE-  2147483647 2147483647    515494.25000   6247854.50000      9627.59933 Case1_F086_NS 5
INLINE-  2147483647 2147483647    515453.84375   6247823.50000      9791.51958 Case1_F086_NS 5
INLINE-  2147483647 2147483647    515367.00000   6247757.00000     10086.72037 Case1_F086_NS 5
INLINE-  2147483647 2147483647    515284.50000   6247694.00000     10518.92143 Case1_F086_NS 5
INLINE-  2147483647 2147483647    515199.34375   6247629.00000     10963.12154 Case1_F086_NS 5
INLINE-  2147483647 2147483647    515691.25000   6247926.50000      8837.96787 Case1_F086_NS 6
INLINE-  2147483647 2147483647    515628.40625   6247878.50000      9190.41877 Case1_F086_NS 6
INLINE-  2147483647 2147483647    515555.96875   6247823.00000      9534.82864 Case1_F086_NS 6
INLINE-  2147483647 2147483647    515473.25000   6247760.00000      9870.25997 Case1_F086_NS 6
INLINE-  2147483647 2147483647    515403.18750   6247706.00000     10109.32002 Case1_F086_NS 6
INLINE-  2147483647 2147483647    515335.18750   6247654.00000     10492.12059 Case1_F086_NS 6
INLINE-  2147483647 2147483647    515262.53125   6247598.50000     10882.92216 Case1_F086_NS 6
INLINE-  2147483647 2147483647    515729.71875   6247877.50000      8834.34775 Case1_F086_NS 7
INLINE-  2147483647 2147483647    515627.87500   6247799.50000      9391.50902 Case1_F086_NS 7
INLINE-  2147483647 2147483647    515570.21875   6247755.50000      9627.59933 Case1_F086_NS 7
INLINE-  2147483647 2147483647    515501.90625   6247703.00000      9871.35959 Case1_F086_NS 7
INLINE-  2147483647 2147483647    515436.90625   6247653.50000     10138.72047 Case1_F086_NS 7
INLINE-  2147483647 2147483647    515373.96875   6247605.00000     10515.82084 Case1_F086_NS 7
INLINE-  2147483647 2147483647    515310.53125   6247556.50000     10939.32168 Case1_F086_NS 7
INLINE-  2147483647 2147483647    515749.15625   6247845.00000      8809.14750 Case1_F086_NS 8
INLINE-  2147483647 2147483647    515656.31250   6247774.00000      9365.41912 Case1_F086_NS 8
INLINE-  2147483647 2147483647    515565.90625   6247705.00000      9711.70985 Case1_F086_NS 8
INLINE-  2147483647 2147483647    515515.65625   6247666.50000      9912.14971 Case1_F086_NS 8
INLINE-  2147483647 2147483647    515464.43750   6247627.00000     10104.11982 Case1_F086_NS 8
INLINE-  2147483647 2147483647    515423.75000   6247596.00000     10325.82046 Case1_F086_NS 8
INLINE-  2147483647 2147483647    515333.59375   6247527.00000     10933.92226 Case1_F086_NS 8
INLINE-  2147483647 2147483647    515787.12500   6247795.50000      8800.99807 Case1_F086_NS 9
INLINE-  2147483647 2147483647    515694.50000   6247724.50000      9313.54890 Case1_F086_NS 9
INLINE-  2147483647 2147483647    515630.46875   6247675.50000      9608.03875 Case1_F086_NS 9
INLINE-  2147483647 2147483647    515565.15625   6247625.50000      9867.84981 Case1_F086_NS 9
INLINE-  2147483647 2147483647    515502.71875   6247578.00000     10133.82007 Case1_F086_NS 9
INLINE-  2147483647 2147483647    515455.15625   6247541.50000     10402.02080 Case1_F086_NS 9
INLINE-  2147483647 2147483647    515387.96875   6247490.00000     10861.62133 Case1_F086_NS 9
INLINE-  2147483647 2147483647    515818.84375   6247741.00000      8813.73735 Case1_F086_NS 10
INLINE-  2147483647 2147483647    515734.46875   6247676.50000      9287.77834 Case1_F086_NS 10
INLINE-  2147483647 2147483647    515662.90625   6247621.50000      9617.90888 Case1_F086_NS 10
INLINE-  2147483647 2147483647    515599.84375   6247573.50000      9910.01982 Case1_F086_NS 10
INLINE-  2147483647 2147483647    515536.62500   6247525.00000     10156.11992 Case1_F086_NS 10
INLINE-  2147483647 2147483647    515483.71875   6247484.50000     10439.92127 Case1_F086_NS 10
INLINE-  2147483647 2147483647    515419.87500   6247435.50000     10819.82144 Case1_F086_NS 10
INLINE-  2147483647 2147483647    515845.31250   6247714.00000      8761.42768 Case1_F086_NS 11
INLINE-  2147483647 2147483647    515766.09375   6247653.50000      9226.86806 Case1_F086_NS 11
INLINE-  2147483647 2147483647    515704.75000   6247606.50000      9562.12948 Case1_F086_NS 11
INLINE-  2147483647 2147483647    515640.40625   6247557.50000      9816.17979 Case1_F086_NS 11
INLINE-  2147483647 2147483647    515566.46875   6247500.50000     10147.52030 Case1_F086_NS 11
INLINE-  2147483647 2147483647    515520.00000   6247465.00000     10371.32055 Case1_F086_NS 11
INLINE-  2147483647 2147483647    515441.18750   6247405.00000     10823.62126 Case1_F086_NS 11
INLINE-  2147483647 2147483647    515859.00000   6247693.00000      8742.22745 Case1_F086_NS 12
INLINE-  2147483647 2147483647    515804.21875   6247651.00000      9082.98789 Case1_F086_NS 12
INLINE-  2147483647 2147483647    515744.56250   6247605.50000      9420.43876 Case1_F086_NS 12
INLINE-  2147483647 2147483647    515676.06250   6247553.00000      9740.00971 Case1_F086_NS 12
INLINE-  2147483647 2147483647    515628.00000   6247516.50000      9945.68005 Case1_F086_NS 12
INLINE-  2147483647 2147483647    515564.37500   6247467.50000     10235.02047 Case1_F086_NS 12
INLINE-  2147483647 2147483647    515503.90625   6247421.50000     10572.62075 Case1_F086_NS 12
INLINE-  2147483647 2147483647    515461.03125   6247388.50000     10843.92208 Case1_F086_NS 12
INLINE-  2147483647 2147483647    515877.53125   6247660.00000      8733.79774 Case1_F086_NS 13
INLINE-  2147483647 2147483647    515801.00000   6247601.50000      9216.74890 Case1_F086_NS 13
INLINE-  2147483647 2147483647    515744.21875   6247558.00000      9513.52879 Case1_F086_NS 13
INLINE-  2147483647 2147483647    515693.18750   6247519.00000      9766.86914 Case1_F086_NS 13
INLINE-  2147483647 2147483647    515650.78125   6247486.50000      9960.18008 Case1_F086_NS 13
INLINE-  2147483647 2147483647    515593.40625   6247442.50000     10193.12000 Case1_F086_NS 13
INLINE-  2147483647 2147483647    515547.34375   6247407.50000     10439.62049 Case1_F086_NS 13
INLINE-  2147483647 2147483647    515489.00000   6247362.50000     10792.62119 Case1_F086_NS 13
INLINE-  2147483647 2147483647    515896.53125   6247596.00000      8754.48724 Case1_F086_NS 14
INLINE-  2147483647 2147483647    515826.15625   6247542.00000      9178.21855 Case1_F086_NS 14
INLINE-  2147483647 2147483647    515768.78125   6247498.00000      9509.56882 Case1_F086_NS 14
INLINE-  2147483647 2147483647    515722.40625   6247462.50000      9748.89938 Case1_F086_NS 14
INLINE-  2147483647 2147483647    515690.75000   6247438.50000      9899.42996 Case1_F086_NS 14
INLINE-  2147483647 2147483647    515635.56250   6247396.00000     10169.32014 Case1_F086_NS 14
INLINE-  2147483647 2147483647    515586.90625   6247359.00000     10430.72106 Case1_F086_NS 14
INLINE-  2147483647 2147483647    515521.90625   6247309.00000     10892.12139 Case1_F086_NS 14
INLINE-  2147483647 2147483647    515897.37500   6247518.00000      8790.54785 Case1_F086_NS 15
INLINE-  2147483647 2147483647    515858.37500   6247488.00000      9107.70865 Case1_F086_NS 15
INLINE-  2147483647 2147483647    515797.90625   6247442.00000      9468.11855 Case1_F086_NS 15
INLINE-  2147483647 2147483647    515759.09375   6247412.00000      9688.26938 Case1_F086_NS 15
INLINE-  2147483647 2147483647    515728.34375   6247388.50000      9845.32926 Case1_F086_NS 15
INLINE-  2147483647 2147483647    515674.62500   6247347.50000     10124.92064 Case1_F086_NS 15
INLINE-  2147483647 2147483647    515630.93750   6247314.00000     10440.82069 Case1_F086_NS 15
INLINE-  2147483647 2147483647    515577.75000   6247273.50000     10852.02170 Case1_F086_NS 15
INLINE-  2147483647 2147483647    515909.56250   6247448.50000      8855.31752 Case1_F086_NS 16
INLINE-  2147483647 2147483647    515885.43750   6247430.00000      9096.82776 Case1_F086_NS 16
INLINE-  2147483647 2147483647    515846.62500   6247400.50000      9337.75891 Case1_F086_NS 16
INLINE-  2147483647 2147483647    515811.09375   6247373.00000      9548.19878 Case1_F086_NS 16
INLINE-  2147483647 2147483647    515769.68750   6247341.50000      9794.18951 Case1_F086_NS 16
INLINE-  2147483647 2147483647    515709.53125   6247295.50000     10117.52024 Case1_F086_NS 16
INLINE-  2147483647 2147483647    515667.93750   6247263.50000     10488.92137 Case1_F086_NS 16
INLINE-  2147483647 2147483647    515619.28125   6247226.50000     10891.52178 Case1_F086_NS 16
INLINE-  2147483647 2147483647    515943.84375   6247396.00000      8898.15744 Case1_F086_NS 17
INLINE-  2147483647 2147483647    515918.75000   6247377.00000      9088.27794 Case1_F086_NS 17
INLINE-  2147483647 2147483647    515852.93750   6247326.50000      9579.48889 Case1_F086_NS 17
INLINE-  2147483647 2147483647    515803.18750   6247288.50000      9803.30965 Case1_F086_NS 17
INLINE-  2147483647 2147483647    515741.75000   6247241.50000     10193.32019 Case1_F086_NS 17
INLINE-  2147483647 2147483647    515700.75000   6247210.00000     10518.72123 Case1_F086_NS 17
INLINE-  2147483647 2147483647    515662.84375   6247181.00000     10845.72189 Case1_F086_NS 17
INLINE-  2147483647 2147483647    515980.75000   6247345.50000      8849.44739 Case1_F086_NS 18
INLINE-  2147483647 2147483647    515956.53125   6247327.00000      9088.27794 Case1_F086_NS 18
INLINE-  2147483647 2147483647    515897.06250   6247281.50000      9514.81883 Case1_F086_NS 18
INLINE-  2147483647 2147483647    515848.12500   6247244.00000      9768.59962 Case1_F086_NS 18
INLINE-  2147483647 2147483647    515809.31250   6247214.50000     10002.42040 Case1_F086_NS 18
INLINE-  2147483647 2147483647    515781.62500   6247193.00000     10176.02035 Case1_F086_NS 18
INLINE-  2147483647 2147483647    515732.18750   6247155.50000     10534.62068 Case1_F086_NS 18
INLINE-  2147483647 2147483647    515704.78125   6247134.50000     10791.72178 Case1_F086_NS 18
INLINE-  2147483647 2147483647    516016.12500   6247294.00000      8813.13774 Case1_F086_NS 19
INLINE-  2147483647 2147483647    515980.21875   6247266.50000      9087.12853 Case1_F086_NS 19
INLINE-  2147483647 2147483647    515923.90625   6247223.50000      9486.01897 Case1_F086_NS 19
INLINE-  2147483647 2147483647    515846.00000   6247164.00000      9953.06971 Case1_F086_NS 19
INLINE-  2147483647 2147483647    515790.90625   6247121.50000     10390.62039 Case1_F086_NS 19
INLINE-  2147483647 2147483647    515749.50000   6247090.00000     10732.42186 Case1_F086_NS 19
