INLINE-  2147483647 2147483647    511427.37500   6254971.50000      9288.70358 Case2_F004_NS 1
INLINE-  2147483647 2147483647    511459.62500   6254996.00000      9491.35898 Case2_F004_NS 1
INLINE-  2147483647 2147483647    511515.93800   6255039.00000      9707.96642 Case2_F004_NS 1
INLINE-  2147483647 2147483647    511637.87500   6255132.50000      9975.04295 Case2_F004_NS 1
INLINE-  2147483647 2147483647    511756.03100   6255223.00000     10202.26340 Case2_F004_NS 1
INLINE-  2147483647 2147483647    511984.00000   6255397.50000     10469.74794 Case2_F004_NS 1
INLINE-  2147483647 2147483647    511372.53100   6255024.00000      9214.09843 Case2_F004_NS 2
INLINE-  2147483647 2147483647    511412.50000   6255054.50000      9440.27688 Case2_F004_NS 2
INLINE-  2147483647 2147483647    511504.43800   6255125.00000      9765.80853 Case2_F004_NS 2
INLINE-  2147483647 2147483647    511618.71900   6255212.50000     10005.62201 Case2_F004_NS 2
INLINE-  2147483647 2147483647    511784.21900   6255339.00000     10278.53056 Case2_F004_NS 2
INLINE-  2147483647 2147483647    511963.59400   6255476.00000     10487.56598 Case2_F004_NS 2
INLINE-  2147483647 2147483647    511317.75000   6255076.50000      9193.15939 Case2_F004_NS 3
INLINE-  2147483647 2147483647    511361.87500   6255110.00000      9430.96586 Case2_F004_NS 3
INLINE-  2147483647 2147483647    511418.06200   6255153.00000      9656.03531 Case2_F004_NS 3
INLINE-  2147483647 2147483647    511554.53100   6255257.50000      9960.40292 Case2_F004_NS 3
INLINE-  2147483647 2147483647    511749.09400   6255406.50000     10270.48754 Case2_F004_NS 3
INLINE-  2147483647 2147483647    511986.93800   6255588.50000     10511.02902 Case2_F004_NS 3
INLINE-  2147483647 2147483647    511242.96900   6255113.50000      9201.83040 Case2_F004_NS 4
INLINE-  2147483647 2147483647    511301.37500   6255158.50000      9444.64989 Case2_F004_NS 4
INLINE-  2147483647 2147483647    511369.96900   6255211.00000      9674.68635 Case2_F004_NS 4
INLINE-  2147483647 2147483647    511516.59400   6255323.00000      9980.31496 Case2_F004_NS 4
INLINE-  2147483647 2147483647    511694.18800   6255459.00000     10254.48651 Case2_F004_NS 4
INLINE-  2147483647 2147483647    511950.15600   6255655.00000     10513.01903 Case2_F004_NS 4
INLINE-  2147483647 2147483647    511196.50000   6255172.50000      9264.16653 Case2_F004_NS 5
INLINE-  2147483647 2147483647    511318.90600   6255266.00000      9683.82637 Case2_F004_NS 5
INLINE-  2147483647 2147483647    511473.18800   6255384.00000      9983.23497 Case2_F004_NS 5
INLINE-  2147483647 2147483647    511652.06200   6255521.00000     10271.34854 Case2_F004_NS 5
INLINE-  2147483647 2147483647    511897.37500   6255709.00000     10511.88802 Case2_F004_NS 5
INLINE-  2147483647 2147483647    511133.46900   6255218.50000      9268.57954 Case2_F004_NS 6
INLINE-  2147483647 2147483647    511217.59400   6255283.00000      9567.33913 Case2_F004_NS 6
INLINE-  2147483647 2147483647    511375.78100   6255404.00000      9918.54084 Case2_F004_NS 6
INLINE-  2147483647 2147483647    511591.90600   6255569.50000     10270.55854 Case2_F004_NS 6
INLINE-  2147483647 2147483647    511876.40600   6255787.00000     10529.60306 Case2_F004_NS 6
INLINE-  2147483647 2147483647    511063.87500   6255260.00000      9264.56653 Case2_F004_NS 7
INLINE-  2147483647 2147483647    511138.84400   6255317.00000      9552.84811 Case2_F004_NS 7
INLINE-  2147483647 2147483647    511343.87500   6255474.00000      9964.35793 Case2_F004_NS 7
INLINE-  2147483647 2147483647    511534.59400   6255620.00000     10292.37858 Case2_F004_NS 7
INLINE-  2147483647 2147483647    511792.15600   6255817.00000     10516.18303 Case2_F004_NS 7
INLINE-  2147483647 2147483647    510984.65600   6255293.50000      9226.95645 Case2_F004_NS 8
INLINE-  2147483647 2147483647    511084.37500   6255370.00000      9570.60314 Case2_F004_NS 8
INLINE-  2147483647 2147483647    511266.96900   6255509.50000      9944.01589 Case2_F004_NS 8
INLINE-  2147483647 2147483647    511476.50000   6255670.00000     10284.32757 Case2_F004_NS 8
INLINE-  2147483647 2147483647    511729.84400   6255864.00000     10534.48407 Case2_F004_NS 8
INLINE-  2147483647 2147483647    510924.31200   6255342.00000      9249.46850 Case2_F004_NS 9
INLINE-  2147483647 2147483647    511021.00000   6255416.00000      9579.45716 Case2_F004_NS 9
INLINE-  2147483647 2147483647    511180.31200   6255538.00000      9905.60181 Case2_F004_NS 9
INLINE-  2147483647 2147483647    511349.21900   6255667.00000     10199.86440 Case2_F004_NS 9
INLINE-  2147483647 2147483647    511651.62500   6255898.50000     10524.79305 Case2_F004_NS 9
INLINE-  2147483647 2147483647    510857.65600   6255401.00000      9236.97147 Case2_F004_NS 10
INLINE-  2147483647 2147483647    510928.53100   6255455.50000      9528.35906 Case2_F004_NS 10
INLINE-  2147483647 2147483647    511039.87500   6255540.50000      9786.86957 Case2_F004_NS 10
INLINE-  2147483647 2147483647    511134.56200   6255613.00000      9984.52697 Case2_F004_NS 10
INLINE-  2147483647 2147483647    511286.96900   6255729.50000     10231.36346 Case2_F004_NS 10
INLINE-  2147483647 2147483647    511560.37500   6255939.00000     10526.57805 Case2_F004_NS 10
INLINE-  2147483647 2147483647    510794.31200   6255447.00000      9216.70543 Case2_F004_NS 11
INLINE-  2147483647 2147483647    510889.25000   6255519.50000      9610.33722 Case2_F004_NS 11
INLINE-  2147483647 2147483647    511035.65600   6255631.50000      9942.20188 Case2_F004_NS 11
INLINE-  2147483647 2147483647    511191.12500   6255750.50000     10214.46943 Case2_F004_NS 11
INLINE-  2147483647 2147483647    511440.12500   6255941.00000     10489.26298 Case2_F004_NS 11
INLINE-  2147483647 2147483647    510725.65600   6255489.00000      9203.51841 Case2_F004_NS 12
INLINE-  2147483647 2147483647    510769.81200   6255522.50000      9426.90185 Case2_F004_NS 12
INLINE-  2147483647 2147483647    510825.37500   6255565.00000      9637.30827 Case2_F004_NS 12
INLINE-  2147483647 2147483647    510921.65600   6255639.00000      9890.53878 Case2_F004_NS 12
INLINE-  2147483647 2147483647    510989.75000   6255691.00000     10016.92003 Case2_F004_NS 12
INLINE-  2147483647 2147483647    511135.21900   6255802.50000     10232.09446 Case2_F004_NS 12
INLINE-  2147483647 2147483647    511404.31200   6256008.00000     10547.33509 Case2_F004_NS 12
INLINE-  2147483647 2147483647    510665.06200   6255521.00000      9226.97745 Case2_F004_NS 13
INLINE-  2147483647 2147483647    510733.03100   6255573.00000      9551.81110 Case2_F004_NS 13
INLINE-  2147483647 2147483647    510845.56200   6255659.50000      9883.23077 Case2_F004_NS 13
INLINE-  2147483647 2147483647    510923.53100   6255719.00000     10047.75610 Case2_F004_NS 13
INLINE-  2147483647 2147483647    511095.50000   6255850.50000     10299.53860 Case2_F004_NS 13
INLINE-  2147483647 2147483647    511364.40600   6256056.50000     10552.90811 Case2_F004_NS 13
INLINE-  2147483647 2147483647    510577.15600   6255548.50000      9320.12064 Case2_F004_NS 14
INLINE-  2147483647 2147483647    510621.65600   6255582.50000      9496.25399 Case2_F004_NS 14
INLINE-  2147483647 2147483647    510671.65600   6255620.50000      9665.66533 Case2_F004_NS 14
INLINE-  2147483647 2147483647    510757.31200   6255686.00000      9861.12372 Case2_F004_NS 14
INLINE-  2147483647 2147483647    510838.46900   6255748.50000     10030.61506 Case2_F004_NS 14
INLINE-  2147483647 2147483647    510997.31200   6255870.00000     10287.17857 Case2_F004_NS 14
INLINE-  2147483647 2147483647    511318.81200   6256116.00000     10552.90811 Case2_F004_NS 14
INLINE-  2147483647 2147483647    510505.43800   6255588.00000      9368.24074 Case2_F004_NS 15
INLINE-  2147483647 2147483647    510590.40600   6255653.00000      9657.11331 Case2_F004_NS 15
INLINE-  2147483647 2147483647    510685.78100   6255726.00000      9898.78580 Case2_F004_NS 15
INLINE-  2147483647 2147483647    510773.18800   6255792.50000     10071.08914 Case2_F004_NS 15
INLINE-  2147483647 2147483647    510930.62500   6255913.00000     10316.90763 Case2_F004_NS 15
INLINE-  2147483647 2147483647    511273.25000   6256175.50000     10552.90811 Case2_F004_NS 15
INLINE-  2147483647 2147483647    510452.71900   6255626.00000      9414.54983 Case2_F004_NS 16
INLINE-  2147483647 2147483647    510550.65600   6255701.00000      9744.72549 Case2_F004_NS 16
INLINE-  2147483647 2147483647    510636.25000   6255766.50000      9925.19385 Case2_F004_NS 16
INLINE-  2147483647 2147483647    510748.71900   6255852.50000     10130.14626 Case2_F004_NS 16
INLINE-  2147483647 2147483647    510884.84400   6255957.00000     10333.10667 Case2_F004_NS 16
INLINE-  2147483647 2147483647    511044.21900   6256079.00000     10463.17693 Case2_F004_NS 16
INLINE-  2147483647 2147483647    511127.00000   6256142.00000     10514.42503 Case2_F004_NS 16
INLINE-  2147483647 2147483647    511210.81200   6256206.50000     10559.03712 Case2_F004_NS 16
INLINE-  2147483647 2147483647    510393.62500   6255675.50000      9466.70093 Case2_F004_NS 17
INLINE-  2147483647 2147483647    510504.56200   6255760.50000      9761.38852 Case2_F004_NS 17
INLINE-  2147483647 2147483647    510587.43800   6255823.50000      9961.94192 Case2_F004_NS 17
INLINE-  2147483647 2147483647    510686.87500   6255900.00000     10141.93228 Case2_F004_NS 17
INLINE-  2147483647 2147483647    510839.25000   6256016.50000     10357.51072 Case2_F004_NS 17
INLINE-  2147483647 2147483647    511137.90600   6256245.00000     10582.96617 Case2_F004_NS 17
INLINE-  2147483647 2147483647    510353.65600   6255723.50000      9530.41506 Case2_F004_NS 18
INLINE-  2147483647 2147483647    510450.18800   6255797.50000      9764.55553 Case2_F004_NS 18
INLINE-  2147483647 2147483647    510567.84400   6255887.50000     10021.52504 Case2_F004_NS 18
INLINE-  2147483647 2147483647    510668.37500   6255964.50000     10202.26340 Case2_F004_NS 18
INLINE-  2147483647 2147483647    510778.75000   6256049.00000     10353.85371 Case2_F004_NS 18
INLINE-  2147483647 2147483647    511112.81200   6256304.50000     10572.93415 Case2_F004_NS 18
INLINE-  2147483647 2147483647    510323.18800   6255779.00000      9578.00916 Case2_F004_NS 19
INLINE-  2147483647 2147483647    510513.81200   6255924.50000     10043.83609 Case2_F004_NS 19
INLINE-  2147483647 2147483647    510731.43800   6256091.50000     10358.92172 Case2_F004_NS 19
INLINE-  2147483647 2147483647    511071.18800   6256351.50000     10550.54210 Case2_F004_NS 19
INLINE-  2147483647 2147483647    510292.18800   6255834.00000      9621.41724 Case2_F004_NS 20
INLINE-  2147483647 2147483647    510475.84400   6255974.50000     10043.83609 Case2_F004_NS 20
INLINE-  2147483647 2147483647    510698.28100   6256144.50000     10362.62173 Case2_F004_NS 20
INLINE-  2147483647 2147483647    511041.34400   6256407.00000     10525.63805 Case2_F004_NS 20
