INLINE-  2147483647 2147483647    515385.78100   6247425.50000      9165.68833 Case1_F087_NS 1
INLINE-  2147483647 2147483647    515363.62500   6247408.50000      9377.38975 Case1_F087_NS 1
INLINE-  2147483647 2147483647    515290.03100   6247352.00000      9808.70162 Case1_F087_NS 1
INLINE-  2147483647 2147483647    515163.18800   6247255.00000     10314.32063 Case1_F087_NS 1
INLINE-  2147483647 2147483647    515434.96900   6247384.50000      9186.59837 Case1_F087_NS 2
INLINE-  2147483647 2147483647    515405.87500   6247362.00000      9407.07681 Case1_F087_NS 2
INLINE-  2147483647 2147483647    515328.00000   6247302.50000      9808.70162 Case1_F087_NS 2
INLINE-  2147483647 2147483647    515201.15600   6247205.50000     10314.32063 Case1_F087_NS 2
INLINE-  2147483647 2147483647    515505.18800   6247359.50000      9140.09828 Case1_F087_NS 3
INLINE-  2147483647 2147483647    515460.62500   6247325.50000      9389.27678 Case1_F087_NS 3
INLINE-  2147483647 2147483647    515369.25000   6247255.50000      9837.08967 Case1_F087_NS 3
INLINE-  2147483647 2147483647    515239.15600   6247156.00000     10314.32063 Case1_F087_NS 3
INLINE-  2147483647 2147483647    515577.31200   6247336.00000      9098.03920 Case1_F087_NS 4
INLINE-  2147483647 2147483647    515529.28100   6247299.00000      9355.20971 Case1_F087_NS 4
INLINE-  2147483647 2147483647    515425.43800   6247219.50000      9793.91959 Case1_F087_NS 4
INLINE-  2147483647 2147483647    515277.12500   6247106.00000     10314.32063 Case1_F087_NS 4
INLINE-  2147483647 2147483647    515644.96900   6247309.00000      9081.37916 Case1_F087_NS 5
INLINE-  2147483647 2147483647    515541.68800   6247230.00000      9503.33601 Case1_F087_NS 5
INLINE-  2147483647 2147483647    515430.62500   6247145.00000      9917.27183 Case1_F087_NS 5
INLINE-  2147483647 2147483647    515313.90600   6247055.50000     10324.93065 Case1_F087_NS 5
INLINE-  2147483647 2147483647    515690.68800   6247265.50000      9081.84216 Case1_F087_NS 6
INLINE-  2147483647 2147483647    515618.87500   6247210.50000      9357.26471 Case1_F087_NS 6
INLINE-  2147483647 2147483647    515501.37500   6247120.50000      9793.91959 Case1_F087_NS 6
INLINE-  2147483647 2147483647    515353.06200   6247007.00000     10314.32063 Case1_F087_NS 6
INLINE-  2147483647 2147483647    515737.59400   6247222.50000      9002.30800 Case1_F087_NS 7
INLINE-  2147483647 2147483647    515686.53100   6247183.50000      9183.31637 Case1_F087_NS 7
INLINE-  2147483647 2147483647    515545.71900   6247075.50000      9729.52146 Case1_F087_NS 7
INLINE-  2147483647 2147483647    515400.93800   6246965.00000     10225.62545 Case1_F087_NS 7
INLINE-  2147483647 2147483647    515758.62500   6247160.00000      8918.84784 Case1_F087_NS 8
INLINE-  2147483647 2147483647    515672.46900   6247094.00000      9366.03373 Case1_F087_NS 8
INLINE-  2147483647 2147483647    515542.75000   6246994.50000      9815.27863 Case1_F087_NS 8
INLINE-  2147483647 2147483647    515399.09400   6246885.00000     10246.91649 Case1_F087_NS 8
INLINE-  2147483647 2147483647    515794.25000   6247108.50000      8826.31665 Case1_F087_NS 9
INLINE-  2147483647 2147483647    515718.93800   6247051.00000      9213.19843 Case1_F087_NS 9
INLINE-  2147483647 2147483647    515581.31200   6246945.50000      9752.25950 Case1_F087_NS 9
INLINE-  2147483647 2147483647    515392.93800   6246801.50000     10278.21556 Case1_F087_NS 9
INLINE-  2147483647 2147483647    515811.78100   6247043.00000      8827.38965 Case1_F087_NS 10
INLINE-  2147483647 2147483647    515698.46900   6246956.50000      9321.01864 Case1_F087_NS 10
INLINE-  2147483647 2147483647    515563.18800   6246853.00000      9792.10158 Case1_F087_NS 10
INLINE-  2147483647 2147483647    515410.62500   6246736.00000     10241.29348 Case1_F087_NS 10
INLINE-  2147483647 2147483647    515827.28100   6246976.50000      8848.51770 Case1_F087_NS 11
INLINE-  2147483647 2147483647    515724.90600   6246898.00000      9237.61848 Case1_F087_NS 11
INLINE-  2147483647 2147483647    515568.21900   6246778.00000      9750.96950 Case1_F087_NS 11
INLINE-  2147483647 2147483647    515436.37500   6246677.00000     10189.31338 Case1_F087_NS 11
INLINE-  2147483647 2147483647    515821.96900   6246893.50000      8862.49072 Case1_F087_NS 12
INLINE-  2147483647 2147483647    515710.06200   6246808.00000      9302.46160 Case1_F087_NS 12
INLINE-  2147483647 2147483647    515591.34400   6246717.00000      9734.83747 Case1_F087_NS 12
INLINE-  2147483647 2147483647    515471.21900   6246625.00000     10166.06033 Case1_F087_NS 12
INLINE-  2147483647 2147483647    515821.50000   6246814.50000      8873.17975 Case1_F087_NS 13
INLINE-  2147483647 2147483647    515731.90600   6246746.00000      9262.85853 Case1_F087_NS 13
INLINE-  2147483647 2147483647    515622.75000   6246662.50000      9714.84943 Case1_F087_NS 13
INLINE-  2147483647 2147483647    515508.81200   6246575.50000     10156.46831 Case1_F087_NS 13
INLINE-  2147483647 2147483647    515857.62500   6246763.50000      8868.96274 Case1_F087_NS 14
INLINE-  2147483647 2147483647    515759.50000   6246688.50000      9310.06462 Case1_F087_NS 14
INLINE-  2147483647 2147483647    515646.90600   6246602.50000      9736.72647 Case1_F087_NS 14
INLINE-  2147483647 2147483647    515542.03100   6246522.00000     10171.52734 Case1_F087_NS 14
INLINE-  2147483647 2147483647    515897.59400   6246715.50000      8869.39774 Case1_F087_NS 15
INLINE-  2147483647 2147483647    515811.34400   6246649.50000      9271.80854 Case1_F087_NS 15
INLINE-  2147483647 2147483647    515688.40600   6246555.50000      9699.88940 Case1_F087_NS 15
INLINE-  2147483647 2147483647    515582.21900   6246474.00000     10176.74935 Case1_F087_NS 15
INLINE-  2147483647 2147483647    515926.43800   6246659.00000      8892.13278 Case1_F087_NS 16
INLINE-  2147483647 2147483647    515832.03100   6246586.50000      9325.02765 Case1_F087_NS 16
INLINE-  2147483647 2147483647    515716.43800   6246498.00000      9736.65247 Case1_F087_NS 16
INLINE-  2147483647 2147483647    515620.96900   6246425.00000     10132.20826 Case1_F087_NS 16
INLINE-  2147483647 2147483647    515954.46900   6246601.50000      8919.86784 Case1_F087_NS 17
INLINE-  2147483647 2147483647    515875.87500   6246541.50000      9283.24857 Case1_F087_NS 17
INLINE-  2147483647 2147483647    515764.31200   6246456.00000      9699.88940 Case1_F087_NS 17
INLINE-  2147483647 2147483647    515661.00000   6246377.00000     10144.18429 Case1_F087_NS 17
INLINE-  2147483647 2147483647    515989.12500   6246549.50000      8951.56890 Case1_F087_NS 18
INLINE-  2147483647 2147483647    515893.09400   6246476.00000      9355.75871 Case1_F087_NS 18
INLINE-  2147483647 2147483647    515789.09400   6246396.50000      9752.07050 Case1_F087_NS 18
INLINE-  2147483647 2147483647    515695.06200   6246324.50000     10154.21231 Case1_F087_NS 18
INLINE-  2147483647 2147483647    516020.37500   6246494.50000      8999.11800 Case1_F087_NS 19
INLINE-  2147483647 2147483647    515951.43800   6246442.00000      9274.31855 Case1_F087_NS 19
INLINE-  2147483647 2147483647    515830.87500   6246349.50000      9736.47947 Case1_F087_NS 19
INLINE-  2147483647 2147483647    515736.90600   6246277.50000     10143.06029 Case1_F087_NS 19
INLINE-  2147483647 2147483647    516027.93800   6246422.00000      9120.13324 Case1_F087_NS 20
INLINE-  2147483647 2147483647    515945.68800   6246359.00000      9448.16290 Case1_F087_NS 20
INLINE-  2147483647 2147483647    515858.96900   6246292.50000      9771.56454 Case1_F087_NS 20
INLINE-  2147483647 2147483647    515781.50000   6246233.00000     10117.13623 Case1_F087_NS 20
INLINE-  2147483647 2147483647    516035.50000   6246349.00000      9237.26847 Case1_F087_NS 21
INLINE-  2147483647 2147483647    515974.25000   6246302.00000      9491.25898 Case1_F087_NS 21
INLINE-  2147483647 2147483647    515906.87500   6246250.50000      9736.47947 Case1_F087_NS 21
INLINE-  2147483647 2147483647    515817.87500   6246182.50000     10089.43718 Case1_F087_NS 21
INLINE-  2147483647 2147483647    516070.28100   6246297.00000      9249.63750 Case1_F087_NS 22
INLINE-  2147483647 2147483647    516000.18800   6246243.00000      9541.99508 Case1_F087_NS 22
INLINE-  2147483647 2147483647    515928.34400   6246188.00000      9832.39866 Case1_F087_NS 22
INLINE-  2147483647 2147483647    515852.15600   6246130.00000     10144.98529 Case1_F087_NS 22
INLINE-  2147483647 2147483647    516111.31200   6246249.50000      9237.26847 Case1_F087_NS 23
INLINE-  2147483647 2147483647    516050.31200   6246203.00000      9491.25898 Case1_F087_NS 23
INLINE-  2147483647 2147483647    515984.96900   6246153.00000      9789.19958 Case1_F087_NS 23
INLINE-  2147483647 2147483647    515888.12500   6246078.50000     10182.16136 Case1_F087_NS 23
INLINE-  2147483647 2147483647    516149.59400   6246200.00000      9236.23947 Case1_F087_NS 24
INLINE-  2147483647 2147483647    516076.40600   6246144.00000      9557.29711 Case1_F087_NS 24
INLINE-  2147483647 2147483647    516002.43800   6246087.50000      9877.55276 Case1_F087_NS 24
INLINE-  2147483647 2147483647    515924.56200   6246028.00000     10194.13139 Case1_F087_NS 24
INLINE-  2147483647 2147483647    516187.31200   6246150.50000      9237.26847 Case1_F087_NS 25
INLINE-  2147483647 2147483647    516121.53100   6246100.00000      9539.47908 Case1_F087_NS 25
INLINE-  2147483647 2147483647    516060.96900   6246053.50000      9789.19958 Case1_F087_NS 25
INLINE-  2147483647 2147483647    515968.46900   6245983.00000     10176.12035 Case1_F087_NS 25
INLINE-  2147483647 2147483647    516194.90600   6246140.50000      9237.26847 Case1_F087_NS 26
INLINE-  2147483647 2147483647    516129.12500   6246090.00000      9539.47908 Case1_F087_NS 26
INLINE-  2147483647 2147483647    516068.56200   6246043.50000      9789.19958 Case1_F087_NS 26
INLINE-  2147483647 2147483647    515976.09400   6245973.00000     10176.12035 Case1_F087_NS 26
