INLINE-  2147483647 2147483647    516967.43800   6252790.50000     13493.33299 Case2_F135_NS 1
INLINE-  2147483647 2147483647    516808.43800   6252668.50000     12652.12430 Case2_F135_NS 1
INLINE-  2147483647 2147483647    516662.87500   6252557.50000     11801.74960 Case2_F135_NS 1
INLINE-  2147483647 2147483647    516577.65600   6252492.00000     11004.65601 Case2_F135_NS 1
INLINE-  2147483647 2147483647    516545.28100   6252467.50000     10724.43345 Case2_F135_NS 1
INLINE-  2147483647 2147483647    516506.03100   6252437.50000     10277.71156 Case2_F135_NS 1
INLINE-  2147483647 2147483647    517203.59400   6252688.00000     14372.12174 Case2_F135_NS 2
INLINE-  2147483647 2147483647    517067.03100   6252583.50000     13571.22314 Case2_F135_NS 2
INLINE-  2147483647 2147483647    516908.06200   6252461.50000     12616.74623 Case2_F135_NS 2
INLINE-  2147483647 2147483647    516799.59400   6252378.50000     11801.74960 Case2_F135_NS 2
INLINE-  2147483647 2147483647    516714.37500   6252313.50000     11004.65601 Case2_F135_NS 2
INLINE-  2147483647 2147483647    516694.09400   6252298.00000     10680.62036 Case2_F135_NS 2
INLINE-  2147483647 2147483647    516657.65600   6252270.00000     10358.04372 Case2_F135_NS 2
INLINE-  2147483647 2147483647    517240.15600   6252574.00000     14316.09163 Case2_F135_NS 3
INLINE-  2147483647 2147483647    517136.87500   6252495.00000     13674.01135 Case2_F135_NS 3
INLINE-  2147483647 2147483647    517034.87500   6252417.00000     13031.09106 Case2_F135_NS 3
INLINE-  2147483647 2147483647    516940.03100   6252344.50000     12383.78877 Case2_F135_NS 3
INLINE-  2147483647 2147483647    516858.78100   6252282.50000     11728.92246 Case2_F135_NS 3
INLINE-  2147483647 2147483647    516785.00000   6252226.00000     11070.49414 Case2_F135_NS 3
INLINE-  2147483647 2147483647    516727.71900   6252182.00000     10405.62681 Case2_F135_NS 3
INLINE-  2147483647 2147483647    517274.21900   6252458.50000     14264.36553 Case2_F135_NS 4
INLINE-  2147483647 2147483647    517179.90600   6252386.50000     13635.41527 Case2_F135_NS 4
INLINE-  2147483647 2147483647    517087.59400   6252316.00000     13005.30701 Case2_F135_NS 4
INLINE-  2147483647 2147483647    517001.15600   6252249.50000     12371.81374 Case2_F135_NS 4
INLINE-  2147483647 2147483647    516924.75000   6252191.00000     11732.89947 Case2_F135_NS 4
INLINE-  2147483647 2147483647    516850.31200   6252134.00000     11093.06619 Case2_F135_NS 4
INLINE-  2147483647 2147483647    516796.25000   6252093.00000     10445.27289 Case2_F135_NS 4
INLINE-  2147483647 2147483647    517307.00000   6252342.00000     14217.10843 Case2_F135_NS 5
INLINE-  2147483647 2147483647    517221.03100   6252276.50000     13599.64320 Case2_F135_NS 5
INLINE-  2147483647 2147483647    517137.96900   6252212.50000     12980.59296 Case2_F135_NS 5
INLINE-  2147483647 2147483647    517059.81200   6252153.00000     12358.94072 Case2_F135_NS 5
INLINE-  2147483647 2147483647    516988.53100   6252098.50000     11733.90647 Case2_F135_NS 5
INLINE-  2147483647 2147483647    516914.43800   6252041.50000     11110.19222 Case2_F135_NS 5
INLINE-  2147483647 2147483647    516863.53100   6252002.50000     10477.29195 Case2_F135_NS 5
INLINE-  2147483647 2147483647    517327.18800   6252231.50000     14183.88937 Case2_F135_NS 6
INLINE-  2147483647 2147483647    517221.40600   6252150.50000     13345.94669 Case2_F135_NS 6
INLINE-  2147483647 2147483647    517120.90600   6252074.00000     12494.31299 Case2_F135_NS 6
INLINE-  2147483647 2147483647    517032.00000   6252006.00000     11674.10135 Case2_F135_NS 6
INLINE-  2147483647 2147483647    516977.56200   6251964.00000     11201.94440 Case2_F135_NS 6
INLINE-  2147483647 2147483647    516950.93800   6251943.50000     10956.08391 Case2_F135_NS 6
INLINE-  2147483647 2147483647    516919.15600   6251919.50000     10484.92497 Case2_F135_NS 6
INLINE-  2147483647 2147483647    517337.06200   6252113.50000     14209.76142 Case2_F135_NS 7
INLINE-  2147483647 2147483647    517251.50000   6252048.00000     13454.23991 Case2_F135_NS 7
INLINE-  2147483647 2147483647    517169.65600   6251985.00000     12697.02339 Case2_F135_NS 7
INLINE-  2147483647 2147483647    517093.00000   6251926.50000     11937.58688 Case2_F135_NS 7
INLINE-  2147483647 2147483647    517021.96900   6251872.00000     11176.17235 Case2_F135_NS 7
INLINE-  2147483647 2147483647    516967.75000   6251830.50000     10409.22582 Case2_F135_NS 7
INLINE-  2147483647 2147483647    517339.03100   6252004.50000     14205.13641 Case2_F135_NS 8
INLINE-  2147483647 2147483647    517252.87500   6251938.50000     13361.16172 Case2_F135_NS 8
INLINE-  2147483647 2147483647    517158.34400   6251866.50000     12399.79380 Case2_F135_NS 8
INLINE-  2147483647 2147483647    517072.53100   6251800.50000     11460.83092 Case2_F135_NS 8
INLINE-  2147483647 2147483647    517036.00000   6251773.00000     10909.63182 Case2_F135_NS 8
INLINE-  2147483647 2147483647    517000.87500   6251746.00000     10358.06072 Case2_F135_NS 8
INLINE-  2147483647 2147483647    517343.06200   6251850.50000     13950.59990 Case2_F135_NS 9
INLINE-  2147483647 2147483647    517272.21900   6251796.00000     13162.04832 Case2_F135_NS 9
INLINE-  2147483647 2147483647    517198.15600   6251739.50000     12374.72675 Case2_F135_NS 9
INLINE-  2147483647 2147483647    517100.65600   6251665.00000     11466.29093 Case2_F135_NS 9
INLINE-  2147483647 2147483647    517017.06200   6251601.00000     10510.37202 Case2_F135_NS 9
INLINE-  2147483647 2147483647    517406.78100   6251631.50000     13963.08293 Case2_F135_NS 10
INLINE-  2147483647 2147483647    517341.00000   6251581.50000     13182.70837 Case2_F135_NS 10
INLINE-  2147483647 2147483647    517273.75000   6251530.00000     12402.84481 Case2_F135_NS 10
INLINE-  2147483647 2147483647    517202.59400   6251475.50000     11475.44895 Case2_F135_NS 10
INLINE-  2147483647 2147483647    517126.96900   6251417.50000     10549.17210 Case2_F135_NS 10
INLINE-  2147483647 2147483647    517482.46900   6251500.50000     13990.59098 Case2_F135_NS 11
INLINE-  2147483647 2147483647    517364.90600   6251410.50000     12402.84481 Case2_F135_NS 11
INLINE-  2147483647 2147483647    517284.37500   6251349.00000     11433.46787 Case2_F135_NS 11
INLINE-  2147483647 2147483647    517217.15600   6251297.50000     10531.21306 Case2_F135_NS 11
INLINE-  2147483647 2147483647    517549.00000   6251362.50000     13935.82187 Case2_F135_NS 12
INLINE-  2147483647 2147483647    517437.21900   6251277.00000     12696.49039 Case2_F135_NS 12
INLINE-  2147483647 2147483647    517368.84400   6251225.00000     11964.34793 Case2_F135_NS 12
INLINE-  2147483647 2147483647    517326.31200   6251192.50000     11455.93291 Case2_F135_NS 12
INLINE-  2147483647 2147483647    517271.25000   6251150.00000     10559.56412 Case2_F135_NS 12
INLINE-  2147483647 2147483647    517526.50000   6251188.00000     13998.93600 Case2_F135_NS 13
INLINE-  2147483647 2147483647    517459.25000   6251136.50000     13195.84839 Case2_F135_NS 13
INLINE-  2147483647 2147483647    517396.43800   6251088.50000     12391.37278 Case2_F135_NS 13
INLINE-  2147483647 2147483647    517337.37500   6251043.50000     11422.22484 Case2_F135_NS 13
INLINE-  2147483647 2147483647    517303.21900   6251017.50000     10820.43964 Case2_F135_NS 13
INLINE-  2147483647 2147483647    517270.03100   6250992.00000     10218.42644 Case2_F135_NS 13
