INLINE-  2147483647 2147483647    512639.53100   6249274.00000     10317.93464 Case2_F159_EW 1
INLINE-  2147483647 2147483647    512655.56200   6249253.00000     10579.22116 Case2_F159_EW 1
INLINE-  2147483647 2147483647    512590.84400   6249276.00000     10305.10561 Case2_F159_EW 2
INLINE-  2147483647 2147483647    512620.65600   6249237.00000     10604.31621 Case2_F159_EW 2
INLINE-  2147483647 2147483647    512558.37500   6249256.50000     10306.10461 Case2_F159_EW 3
INLINE-  2147483647 2147483647    512572.71900   6249238.00000     10595.52019 Case2_F159_EW 3
INLINE-  2147483647 2147483647    512520.81200   6249244.00000     10297.12259 Case2_F159_EW 4
INLINE-  2147483647 2147483647    512540.59400   6249218.00000     10600.61620 Case2_F159_EW 4
INLINE-  2147483647 2147483647    512479.75000   6249215.50000     10320.44264 Case2_F159_EW 5
INLINE-  2147483647 2147483647    512494.56200   6249196.00000     10587.95718 Case2_F159_EW 5
INLINE-  2147483647 2147483647    512441.75000   6249203.50000     10307.56962 Case2_F159_EW 6
INLINE-  2147483647 2147483647    512453.65600   6249187.50000     10590.05218 Case2_F159_EW 6
INLINE-  2147483647 2147483647    512404.84400   6249190.00000     10288.80158 Case2_F159_EW 7
INLINE-  2147483647 2147483647    512416.56200   6249174.50000     10617.90824 Case2_F159_EW 7
INLINE-  2147483647 2147483647    512373.18800   6249169.50000     10311.62562 Case2_F159_EW 8
INLINE-  2147483647 2147483647    512393.65600   6249142.50000     10676.57535 Case2_F159_EW 8
INLINE-  2147483647 2147483647    512338.21900   6249153.50000     10280.91656 Case2_F159_EW 9
INLINE-  2147483647 2147483647    512362.40600   6249122.00000     10690.99338 Case2_F159_EW 9
INLINE-  2147483647 2147483647    512308.43800   6249130.50000     10280.91656 Case2_F159_EW 10
INLINE-  2147483647 2147483647    512319.68800   6249116.00000     10626.18725 Case2_F159_EW 10
