INLINE-  2147483647 2147483647    514536.18750   6249639.50000      8978.51796 Case1_F030_NS 1
INLINE-  2147483647 2147483647    514516.65625   6249624.50000      9158.99879 Case1_F030_NS 1
INLINE-  2147483647 2147483647    514462.53125   6249583.00000      9580.91955 Case1_F030_NS 1
INLINE-  2147483647 2147483647    514370.81250   6249513.00000      9943.09020 Case1_F030_NS 1
INLINE-  2147483647 2147483647    514265.59375   6249432.50000     10169.02034 Case1_F030_NS 1
INLINE-  2147483647 2147483647    514117.68750   6249319.00000     10311.72082 Case1_F030_NS 1
INLINE-  2147483647 2147483647    514572.09375   6249588.00000      8982.77773 Case1_F030_NS 2
INLINE-  2147483647 2147483647    514538.03125   6249562.00000      9267.47850 Case1_F030_NS 2
INLINE-  2147483647 2147483647    514490.40625   6249525.50000      9651.30934 Case1_F030_NS 2
INLINE-  2147483647 2147483647    514425.78125   6249476.00000      9898.42995 Case1_F030_NS 2
INLINE-  2147483647 2147483647    514272.40625   6249359.00000     10200.42079 Case1_F030_NS 2
INLINE-  2147483647 2147483647    514138.28125   6249256.00000     10361.12033 Case1_F030_NS 2
INLINE-  2147483647 2147483647    514629.53125   6249522.00000      9002.42816 Case1_F030_NS 3
INLINE-  2147483647 2147483647    514601.62500   6249500.50000      9195.05843 Case1_F030_NS 3
INLINE-  2147483647 2147483647    514548.62500   6249460.00000      9474.54922 Case1_F030_NS 3
INLINE-  2147483647 2147483647    514467.12500   6249397.50000      9814.32920 Case1_F030_NS 3
INLINE-  2147483647 2147483647    514335.68750   6249297.00000     10149.42069 Case1_F030_NS 3
INLINE-  2147483647 2147483647    514203.06250   6249195.50000     10244.62010 Case1_F030_NS 3
INLINE-  2147483647 2147483647    514652.40625   6249461.00000      9010.06782 Case1_F030_NS 4
INLINE-  2147483647 2147483647    514644.37500   6249454.50000      9099.90785 Case1_F030_NS 4
INLINE-  2147483647 2147483647    514585.59375   6249409.50000      9434.96907 Case1_F030_NS 4
INLINE-  2147483647 2147483647    514518.09375   6249358.00000      9760.95995 Case1_F030_NS 4
INLINE-  2147483647 2147483647    514412.18750   6249277.00000     10051.22030 Case1_F030_NS 4
INLINE-  2147483647 2147483647    514250.78125   6249153.50000     10183.82017 Case1_F030_NS 4
INLINE-  2147483647 2147483647    514687.81250   6249409.00000      9011.55806 Case1_F030_NS 5
INLINE-  2147483647 2147483647    514680.65625   6249403.50000      9067.73786 Case1_F030_NS 5
INLINE-  2147483647 2147483647    514667.65625   6249394.00000      9157.18824 Case1_F030_NS 5
INLINE-  2147483647 2147483647    514621.68750   6249358.50000      9417.49930 Case1_F030_NS 5
INLINE-  2147483647 2147483647    514549.12500   6249303.00000      9778.27932 Case1_F030_NS 5
INLINE-  2147483647 2147483647    514439.43750   6249219.00000     10034.81987 Case1_F030_NS 5
INLINE-  2147483647 2147483647    514298.28125   6249111.00000     10124.32005 Case1_F030_NS 5
INLINE-  2147483647 2147483647    514735.21875   6249367.00000      9016.59811 Case1_F030_NS 6
INLINE-  2147483647 2147483647    514710.31250   6249347.50000      9180.62871 Case1_F030_NS 6
INLINE-  2147483647 2147483647    514678.12500   6249323.00000      9366.16912 Case1_F030_NS 6
INLINE-  2147483647 2147483647    514616.40625   6249276.00000      9707.29969 Case1_F030_NS 6
INLINE-  2147483647 2147483647    514503.31250   6249189.50000      9987.13033 Case1_F030_NS 6
INLINE-  2147483647 2147483647    514337.25000   6249062.00000     10121.72044 Case1_F030_NS 6
INLINE-  2147483647 2147483647    514782.93750   6249324.50000      9017.57761 Case1_F030_NS 7
INLINE-  2147483647 2147483647    514711.84375   6249270.00000      9432.17902 Case1_F030_NS 7
INLINE-  2147483647 2147483647    514640.06250   6249215.50000      9778.04983 Case1_F030_NS 7
INLINE-  2147483647 2147483647    514523.53125   6249126.00000     10005.72021 Case1_F030_NS 7
INLINE-  2147483647 2147483647    514374.25000   6249012.00000     10124.32005 Case1_F030_NS 7
INLINE-  2147483647 2147483647    514823.96875   6249277.50000      9030.00829 Case1_F030_NS 8
INLINE-  2147483647 2147483647    514799.96875   6249259.00000      9167.70877 Case1_F030_NS 8
INLINE-  2147483647 2147483647    514761.53125   6249229.50000      9397.34887 Case1_F030_NS 8
INLINE-  2147483647 2147483647    514682.31250   6249169.00000      9721.68937 Case1_F030_NS 8
INLINE-  2147483647 2147483647    514568.15625   6249081.50000     10000.61961 Case1_F030_NS 8
INLINE-  2147483647 2147483647    514403.96875   6248956.00000     10145.52029 Case1_F030_NS 8
INLINE-  2147483647 2147483647    514861.84375   6249227.50000      9033.05811 Case1_F030_NS 9
INLINE-  2147483647 2147483647    514833.06250   6249205.50000      9207.72838 Case1_F030_NS 9
INLINE-  2147483647 2147483647    514816.59375   6249193.00000      9325.64853 Case1_F030_NS 9
INLINE-  2147483647 2147483647    514795.53125   6249177.00000      9440.21908 Case1_F030_NS 9
INLINE-  2147483647 2147483647    514725.84375   6249123.50000      9681.64925 Case1_F030_NS 9
INLINE-  2147483647 2147483647    514599.50000   6249027.00000     10005.72021 Case1_F030_NS 9
INLINE-  2147483647 2147483647    514440.25000   6248905.00000     10145.61990 Case1_F030_NS 9
INLINE-  2147483647 2147483647    514902.90625   6249180.50000      9031.59814 Case1_F030_NS 10
INLINE-  2147483647 2147483647    514891.68750   6249172.00000      9103.97817 Case1_F030_NS 10
INLINE-  2147483647 2147483647    514867.87500   6249153.50000      9268.71873 Case1_F030_NS 10
INLINE-  2147483647 2147483647    514811.46875   6249110.50000      9531.70949 Case1_F030_NS 10
INLINE-  2147483647 2147483647    514733.96875   6249051.00000      9773.40920 Case1_F030_NS 10
INLINE-  2147483647 2147483647    514634.00000   6248974.50000      9975.71038 Case1_F030_NS 10
INLINE-  2147483647 2147483647    514499.18750   6248871.50000     10071.52014 Case1_F030_NS 10
INLINE-  2147483647 2147483647    514945.65625   6249134.50000      9021.25828 Case1_F030_NS 11
INLINE-  2147483647 2147483647    514932.34375   6249124.00000      9120.22820 Case1_F030_NS 11
INLINE-  2147483647 2147483647    514913.78125   6249110.00000      9246.80853 Case1_F030_NS 11
INLINE-  2147483647 2147483647    514890.25000   6249092.00000      9369.65839 Case1_F030_NS 11
INLINE-  2147483647 2147483647    514801.81250   6249024.50000      9681.64925 Case1_F030_NS 11
INLINE-  2147483647 2147483647    514686.25000   6248936.00000      9922.43977 Case1_F030_NS 11
INLINE-  2147483647 2147483647    514541.21875   6248825.00000     10020.11965 Case1_F030_NS 11
INLINE-  2147483647 2147483647    514993.15625   6249092.00000      8985.71817 Case1_F030_NS 12
INLINE-  2147483647 2147483647    514984.40625   6249085.50000      9033.65772 Case1_F030_NS 12
INLINE-  2147483647 2147483647    514968.93750   6249073.50000      9153.78784 Case1_F030_NS 12
INLINE-  2147483647 2147483647    514919.59375   6249036.00000      9401.59888 Case1_F030_NS 12
INLINE-  2147483647 2147483647    514848.21875   6248981.00000      9627.19894 Case1_F030_NS 12
INLINE-  2147483647 2147483647    514765.03125   6248917.50000      9836.40932 Case1_F030_NS 12
INLINE-  2147483647 2147483647    514656.43750   6248834.50000      9987.93013 Case1_F030_NS 12
INLINE-  2147483647 2147483647    514528.28125   6248736.50000     10060.11973 Case1_F030_NS 12
INLINE-  2147483647 2147483647    515036.68750   6249046.50000      8981.76796 Case1_F030_NS 13
INLINE-  2147483647 2147483647    515029.15625   6249041.00000      9033.69775 Case1_F030_NS 13
INLINE-  2147483647 2147483647    515013.46875   6249029.00000      9132.30830 Case1_F030_NS 13
INLINE-  2147483647 2147483647    514966.21875   6248992.50000      9369.65839 Case1_F030_NS 13
INLINE-  2147483647 2147483647    514883.43750   6248929.50000      9621.56905 Case1_F030_NS 13
INLINE-  2147483647 2147483647    514773.12500   6248845.00000      9889.78931 Case1_F030_NS 13
INLINE-  2147483647 2147483647    514577.18750   6248695.00000     10075.92054 Case1_F030_NS 13
INLINE-  2147483647 2147483647    515087.37500   6249007.00000      8954.70834 Case1_F030_NS 14
INLINE-  2147483647 2147483647    515068.12500   6248992.00000      9036.92823 Case1_F030_NS 14
INLINE-  2147483647 2147483647    515051.43750   6248979.50000      9132.30830 Case1_F030_NS 14
INLINE-  2147483647 2147483647    515004.18750   6248943.00000      9369.65839 Case1_F030_NS 14
INLINE-  2147483647 2147483647    514924.09375   6248882.00000      9659.74979 Case1_F030_NS 14
INLINE-  2147483647 2147483647    514825.31250   6248806.00000      9903.00027 Case1_F030_NS 14
INLINE-  2147483647 2147483647    514724.25000   6248729.00000     10027.72025 Case1_F030_NS 14
INLINE-  2147483647 2147483647    514620.81250   6248649.50000     10079.11977 Case1_F030_NS 14
INLINE-  2147483647 2147483647    515115.18750   6248965.00000      8930.16825 Case1_F030_NS 15
INLINE-  2147483647 2147483647    515076.37500   6248935.50000      9163.19801 Case1_F030_NS 15
INLINE-  2147483647 2147483647    515030.50000   6248900.50000      9390.24925 Case1_F030_NS 15
INLINE-  2147483647 2147483647    514950.18750   6248839.00000      9710.05946 Case1_F030_NS 15
INLINE-  2147483647 2147483647    514840.90625   6248755.00000      9956.07948 Case1_F030_NS 15
INLINE-  2147483647 2147483647    514676.81250   6248629.50000     10087.81998 Case1_F030_NS 15
INLINE-  2147483647 2147483647    515150.06250   6248944.50000      8912.51783 Case1_F030_NS 16
INLINE-  2147483647 2147483647    515097.06250   6248904.00000      9203.01841 Case1_F030_NS 16
INLINE-  2147483647 2147483647    515037.81250   6248858.50000      9488.78851 Case1_F030_NS 16
INLINE-  2147483647 2147483647    514963.93750   6248802.00000      9760.22948 Case1_F030_NS 16
INLINE-  2147483647 2147483647    514857.71875   6248721.00000      9983.03950 Case1_F030_NS 16
INLINE-  2147483647 2147483647    514716.28125   6248612.50000     10104.52021 Case1_F030_NS 16
INLINE-  2147483647 2147483647    515178.87500   6248935.00000      8895.71799 Case1_F030_NS 17
INLINE-  2147483647 2147483647    515120.28125   6248890.50000      9203.00864 Case1_F030_NS 17
INLINE-  2147483647 2147483647    515054.59375   6248840.00000      9518.27880 Case1_F030_NS 17
INLINE-  2147483647 2147483647    514989.56250   6248790.50000      9754.24998 Case1_F030_NS 17
INLINE-  2147483647 2147483647    514881.75000   6248708.00000      9993.90964 Case1_F030_NS 17
INLINE-  2147483647 2147483647    514747.34375   6248605.00000     10121.52024 Case1_F030_NS 17
INLINE-  2147483647 2147483647    515197.00000   6248902.00000      8951.99837 Case1_F030_NS 18
INLINE-  2147483647 2147483647    515165.21875   6248877.50000      9163.74880 Case1_F030_NS 18
INLINE-  2147483647 2147483647    515126.59375   6248848.00000      9370.13886 Case1_F030_NS 18
INLINE-  2147483647 2147483647    515016.03125   6248763.50000      9776.98928 Case1_F030_NS 18
INLINE-  2147483647 2147483647    514899.09375   6248674.00000     10022.72024 Case1_F030_NS 18
INLINE-  2147483647 2147483647    514782.75000   6248585.00000     10125.72045 Case1_F030_NS 18
INLINE-  2147483647 2147483647    515245.62500   6248876.00000      8852.14759 Case1_F030_NS 19
INLINE-  2147483647 2147483647    515193.90625   6248836.50000      9179.58867 Case1_F030_NS 19
INLINE-  2147483647 2147483647    515128.78125   6248786.50000      9496.99946 Case1_F030_NS 19
INLINE-  2147483647 2147483647    515049.09375   6248725.50000      9801.28913 Case1_F030_NS 19
INLINE-  2147483647 2147483647    514940.87500   6248643.00000     10040.11969 Case1_F030_NS 19
INLINE-  2147483647 2147483647    514814.40625   6248546.00000     10143.82009 Case1_F030_NS 19
INLINE-  2147483647 2147483647    515274.46875   6248851.00000      8844.81749 Case1_F030_NS 20
INLINE-  2147483647 2147483647    515223.34375   6248812.00000      9154.01831 Case1_F030_NS 20
INLINE-  2147483647 2147483647    515181.65625   6248780.00000      9375.59883 Case1_F030_NS 20
INLINE-  2147483647 2147483647    515075.43750   6248698.50000      9782.00003 Case1_F030_NS 20
INLINE-  2147483647 2147483647    514987.87500   6248631.50000     10004.22020 Case1_F030_NS 20
INLINE-  2147483647 2147483647    514867.46875   6248539.50000     10133.32007 Case1_F030_NS 20
INLINE-  2147483647 2147483647    515312.53125   6248833.00000      8841.09776 Case1_F030_NS 21
INLINE-  2147483647 2147483647    515236.71875   6248775.00000      9296.20902 Case1_F030_NS 21
INLINE-  2147483647 2147483647    515100.40625   6248670.50000      9776.59963 Case1_F030_NS 21
INLINE-  2147483647 2147483647    514913.78125   6248527.50000     10173.11996 Case1_F030_NS 21
INLINE-  2147483647 2147483647    515338.75000   6248821.50000      8842.01768 Case1_F030_NS 22
INLINE-  2147483647 2147483647    515257.25000   6248759.00000      9313.37898 Case1_F030_NS 22
INLINE-  2147483647 2147483647    515118.68750   6248653.00000      9826.73938 Case1_F030_NS 22
INLINE-  2147483647 2147483647    514938.31250   6248515.00000     10205.32022 Case1_F030_NS 22
INLINE-  2147483647 2147483647    515364.37500   6248809.50000      8844.25792 Case1_F030_NS 23
INLINE-  2147483647 2147483647    515292.31250   6248754.50000      9266.70896 Case1_F030_NS 23
INLINE-  2147483647 2147483647    515184.00000   6248671.50000      9716.84951 Case1_F030_NS 23
INLINE-  2147483647 2147483647    515058.90625   6248576.00000     10111.02022 Case1_F030_NS 23
