INLINE-  2147483647 2147483647    516432.59400   6247738.50000      8971.37794 Case1_F104_NS 1
INLINE-  2147483647 2147483647    516462.71900   6247761.50000      9167.60834 Case1_F104_NS 1
INLINE-  2147483647 2147483647    516506.40600   6247795.00000      9467.82894 Case1_F104_NS 1
INLINE-  2147483647 2147483647    516375.21900   6247773.50000      8944.78789 Case1_F104_NS 2
INLINE-  2147483647 2147483647    516415.21900   6247804.00000      9226.61845 Case1_F104_NS 2
INLINE-  2147483647 2147483647    516459.81200   6247838.00000      9505.64901 Case1_F104_NS 2
INLINE-  2147483647 2147483647    516324.96900   6247798.00000      8910.85782 Case1_F104_NS 3
INLINE-  2147483647 2147483647    516368.00000   6247831.00000      9232.91847 Case1_F104_NS 3
INLINE-  2147483647 2147483647    516421.65600   6247872.00000      9548.35910 Case1_F104_NS 3
INLINE-  2147483647 2147483647    516272.71900   6247821.00000      8849.74770 Case1_F104_NS 4
INLINE-  2147483647 2147483647    516327.12500   6247862.50000      9253.94851 Case1_F104_NS 4
INLINE-  2147483647 2147483647    516386.53100   6247908.00000      9607.39921 Case1_F104_NS 4
INLINE-  2147483647 2147483647    516236.09400   6247840.00000      8843.90769 Case1_F104_NS 5
INLINE-  2147483647 2147483647    516286.40600   6247878.50000      9234.02847 Case1_F104_NS 5
INLINE-  2147483647 2147483647    516354.40600   6247930.50000      9613.14923 Case1_F104_NS 5
INLINE-  2147483647 2147483647    516191.03100   6247868.50000      8849.60770 Case1_F104_NS 6
INLINE-  2147483647 2147483647    516237.53100   6247904.00000      9207.29841 Case1_F104_NS 6
INLINE-  2147483647 2147483647    516312.62500   6247961.50000      9602.90921 Case1_F104_NS 6
INLINE-  2147483647 2147483647    516144.46900   6247880.00000      8831.69766 Case1_F104_NS 7
INLINE-  2147483647 2147483647    516204.56200   6247926.00000      9175.63835 Case1_F104_NS 7
INLINE-  2147483647 2147483647    516280.25000   6247984.00000      9598.17920 Case1_F104_NS 7
INLINE-  2147483647 2147483647    516092.90600   6247903.50000      8945.17789 Case1_F104_NS 8
INLINE-  2147483647 2147483647    516163.25000   6247957.50000      9274.92855 Case1_F104_NS 8
INLINE-  2147483647 2147483647    516241.84400   6248017.50000      9643.91929 Case1_F104_NS 8
INLINE-  2147483647 2147483647    516055.43800   6247938.00000      9062.83813 Case1_F104_NS 9
INLINE-  2147483647 2147483647    516114.34400   6247983.00000      9299.14860 Case1_F104_NS 9
INLINE-  2147483647 2147483647    516184.40600   6248036.50000      9612.81923 Case1_F104_NS 9
