INLINE-  2147483647 2147483647    517885.75000   6245627.50000     10648.02130 Case1_F159_EW 1
INLINE-  2147483647 2147483647    517803.56200   6245735.00000     10208.22042 Case1_F159_EW 1
INLINE-  2147483647 2147483647    517757.25000   6245795.50000      9611.93922 Case1_F159_EW 1
INLINE-  2147483647 2147483647    517791.06200   6245566.00000     10615.92123 Case1_F159_EW 2
INLINE-  2147483647 2147483647    517739.40600   6245633.50000     10290.22058 Case1_F159_EW 2
INLINE-  2147483647 2147483647    517722.62500   6245655.50000     10074.82015 Case1_F159_EW 2
INLINE-  2147483647 2147483647    517698.96900   6245686.50000      9766.35953 Case1_F159_EW 2
INLINE-  2147483647 2147483647    517679.34400   6245712.00000      9463.88893 Case1_F159_EW 2
INLINE-  2147483647 2147483647    517705.34400   6245472.50000     10775.12155 Case1_F159_EW 3
INLINE-  2147483647 2147483647    517662.84400   6245528.00000     10395.12079 Case1_F159_EW 3
INLINE-  2147483647 2147483647    517627.96900   6245573.50000     10053.32011 Case1_F159_EW 3
INLINE-  2147483647 2147483647    517593.65600   6245618.50000      9683.59937 Case1_F159_EW 3
INLINE-  2147483647 2147483647    517580.15600   6245636.00000      9332.39866 Case1_F159_EW 3
INLINE-  2147483647 2147483647    517587.84400   6245379.00000     10696.12139 Case1_F159_EW 4
INLINE-  2147483647 2147483647    517516.34400   6245472.50000     10101.42020 Case1_F159_EW 4
INLINE-  2147483647 2147483647    517473.09400   6245529.00000      9489.95898 Case1_F159_EW 4
INLINE-  2147483647 2147483647    517515.21900   6245330.00000     10688.12138 Case1_F159_EW 5
INLINE-  2147483647 2147483647    517471.96900   6245386.50000     10235.92047 Case1_F159_EW 5
INLINE-  2147483647 2147483647    517421.09400   6245453.00000      9575.37915 Case1_F159_EW 5
