INLINE-  2147483647 2147483647    517591.09400   6247843.00000      9484.39897 Case1_F129_EW 1
INLINE-  2147483647 2147483647    517642.75000   6247775.50000      9975.36995 Case1_F129_EW 1
INLINE-  2147483647 2147483647    517731.56200   6247659.50000     10582.62117 Case1_F129_EW 1
INLINE-  2147483647 2147483647    517842.50000   6247514.50000     10948.82090 Case1_F129_EW 1
INLINE-  2147483647 2147483647    517535.37500   6247813.00000      9354.56871 Case1_F129_EW 2
INLINE-  2147483647 2147483647    517593.12500   6247737.50000      9975.36995 Case1_F129_EW 2
INLINE-  2147483647 2147483647    517681.93800   6247621.50000     10582.62117 Case1_F129_EW 2
INLINE-  2147483647 2147483647    517792.87500   6247476.50000     10948.82090 Case1_F129_EW 2
INLINE-  2147483647 2147483647    517463.62500   6247804.00000      9296.56859 Case1_F129_EW 3
INLINE-  2147483647 2147483647    517532.84400   6247713.50000      9962.96893 Case1_F129_EW 3
INLINE-  2147483647 2147483647    517632.34400   6247583.50000     10582.62117 Case1_F129_EW 3
INLINE-  2147483647 2147483647    517743.28100   6247438.50000     10948.82090 Case1_F129_EW 3
INLINE-  2147483647 2147483647    517418.81200   6247821.50000      8974.97795 Case1_F129_EW 4
INLINE-  2147483647 2147483647    517432.53100   6247803.50000      9177.44835 Case1_F129_EW 4
INLINE-  2147483647 2147483647    517512.93800   6247698.50000      9962.96893 Case1_F129_EW 4
INLINE-  2147483647 2147483647    517612.43800   6247568.50000     10582.62117 Case1_F129_EW 4
INLINE-  2147483647 2147483647    517723.37500   6247423.50000     10948.82090 Case1_F129_EW 4
INLINE-  2147483647 2147483647    517361.53100   6247793.50000      8835.86767 Case1_F129_EW 5
INLINE-  2147483647 2147483647    517369.15600   6247783.50000      8940.32788 Case1_F129_EW 5
INLINE-  2147483647 2147483647    517382.90600   6247765.50000      9177.44835 Case1_F129_EW 5
INLINE-  2147483647 2147483647    517463.31200   6247660.50000      9962.96893 Case1_F129_EW 5
INLINE-  2147483647 2147483647    517546.25000   6247552.00000     10576.02115 Case1_F129_EW 5
INLINE-  2147483647 2147483647    517658.46900   6247405.50000     10961.22192 Case1_F129_EW 5
INLINE-  2147483647 2147483647    517303.53100   6247766.50000      8702.51741 Case1_F129_EW 6
INLINE-  2147483647 2147483647    517319.53100   6247745.50000      8940.32788 Case1_F129_EW 6
INLINE-  2147483647 2147483647    517333.28100   6247727.50000      9177.44835 Case1_F129_EW 6
INLINE-  2147483647 2147483647    517405.31200   6247633.50000      9958.94992 Case1_F129_EW 6
INLINE-  2147483647 2147483647    517496.62500   6247514.00000     10576.02115 Case1_F129_EW 6
INLINE-  2147483647 2147483647    517608.87500   6247367.50000     10961.22192 Case1_F129_EW 6
INLINE-  2147483647 2147483647    517253.84400   6247728.50000      8702.51741 Case1_F129_EW 7
INLINE-  2147483647 2147483647    517275.21900   6247700.50000      8939.46788 Case1_F129_EW 7
INLINE-  2147483647 2147483647    517283.62500   6247689.50000      9177.44835 Case1_F129_EW 7
INLINE-  2147483647 2147483647    517334.50000   6247623.00000      9955.72991 Case1_F129_EW 7
INLINE-  2147483647 2147483647    517446.96900   6247476.00000     10576.02115 Case1_F129_EW 7
INLINE-  2147483647 2147483647    517559.18800   6247329.50000     10961.22192 Case1_F129_EW 7
INLINE-  2147483647 2147483647    517204.25000   6247690.50000      8702.51741 Case1_F129_EW 8
INLINE-  2147483647 2147483647    517215.71900   6247675.50000      9176.11835 Case1_F129_EW 8
INLINE-  2147483647 2147483647    517278.06200   6247594.00000      9956.77991 Case1_F129_EW 8
INLINE-  2147483647 2147483647    517364.56200   6247481.00000     10589.22018 Case1_F129_EW 8
INLINE-  2147483647 2147483647    517471.68800   6247341.00000     10933.12187 Case1_F129_EW 8
INLINE-  2147483647 2147483647    517144.90600   6247665.00000      8673.78735 Case1_F129_EW 9
INLINE-  2147483647 2147483647    517166.03100   6247637.50000      9176.11835 Case1_F129_EW 9
INLINE-  2147483647 2147483647    517228.37500   6247556.00000      9956.77991 Case1_F129_EW 9
INLINE-  2147483647 2147483647    517314.87500   6247443.00000     10589.22018 Case1_F129_EW 9
INLINE-  2147483647 2147483647    517422.00000   6247303.00000     10933.12187 Case1_F129_EW 9
INLINE-  2147483647 2147483647    517099.62500   6247621.50000      8549.27710 Case1_F129_EW 10
INLINE-  2147483647 2147483647    517116.43800   6247599.50000      9176.11835 Case1_F129_EW 10
INLINE-  2147483647 2147483647    517167.31200   6247533.00000      9896.26979 Case1_F129_EW 10
INLINE-  2147483647 2147483647    517240.34400   6247437.50000     10422.42084 Case1_F129_EW 10
INLINE-  2147483647 2147483647    517378.50000   6247257.00000     10913.22183 Case1_F129_EW 10
INLINE-  2147483647 2147483647    517050.00000   6247583.50000      8549.27710 Case1_F129_EW 11
INLINE-  2147483647 2147483647    517066.81200   6247561.50000      9176.11835 Case1_F129_EW 11
INLINE-  2147483647 2147483647    517124.56200   6247486.00000      9944.87989 Case1_F129_EW 11
INLINE-  2147483647 2147483647    517217.96900   6247364.00000     10475.22095 Case1_F129_EW 11
INLINE-  2147483647 2147483647    517333.46900   6247213.00000     10909.82182 Case1_F129_EW 11
INLINE-  2147483647 2147483647    517003.46900   6247562.00000      8527.39705 Case1_F129_EW 12
INLINE-  2147483647 2147483647    517033.25000   6247523.00000      9360.67872 Case1_F129_EW 12
INLINE-  2147483647 2147483647    517120.53100   6247409.00000     10163.62033 Case1_F129_EW 12
INLINE-  2147483647 2147483647    517285.40600   6247193.50000     10879.62176 Case1_F129_EW 12
INLINE-  2147483647 2147483647    516954.62500   6247543.50000      8501.51700 Case1_F129_EW 13
INLINE-  2147483647 2147483647    516986.68800   6247501.50000      9333.65867 Case1_F129_EW 13
INLINE-  2147483647 2147483647    517077.78100   6247382.50000     10129.92026 Case1_F129_EW 13
INLINE-  2147483647 2147483647    517237.31200   6247174.00000     10854.42171 Case1_F129_EW 13
INLINE-  2147483647 2147483647    516905.84400   6247525.00000      8475.55695 Case1_F129_EW 14
INLINE-  2147483647 2147483647    516928.75000   6247495.00000      9110.79822 Case1_F129_EW 14
INLINE-  2147483647 2147483647    516988.78100   6247416.50000      9756.74951 Case1_F129_EW 14
INLINE-  2147483647 2147483647    517073.78100   6247305.50000     10322.82065 Case1_F129_EW 14
INLINE-  2147483647 2147483647    517200.53100   6247140.00000     10866.12173 Case1_F129_EW 14
INLINE-  2147483647 2147483647    516859.31200   6247503.50000      8492.16698 Case1_F129_EW 15
INLINE-  2147483647 2147483647    516869.25000   6247490.50000      8882.55677 Case1_F129_EW 15
INLINE-  2147483647 2147483647    516892.90600   6247459.50000      9252.12750 Case1_F129_EW 15
INLINE-  2147483647 2147483647    516927.75000   6247414.00000      9646.01929 Case1_F129_EW 15
INLINE-  2147483647 2147483647    516974.09400   6247353.50000      9958.37892 Case1_F129_EW 15
INLINE-  2147483647 2147483647    517052.96900   6247250.50000     10423.72085 Case1_F129_EW 15
INLINE-  2147483647 2147483647    517161.62500   6247108.50000     10876.12175 Case1_F129_EW 15
INLINE-  2147483647 2147483647    516799.75000   6247478.50000      8464.49693 Case1_F129_EW 16
INLINE-  2147483647 2147483647    516833.34400   6247434.50000      9153.73831 Case1_F129_EW 16
INLINE-  2147483647 2147483647    516868.21900   6247389.00000      9530.03906 Case1_F129_EW 16
INLINE-  2147483647 2147483647    516921.37500   6247319.50000      9928.24986 Case1_F129_EW 16
INLINE-  2147483647 2147483647    517008.65600   6247205.50000     10473.81995 Case1_F129_EW 16
INLINE-  2147483647 2147483647    517088.56200   6247101.00000     10839.52168 Case1_F129_EW 16
INLINE-  2147483647 2147483647    516760.06200   6247427.50000      8464.73693 Case1_F129_EW 17
INLINE-  2147483647 2147483647    516784.46900   6247395.50000      9128.94826 Case1_F129_EW 17
INLINE-  2147483647 2147483647    516820.09400   6247349.00000      9554.63811 Case1_F129_EW 17
INLINE-  2147483647 2147483647    516871.75000   6247281.50000      9928.24986 Case1_F129_EW 17
INLINE-  2147483647 2147483647    516960.56200   6247165.50000     10480.32096 Case1_F129_EW 17
INLINE-  2147483647 2147483647    517022.12500   6247085.00000     10753.12151 Case1_F129_EW 17
INLINE-  2147483647 2147483647    516715.03100   6247383.50000      8472.51695 Case1_F129_EW 18
INLINE-  2147483647 2147483647    516738.68800   6247352.50000      9175.32835 Case1_F129_EW 18
INLINE-  2147483647 2147483647    516800.78100   6247271.50000      9827.48965 Case1_F129_EW 18
INLINE-  2147483647 2147483647    516891.87500   6247152.50000     10399.72080 Case1_F129_EW 18
INLINE-  2147483647 2147483647    516970.25000   6247050.00000     10750.22150 Case1_F129_EW 18
INLINE-  2147483647 2147483647    516670.75000   6247338.50000      8472.72695 Case1_F129_EW 19
INLINE-  2147483647 2147483647    516679.90600   6247326.50000      8865.18773 Case1_F129_EW 19
INLINE-  2147483647 2147483647    516696.43800   6247305.00000      9244.41849 Case1_F129_EW 19
INLINE-  2147483647 2147483647    516739.68800   6247248.50000      9730.80946 Case1_F129_EW 19
INLINE-  2147483647 2147483647    516831.81200   6247128.00000     10337.82068 Case1_F129_EW 19
INLINE-  2147483647 2147483647    516916.78100   6247017.00000     10783.62157 Case1_F129_EW 19
INLINE-  2147483647 2147483647    516643.78100   6247271.00000      8347.72670 Case1_F129_EW 20
INLINE-  2147483647 2147483647    516646.09400   6247268.00000      8855.49771 Case1_F129_EW 20
INLINE-  2147483647 2147483647    516668.21900   6247239.00000      9338.21868 Case1_F129_EW 20
INLINE-  2147483647 2147483647    516722.93800   6247167.50000      9928.24986 Case1_F129_EW 20
INLINE-  2147483647 2147483647    516847.34400   6247005.00000     10707.62142 Case1_F129_EW 20
INLINE-  2147483647 2147483647    516598.87500   6247227.00000      8389.53678 Case1_F129_EW 21
INLINE-  2147483647 2147483647    516601.15600   6247224.00000      8850.10770 Case1_F129_EW 21
INLINE-  2147483647 2147483647    516613.37500   6247208.00000      9177.73836 Case1_F129_EW 21
INLINE-  2147483647 2147483647    516686.93800   6247112.00000      9975.24995 Case1_F129_EW 21
INLINE-  2147483647 2147483647    516797.87500   6246967.00000     10707.62142 Case1_F129_EW 21
INLINE-  2147483647 2147483647    516555.15600   6247181.00000      8370.50674 Case1_F129_EW 22
INLINE-  2147483647 2147483647    516574.25000   6247156.00000      8976.49795 Case1_F129_EW 22
INLINE-  2147483647 2147483647    516626.65600   6247087.50000      9569.09914 Case1_F129_EW 22
INLINE-  2147483647 2147483647    516680.59400   6247017.00000     10118.81924 Case1_F129_EW 22
INLINE-  2147483647 2147483647    516760.25000   6246913.00000     10668.02134 Case1_F129_EW 22
INLINE-  2147483647 2147483647    516512.46900   6247134.00000      8334.24667 Case1_F129_EW 23
INLINE-  2147483647 2147483647    516535.12500   6247104.50000      8803.17761 Case1_F129_EW 23
INLINE-  2147483647 2147483647    516577.87500   6247048.50000      9257.84852 Case1_F129_EW 23
INLINE-  2147483647 2147483647    516656.75000   6246945.50000     10018.72004 Case1_F129_EW 23
INLINE-  2147483647 2147483647    516736.40600   6246841.50000     10631.62126 Case1_F129_EW 23
