INLINE-  2147483647 2147483647    511915.62500   6255597.00000      9484.46597 Case2_F002_NS 1
INLINE-  2147483647 2147483647    511953.34400   6255626.00000      9633.67127 Case2_F002_NS 1
INLINE-  2147483647 2147483647    512058.43800   6255706.00000      9975.77595 Case2_F002_NS 1
INLINE-  2147483647 2147483647    512180.12500   6255799.50000     10335.59967 Case2_F002_NS 1
INLINE-  2147483647 2147483647    512253.50000   6255855.50000     10496.06599 Case2_F002_NS 1
INLINE-  2147483647 2147483647    511833.06200   6255628.00000      9508.73502 Case2_F002_NS 2
INLINE-  2147483647 2147483647    511880.93800   6255665.00000      9664.20833 Case2_F002_NS 2
INLINE-  2147483647 2147483647    511981.53100   6255742.00000      9999.41700 Case2_F002_NS 2
INLINE-  2147483647 2147483647    512118.31200   6255846.50000     10340.90768 Case2_F002_NS 2
INLINE-  2147483647 2147483647    512202.12500   6255910.50000     10544.48709 Case2_F002_NS 2
INLINE-  2147483647 2147483647    511766.71900   6255672.00000      9537.43907 Case2_F002_NS 3
INLINE-  2147483647 2147483647    511798.71900   6255696.50000      9675.91735 Case2_F002_NS 3
INLINE-  2147483647 2147483647    511902.81200   6255776.00000     10032.16406 Case2_F002_NS 3
INLINE-  2147483647 2147483647    512031.96900   6255875.00000     10400.68980 Case2_F002_NS 3
INLINE-  2147483647 2147483647    512112.78100   6255936.50000     10629.10226 Case2_F002_NS 3
INLINE-  2147483647 2147483647    511684.18800   6255703.00000      9504.60101 Case2_F002_NS 4
INLINE-  2147483647 2147483647    511729.46900   6255737.50000      9659.79432 Case2_F002_NS 4
INLINE-  2147483647 2147483647    511845.18800   6255826.50000     10036.51407 Case2_F002_NS 4
INLINE-  2147483647 2147483647    511963.28100   6255916.50000     10411.68982 Case2_F002_NS 4
INLINE-  2147483647 2147483647    512067.21900   6255996.00000     10629.10226 Case2_F002_NS 4
INLINE-  2147483647 2147483647    511609.09400   6255740.00000      9447.93090 Case2_F002_NS 5
INLINE-  2147483647 2147483647    511675.15600   6255790.50000      9682.39636 Case2_F002_NS 5
INLINE-  2147483647 2147483647    511784.62500   6255874.50000     10044.77109 Case2_F002_NS 5
INLINE-  2147483647 2147483647    511926.40600   6255983.00000     10438.57888 Case2_F002_NS 5
INLINE-  2147483647 2147483647    512018.96900   6256053.50000     10634.36127 Case2_F002_NS 5
INLINE-  2147483647 2147483647    511546.96900   6255787.00000      9445.80589 Case2_F002_NS 6
INLINE-  2147483647 2147483647    511605.12500   6255831.50000      9676.66735 Case2_F002_NS 6
INLINE-  2147483647 2147483647    511713.71900   6255914.50000     10039.38908 Case2_F002_NS 6
INLINE-  2147483647 2147483647    511873.71900   6256037.00000     10455.33291 Case2_F002_NS 6
INLINE-  2147483647 2147483647    511967.71900   6256109.00000     10643.86729 Case2_F002_NS 6
INLINE-  2147483647 2147483647    511502.25000   6255863.00000      9486.43497 Case2_F002_NS 7
INLINE-  2147483647 2147483647    511552.59400   6255901.50000      9679.26736 Case2_F002_NS 7
INLINE-  2147483647 2147483647    511661.43800   6255984.50000     10053.17711 Case2_F002_NS 7
INLINE-  2147483647 2147483647    511807.71900   6256096.50000     10444.90789 Case2_F002_NS 7
INLINE-  2147483647 2147483647    511905.21900   6256171.00000     10641.50528 Case2_F002_NS 7
INLINE-  2147483647 2147483647    511448.96900   6255916.50000      9425.00785 Case2_F002_NS 8
INLINE-  2147483647 2147483647    511492.78100   6255950.00000      9656.42031 Case2_F002_NS 8
INLINE-  2147483647 2147483647    511600.59400   6256032.50000     10046.31809 Case2_F002_NS 8
INLINE-  2147483647 2147483647    511724.62500   6256127.50000     10362.37772 Case2_F002_NS 8
INLINE-  2147483647 2147483647    511858.00000   6256229.50000     10641.33028 Case2_F002_NS 8
INLINE-  2147483647 2147483647    511362.06200   6255944.50000      9376.22775 Case2_F002_NS 9
INLINE-  2147483647 2147483647    511413.15600   6255983.50000      9624.09125 Case2_F002_NS 9
INLINE-  2147483647 2147483647    511539.15600   6256080.00000     10062.75413 Case2_F002_NS 9
INLINE-  2147483647 2147483647    511708.40600   6256209.50000     10458.50592 Case2_F002_NS 9
INLINE-  2147483647 2147483647    511800.00000   6256279.50000     10657.59832 Case2_F002_NS 9
INLINE-  2147483647 2147483647    511310.43800   6255999.50000      9349.75270 Case2_F002_NS 10
INLINE-  2147483647 2147483647    511361.96900   6256038.50000      9626.30025 Case2_F002_NS 10
INLINE-  2147483647 2147483647    511493.50000   6256139.50000     10076.93815 Case2_F002_NS 10
INLINE-  2147483647 2147483647    511646.31200   6256256.50000     10463.29993 Case2_F002_NS 10
INLINE-  2147483647 2147483647    511752.56200   6256337.50000     10652.71831 Case2_F002_NS 10
INLINE-  2147483647 2147483647    511233.78100   6256035.00000      9387.07877 Case2_F002_NS 11
INLINE-  2147483647 2147483647    511296.37500   6256083.00000      9636.89627 Case2_F002_NS 11
INLINE-  2147483647 2147483647    511429.00000   6256184.50000     10099.89320 Case2_F002_NS 11
INLINE-  2147483647 2147483647    511593.90600   6256310.50000     10485.22497 Case2_F002_NS 11
INLINE-  2147483647 2147483647    511693.09400   6256386.50000     10670.77634 Case2_F002_NS 11
INLINE-  2147483647 2147483647    511177.06200   6256086.00000      9379.46576 Case2_F002_NS 12
INLINE-  2147483647 2147483647    511233.09400   6256129.00000      9635.03927 Case2_F002_NS 12
INLINE-  2147483647 2147483647    511333.65600   6256206.00000     10028.35906 Case2_F002_NS 12
INLINE-  2147483647 2147483647    511450.03100   6256295.00000     10318.96964 Case2_F002_NS 12
INLINE-  2147483647 2147483647    511628.25000   6256431.50000     10690.13438 Case2_F002_NS 12
INLINE-  2147483647 2147483647    511047.43800   6256175.50000      9426.31685 Case2_F002_NS 13
INLINE-  2147483647 2147483647    511106.87500   6256221.00000      9650.95730 Case2_F002_NS 13
INLINE-  2147483647 2147483647    511221.37500   6256309.00000     10012.87403 Case2_F002_NS 13
INLINE-  2147483647 2147483647    511334.25000   6256395.00000     10313.24363 Case2_F002_NS 13
INLINE-  2147483647 2147483647    511489.62500   6256514.00000     10627.23825 Case2_F002_NS 13
INLINE-  2147483647 2147483647    510997.87500   6256232.00000      9408.29682 Case2_F002_NS 14
INLINE-  2147483647 2147483647    511060.93800   6256280.50000      9643.58929 Case2_F002_NS 14
INLINE-  2147483647 2147483647    511169.87500   6256364.00000     10002.23500 Case2_F002_NS 14
INLINE-  2147483647 2147483647    511298.53100   6256462.50000     10335.36467 Case2_F002_NS 14
INLINE-  2147483647 2147483647    511444.03100   6256573.50000     10627.23825 Case2_F002_NS 14
INLINE-  2147483647 2147483647    510945.90600   6256287.00000      9454.60891 Case2_F002_NS 15
INLINE-  2147483647 2147483647    511012.31200   6256337.50000      9654.58031 Case2_F002_NS 15
INLINE-  2147483647 2147483647    511134.59400   6256431.50000     10065.74313 Case2_F002_NS 15
INLINE-  2147483647 2147483647    511237.18800   6256510.00000     10333.21567 Case2_F002_NS 15
INLINE-  2147483647 2147483647    511398.46900   6256633.00000     10627.23825 Case2_F002_NS 15
INLINE-  2147483647 2147483647    510900.34400   6256346.50000      9454.60891 Case2_F002_NS 16
INLINE-  2147483647 2147483647    510959.87500   6256392.00000      9647.56130 Case2_F002_NS 16
INLINE-  2147483647 2147483647    511089.03100   6256491.00000     10065.74313 Case2_F002_NS 16
INLINE-  2147483647 2147483647    511191.62500   6256569.50000     10333.21567 Case2_F002_NS 16
INLINE-  2147483647 2147483647    511352.90600   6256693.00000     10627.23825 Case2_F002_NS 16
INLINE-  2147483647 2147483647    510854.78100   6256406.00000      9454.60891 Case2_F002_NS 17
INLINE-  2147483647 2147483647    510914.31200   6256451.50000      9647.56130 Case2_F002_NS 17
INLINE-  2147483647 2147483647    511043.46900   6256550.50000     10065.74313 Case2_F002_NS 17
INLINE-  2147483647 2147483647    511146.03100   6256629.00000     10333.21567 Case2_F002_NS 17
INLINE-  2147483647 2147483647    511307.31200   6256752.50000     10627.23825 Case2_F002_NS 17
