INLINE-  2147483647 2147483647    516481.84400   6246769.00000      8736.12747 Case1_F130_NS 1
INLINE-  2147483647 2147483647    516549.81200   6246821.00000      9023.30305 Case1_F130_NS 1
INLINE-  2147483647 2147483647    516617.25000   6246873.00000      9292.95459 Case1_F130_NS 1
INLINE-  2147483647 2147483647    516681.43800   6246922.00000      9497.30199 Case1_F130_NS 1
INLINE-  2147483647 2147483647    516459.62500   6246783.50000      8723.17745 Case1_F130_NS 2
INLINE-  2147483647 2147483647    516525.28100   6246834.00000      8982.28796 Case1_F130_NS 2
INLINE-  2147483647 2147483647    516589.12500   6246882.50000      9243.29749 Case1_F130_NS 2
INLINE-  2147483647 2147483647    516665.31200   6246941.00000      9490.29198 Case1_F130_NS 2
INLINE-  2147483647 2147483647    516439.65600   6246800.00000      8714.91143 Case1_F130_NS 3
INLINE-  2147483647 2147483647    516519.40600   6246861.00000      9023.30305 Case1_F130_NS 3
INLINE-  2147483647 2147483647    516586.84400   6246912.50000      9292.95459 Case1_F130_NS 3
INLINE-  2147483647 2147483647    516651.03100   6246961.50000      9497.30199 Case1_F130_NS 3
INLINE-  2147483647 2147483647    516415.93800   6246829.00000      8713.28143 Case1_F130_NS 4
INLINE-  2147483647 2147483647    516483.81200   6246881.00000      8996.23499 Case1_F130_NS 4
INLINE-  2147483647 2147483647    516556.50000   6246936.50000      9274.31555 Case1_F130_NS 4
INLINE-  2147483647 2147483647    516634.71900   6246996.50000      9546.15609 Case1_F130_NS 4
INLINE-  2147483647 2147483647    516401.28100   6246849.00000      8717.61244 Case1_F130_NS 5
INLINE-  2147483647 2147483647    516470.81200   6246902.50000      9029.26606 Case1_F130_NS 5
INLINE-  2147483647 2147483647    516544.56200   6246959.00000      9295.22959 Case1_F130_NS 5
INLINE-  2147483647 2147483647    516625.81200   6247021.00000      9593.39419 Case1_F130_NS 5
INLINE-  2147483647 2147483647    516382.53100   6246882.00000      8747.38049 Case1_F130_NS 6
INLINE-  2147483647 2147483647    516447.12500   6246931.50000      9041.45108 Case1_F130_NS 6
INLINE-  2147483647 2147483647    516527.90600   6246993.00000      9318.82764 Case1_F130_NS 6
INLINE-  2147483647 2147483647    516604.09400   6247051.50000      9601.46020 Case1_F130_NS 6
INLINE-  2147483647 2147483647    516372.93800   6246906.00000      8787.62658 Case1_F130_NS 7
INLINE-  2147483647 2147483647    516429.43800   6246949.50000      9045.86809 Case1_F130_NS 7
INLINE-  2147483647 2147483647    516506.59400   6247008.50000      9295.22959 Case1_F130_NS 7
INLINE-  2147483647 2147483647    516587.84400   6247070.50000      9593.39419 Case1_F130_NS 7
