INLINE-  2147483647 2147483647    517796.87500   6247553.50000      9541.48908 Case1_F135_EW 1
INLINE-  2147483647 2147483647    517784.65600   6247569.50000      9746.92949 Case1_F135_EW 1
INLINE-  2147483647 2147483647    517758.18800   6247604.00000      9936.01987 Case1_F135_EW 1
INLINE-  2147483647 2147483647    517753.43800   6247528.00000      9418.29884 Case1_F135_EW 2
INLINE-  2147483647 2147483647    517744.28100   6247540.00000      9745.63949 Case1_F135_EW 2
INLINE-  2147483647 2147483647    517718.34400   6247574.00000      9936.01987 Case1_F135_EW 2
INLINE-  2147483647 2147483647    517716.68800   6247494.00000      9384.93877 Case1_F135_EW 3
INLINE-  2147483647 2147483647    517708.28100   6247505.00000      9690.06838 Case1_F135_EW 3
INLINE-  2147483647 2147483647    517681.81200   6247539.50000      9986.89997 Case1_F135_EW 3
INLINE-  2147483647 2147483647    517670.00000   6247452.00000      9366.09873 Case1_F135_EW 4
INLINE-  2147483647 2147483647    517655.75000   6247470.50000      9738.38848 Case1_F135_EW 4
INLINE-  2147483647 2147483647    517635.90600   6247496.50000     10023.32005 Case1_F135_EW 4
INLINE-  2147483647 2147483647    517613.53100   6247423.00000      9345.80869 Case1_F135_EW 5
INLINE-  2147483647 2147483647    517597.75000   6247443.50000      9739.57948 Case1_F135_EW 5
INLINE-  2147483647 2147483647    517590.12500   6247453.50000      9944.22889 Case1_F135_EW 5
INLINE-  2147483647 2147483647    517557.03100   6247394.00000      9274.96855 Case1_F135_EW 6
INLINE-  2147483647 2147483647    517550.40600   6247402.50000      9555.14911 Case1_F135_EW 6
INLINE-  2147483647 2147483647    517542.78100   6247412.50000      9833.82867 Case1_F135_EW 6
INLINE-  2147483647 2147483647    517494.65600   6247372.50000      9282.52857 Case1_F135_EW 7
INLINE-  2147483647 2147483647    517487.78100   6247381.50000      9559.47912 Case1_F135_EW 7
INLINE-  2147483647 2147483647    517480.15600   6247391.50000      9781.79956 Case1_F135_EW 7
INLINE-  2147483647 2147483647    517432.12500   6247351.50000      9208.37742 Case1_F135_EW 8
INLINE-  2147483647 2147483647    517413.03100   6247376.50000      9622.81925 Case1_F135_EW 8
INLINE-  2147483647 2147483647    517372.59400   6247326.50000      9190.90738 Case1_F135_EW 9
INLINE-  2147483647 2147483647    517358.09400   6247345.50000      9489.02898 Case1_F135_EW 9
