INLINE-  2147483647 2147483647    511995.65600   6254692.00000     10240.28248 Case2_F017_NNW 1
INLINE-  2147483647 2147483647    512001.75000   6254801.50000     10998.90200 Case2_F017_NNW 1
INLINE-  2147483647 2147483647    512009.37500   6254938.50000     11658.74232 Case2_F017_NNW 1
INLINE-  2147483647 2147483647    511934.43800   6254763.00000     10222.71945 Case2_F017_NNW 2
INLINE-  2147483647 2147483647    511939.03100   6254845.50000     10994.60199 Case2_F017_NNW 2
INLINE-  2147483647 2147483647    511947.78100   6255002.50000     11717.33543 Case2_F017_NNW 2
INLINE-  2147483647 2147483647    511840.25000   6254803.00000     10219.97044 Case2_F017_NNW 3
INLINE-  2147483647 2147483647    511845.15600   6254891.00000     11018.06404 Case2_F017_NNW 3
INLINE-  2147483647 2147483647    511852.37500   6255021.00000     11668.43134 Case2_F017_NNW 3
INLINE-  2147483647 2147483647    511753.31200   6254826.50000     10141.79928 Case2_F017_NNW 4
INLINE-  2147483647 2147483647    511758.25000   6254915.50000     10972.14994 Case2_F017_NNW 4
INLINE-  2147483647 2147483647    511764.53100   6255028.50000     11663.86733 Case2_F017_NNW 4
INLINE-  2147483647 2147483647    511647.71900   6254832.00000     10098.70220 Case2_F017_NNW 5
INLINE-  2147483647 2147483647    511653.21900   6254931.00000     10995.33599 Case2_F017_NNW 5
INLINE-  2147483647 2147483647    511658.96900   6255034.50000     11663.86733 Case2_F017_NNW 5
INLINE-  2147483647 2147483647    511584.81200   6254824.00000     10080.33816 Case2_F017_NNW 6
INLINE-  2147483647 2147483647    511590.37500   6254924.00000     10871.38474 Case2_F017_NNW 6
INLINE-  2147483647 2147483647    511597.34400   6255050.00000     11653.00431 Case2_F017_NNW 6
INLINE-  2147483647 2147483647    511522.03100   6254818.50000     10081.78816 Case2_F017_NNW 7
INLINE-  2147483647 2147483647    511529.21900   6254947.50000     10969.60994 Case2_F017_NNW 7
INLINE-  2147483647 2147483647    511535.78100   6255065.50000     11642.00528 Case2_F017_NNW 7
INLINE-  2147483647 2147483647    511416.43800   6254824.50000     10081.78816 Case2_F017_NNW 8
INLINE-  2147483647 2147483647    511423.62500   6254953.50000     10969.60994 Case2_F017_NNW 8
INLINE-  2147483647 2147483647    511430.18800   6255071.50000     11642.00528 Case2_F017_NNW 8
