INLINE-  2147483647 2147483647    511336.12500   6249671.00000     10138.22428 Case2_F156_NNW 1
INLINE-  2147483647 2147483647    511337.81200   6249651.50000     10381.34276 Case2_F156_NNW 1
INLINE-  2147483647 2147483647    511346.28100   6249553.00000     11073.30315 Case2_F156_NNW 1
INLINE-  2147483647 2147483647    511356.78100   6249430.00000     11564.73313 Case2_F156_NNW 1
INLINE-  2147483647 2147483647    511477.93800   6249633.50000      9872.41174 Case2_F156_NNW 2
INLINE-  2147483647 2147483647    511479.46900   6249615.50000     10384.99377 Case2_F156_NNW 2
INLINE-  2147483647 2147483647    511483.34400   6249570.50000     10858.30572 Case2_F156_NNW 2
INLINE-  2147483647 2147483647    511487.96900   6249516.50000     11160.63732 Case2_F156_NNW 2
INLINE-  2147483647 2147483647    511494.37500   6249441.50000     11564.73313 Case2_F156_NNW 2
INLINE-  2147483647 2147483647    511603.87500   6249668.50000      9852.60571 Case2_F156_NNW 3
INLINE-  2147483647 2147483647    511606.53100   6249637.50000     10372.43374 Case2_F156_NNW 3
INLINE-  2147483647 2147483647    511615.75000   6249529.50000     11149.44030 Case2_F156_NNW 3
INLINE-  2147483647 2147483647    511623.96900   6249434.00000     11510.57402 Case2_F156_NNW 3
INLINE-  2147483647 2147483647    511702.53100   6249651.00000      9852.06270 Case2_F156_NNW 4
INLINE-  2147483647 2147483647    511705.06200   6249622.00000     10320.85564 Case2_F156_NNW 4
INLINE-  2147483647 2147483647    511713.31200   6249525.50000     11169.29034 Case2_F156_NNW 4
INLINE-  2147483647 2147483647    511720.43800   6249442.00000     11510.57402 Case2_F156_NNW 4
INLINE-  2147483647 2147483647    511747.43800   6249655.00000      9852.06270 Case2_F156_NNW 5
INLINE-  2147483647 2147483647    511749.78100   6249627.50000     10330.41366 Case2_F156_NNW 5
INLINE-  2147483647 2147483647    511755.56200   6249560.00000     10971.23594 Case2_F156_NNW 5
INLINE-  2147483647 2147483647    511764.90600   6249451.00000     11455.45691 Case2_F156_NNW 5
INLINE-  2147483647 2147483647    511792.31200   6249659.00000      9852.06270 Case2_F156_NNW 6
INLINE-  2147483647 2147483647    511794.68800   6249631.50000     10330.41366 Case2_F156_NNW 6
INLINE-  2147483647 2147483647    511800.43800   6249564.00000     10971.23594 Case2_F156_NNW 6
INLINE-  2147483647 2147483647    511809.81200   6249455.00000     11455.45691 Case2_F156_NNW 6
