INLINE-  2147483647 2147483647    512257.68800   6251578.00000     11033.96307 Case2_F151_NS 1
INLINE-  2147483647 2147483647    512315.84400   6251622.50000     10703.94641 Case2_F151_NS 1
INLINE-  2147483647 2147483647    512323.50000   6251628.50000     10447.22789 Case2_F151_NS 1
INLINE-  2147483647 2147483647    512287.71900   6251554.00000     11044.81409 Case2_F151_NS 2
INLINE-  2147483647 2147483647    512335.78100   6251590.50000     10754.12551 Case2_F151_NS 2
INLINE-  2147483647 2147483647    512356.68800   6251606.50000     10451.06890 Case2_F151_NS 2
INLINE-  2147483647 2147483647    512324.81200   6251519.50000     11054.82511 Case2_F151_NS 3
INLINE-  2147483647 2147483647    512368.78100   6251553.00000     10758.50152 Case2_F151_NS 3
INLINE-  2147483647 2147483647    512397.18800   6251574.50000     10455.07291 Case2_F151_NS 3
INLINE-  2147483647 2147483647    512351.53100   6251492.50000     11060.40712 Case2_F151_NS 4
INLINE-  2147483647 2147483647    512392.59400   6251524.00000     10761.23052 Case2_F151_NS 4
INLINE-  2147483647 2147483647    512427.62500   6251551.00000     10459.01592 Case2_F151_NS 4
INLINE-  2147483647 2147483647    512384.40600   6251455.00000     11063.87613 Case2_F151_NS 5
INLINE-  2147483647 2147483647    512427.43800   6251487.50000     10736.67747 Case2_F151_NS 5
INLINE-  2147483647 2147483647    512463.56200   6251515.50000     10460.12292 Case2_F151_NS 5
INLINE-  2147483647 2147483647    512407.18800   6251425.00000     11063.87613 Case2_F151_NS 6
INLINE-  2147483647 2147483647    512453.46900   6251460.50000     10733.49647 Case2_F151_NS 6
INLINE-  2147483647 2147483647    512484.81200   6251484.50000     10448.04190 Case2_F151_NS 6
INLINE-  2147483647 2147483647    512444.71900   6251375.00000     11066.78613 Case2_F151_NS 7
INLINE-  2147483647 2147483647    512488.62500   6251408.50000     10759.28252 Case2_F151_NS 7
INLINE-  2147483647 2147483647    512522.53100   6251434.50000     10446.73789 Case2_F151_NS 7
INLINE-  2147483647 2147483647    512483.15600   6251326.00000     11063.87613 Case2_F151_NS 8
INLINE-  2147483647 2147483647    512529.43800   6251361.00000     10735.83647 Case2_F151_NS 8
INLINE-  2147483647 2147483647    512560.75000   6251385.00000     10448.04190 Case2_F151_NS 8
INLINE-  2147483647 2147483647    512526.56200   6251280.50000     11028.69206 Case2_F151_NS 9
INLINE-  2147483647 2147483647    512566.75000   6251311.00000     10741.06148 Case2_F151_NS 9
INLINE-  2147483647 2147483647    512599.84400   6251336.50000     10449.78090 Case2_F151_NS 9
INLINE-  2147483647 2147483647    512570.93800   6251235.50000     10987.43797 Case2_F151_NS 10
INLINE-  2147483647 2147483647    512605.40600   6251262.00000     10735.83647 Case2_F151_NS 10
INLINE-  2147483647 2147483647    512639.12500   6251288.00000     10451.82790 Case2_F151_NS 10
INLINE-  2147483647 2147483647    512594.59400   6251206.50000     10981.69396 Case2_F151_NS 11
INLINE-  2147483647 2147483647    512630.46900   6251234.00000     10718.00144 Case2_F151_NS 11
INLINE-  2147483647 2147483647    512662.09400   6251258.00000     10452.12090 Case2_F151_NS 11
