INLINE-  2147483647 2147483647    513946.25000   6250502.00000      9111.48795 Case2_F164_NNE 1
INLINE-  2147483647 2147483647    513934.53125   6250505.50000      9319.39852 Case2_F164_NNE 1
INLINE-  2147483647 2147483647    513921.71875   6250510.00000      9533.11868 Case2_F164_NNE 1
INLINE-  2147483647 2147483647    513901.56250   6250516.50000      9864.98946 Case2_F164_NNE 1
INLINE-  2147483647 2147483647    513856.59375   6250531.00000     10380.72096 Case2_F164_NNE 1
INLINE-  2147483647 2147483647    513974.84375   6250569.50000      9111.25846 Case2_F164_NNE 2
INLINE-  2147483647 2147483647    513955.56250   6250575.00000      9383.08908 Case2_F164_NNE 2
INLINE-  2147483647 2147483647    513934.43750   6250582.50000      9742.14937 Case2_F164_NNE 2
INLINE-  2147483647 2147483647    513912.53125   6250589.50000     10100.92059 Case2_F164_NNE 2
INLINE-  2147483647 2147483647    513891.00000   6250596.50000     10459.62053 Case2_F164_NNE 2
INLINE-  2147483647 2147483647    514008.62500   6250645.50000      9093.97815 Case2_F164_NNE 3
INLINE-  2147483647 2147483647    513989.71875   6250651.50000      9258.48824 Case2_F164_NNE 3
INLINE-  2147483647 2147483647    513976.62500   6250656.00000      9519.15869 Case2_F164_NNE 3
INLINE-  2147483647 2147483647    513950.34375   6250664.00000     10022.81985 Case2_F164_NNE 3
INLINE-  2147483647 2147483647    513932.03125   6250670.50000     10501.32081 Case2_F164_NNE 3
INLINE-  2147483647 2147483647    514021.18750   6250721.50000      9066.18805 Case2_F164_NNE 4
INLINE-  2147483647 2147483647    514016.84375   6250723.00000      9164.68825 Case2_F164_NNE 4
INLINE-  2147483647 2147483647    514016.62500   6250722.50000      9484.35881 Case2_F164_NNE 4
INLINE-  2147483647 2147483647    514016.62500   6250722.50000      9846.56950 Case2_F164_NNE 4
INLINE-  2147483647 2147483647    514012.56250   6250724.00000     10205.42080 Case2_F164_NNE 4
INLINE-  2147483647 2147483647    514036.68750   6250774.00000      9067.82771 Case2_F164_NNE 5
INLINE-  2147483647 2147483647    514033.96875   6250775.00000      9205.05845 Case2_F164_NNE 5
INLINE-  2147483647 2147483647    514035.34375   6250774.50000      9549.09918 Case2_F164_NNE 5
INLINE-  2147483647 2147483647    514035.12500   6250774.50000      9893.13990 Case2_F164_NNE 5
INLINE-  2147483647 2147483647    514032.53125   6250775.50000     10237.12008 Case2_F164_NNE 5
INLINE-  2147483647 2147483647    514053.50000   6250834.50000      9081.43808 Case2_F164_NNE 6
INLINE-  2147483647 2147483647    514059.62500   6250832.50000      9458.63903 Case2_F164_NNE 6
INLINE-  2147483647 2147483647    514060.78125   6250832.00000     10173.42074 Case2_F164_NNE 6
