INLINE-  2147483647 2147483647    511770.87500   6249427.50000     10234.85247 Case2_F155_NS 1
INLINE-  2147483647 2147483647    511729.81200   6249396.00000     10558.97012 Case2_F155_NS 1
INLINE-  2147483647 2147483647    511662.78100   6249344.50000     11012.06902 Case2_F155_NS 1
INLINE-  2147483647 2147483647    511583.15600   6249283.50000     11366.54773 Case2_F155_NS 1
INLINE-  2147483647 2147483647    511793.59400   6249381.50000     10184.37237 Case2_F155_NS 2
INLINE-  2147483647 2147483647    511747.37500   6249346.50000     10564.09713 Case2_F155_NS 2
INLINE-  2147483647 2147483647    511678.56200   6249293.50000     10971.78494 Case2_F155_NS 2
INLINE-  2147483647 2147483647    511601.71900   6249235.00000     11366.72573 Case2_F155_NS 2
INLINE-  2147483647 2147483647    511812.28100   6249333.00000     10184.53037 Case2_F155_NS 3
INLINE-  2147483647 2147483647    511764.75000   6249296.50000     10541.53908 Case2_F155_NS 3
INLINE-  2147483647 2147483647    511699.12500   6249246.50000     10956.56091 Case2_F155_NS 3
INLINE-  2147483647 2147483647    511634.96900   6249197.50000     11282.55057 Case2_F155_NS 3
INLINE-  2147483647 2147483647    511842.34400   6249277.50000     10201.57040 Case2_F155_NS 4
INLINE-  2147483647 2147483647    511802.75000   6249247.00000     10541.53908 Case2_F155_NS 4
INLINE-  2147483647 2147483647    511733.34400   6249194.00000     10916.43483 Case2_F155_NS 4
INLINE-  2147483647 2147483647    511657.18800   6249135.50000     11244.82149 Case2_F155_NS 4
INLINE-  2147483647 2147483647    511880.31200   6249228.00000     10201.57040 Case2_F155_NS 5
INLINE-  2147483647 2147483647    511840.71900   6249197.50000     10541.53908 Case2_F155_NS 5
INLINE-  2147483647 2147483647    511743.90600   6249123.50000     10984.20997 Case2_F155_NS 5
INLINE-  2147483647 2147483647    511916.28100   6249176.50000     10219.13744 Case2_F155_NS 6
INLINE-  2147483647 2147483647    511878.68800   6249148.00000     10541.53908 Case2_F155_NS 6
INLINE-  2147483647 2147483647    511781.90600   6249074.00000     10984.20997 Case2_F155_NS 6
