INLINE-  2147483647 2147483647    515015.28125   6248526.50000      8804.36722 Case1_F060_NS 1
INLINE-  2147483647 2147483647    514986.50000   6248504.50000      8944.64777 Case1_F060_NS 1
INLINE-  2147483647 2147483647    514932.71875   6248463.50000      9139.57785 Case1_F060_NS 1
INLINE-  2147483647 2147483647    514881.18750   6248424.00000      9307.90826 Case1_F060_NS 1
INLINE-  2147483647 2147483647    515056.56250   6248479.50000      8805.28714 Case1_F060_NS 2
INLINE-  2147483647 2147483647    515017.25000   6248449.50000      8985.34805 Case1_F060_NS 2
INLINE-  2147483647 2147483647    514970.59375   6248414.00000      9158.33863 Case1_F060_NS 2
INLINE-  2147483647 2147483647    514918.28125   6248374.00000      9324.49912 Case1_F060_NS 2
INLINE-  2147483647 2147483647    515099.68750   6248434.00000      8795.78712 Case1_F060_NS 3
INLINE-  2147483647 2147483647    515071.00000   6248412.00000      8934.65752 Case1_F060_NS 3
INLINE-  2147483647 2147483647    515012.12500   6248367.00000      9165.62868 Case1_F060_NS 3
INLINE-  2147483647 2147483647    514950.68750   6248320.00000      9357.32828 Case1_F060_NS 3
INLINE-  2147483647 2147483647    515155.68750   6248382.50000      8784.24804 Case1_F060_NS 4
INLINE-  2147483647 2147483647    515124.40625   6248358.50000      8928.70829 Case1_F060_NS 4
INLINE-  2147483647 2147483647    515062.65625   6248311.00000      9179.04863 Case1_F060_NS 4
INLINE-  2147483647 2147483647    514969.06250   6248239.50000      9472.52871 Case1_F060_NS 4
INLINE-  2147483647 2147483647    515204.28125   6248341.00000      8803.55765 Case1_F060_NS 5
INLINE-  2147483647 2147483647    515177.37500   6248320.50000      8918.68776 Case1_F060_NS 5
INLINE-  2147483647 2147483647    515104.31250   6248264.50000      9218.59852 Case1_F060_NS 5
INLINE-  2147483647 2147483647    515007.93750   6248190.50000      9522.55908 Case1_F060_NS 5
INLINE-  2147483647 2147483647    515252.46875   6248299.00000      8790.72754 Case1_F060_NS 6
INLINE-  2147483647 2147483647    515232.03125   6248283.50000      8886.06758 Case1_F060_NS 6
INLINE-  2147483647 2147483647    515141.18750   6248214.00000      9254.66890 Case1_F060_NS 6
INLINE-  2147483647 2147483647    515026.93750   6248126.50000      9595.98892 Case1_F060_NS 6
INLINE-  2147483647 2147483647    515278.75000   6248272.00000      8771.85739 Case1_F060_NS 7
INLINE-  2147483647 2147483647    515243.50000   6248245.00000      8976.56776 Case1_F060_NS 7
INLINE-  2147483647 2147483647    515148.90625   6248172.50000      9322.88876 Case1_F060_NS 7
INLINE-  2147483647 2147483647    515033.84375   6248084.50000      9643.26929 Case1_F060_NS 7
INLINE-  2147483647 2147483647    515305.93750   6248261.50000      8767.94722 Case1_F060_NS 8
INLINE-  2147483647 2147483647    515268.90625   6248233.00000      8928.53739 Case1_F060_NS 8
INLINE-  2147483647 2147483647    515189.09375   6248172.00000      9266.05857 Case1_F060_NS 8
INLINE-  2147483647 2147483647    515046.25000   6248062.50000      9664.52909 Case1_F060_NS 8
INLINE-  2147483647 2147483647    515324.21875   6248244.00000      8764.93745 Case1_F060_NS 9
INLINE-  2147483647 2147483647    515293.25000   6248220.00000      8933.75810 Case1_F060_NS 9
INLINE-  2147483647 2147483647    515209.34375   6248156.00000      9279.54883 Case1_F060_NS 9
INLINE-  2147483647 2147483647    515103.15625   6248074.50000      9600.61881 Case1_F060_NS 9
INLINE-  2147483647 2147483647    515364.06250   6248227.00000      8734.90712 Case1_F060_NS 10
INLINE-  2147483647 2147483647    515307.18750   6248183.50000      9020.12839 Case1_F060_NS 10
INLINE-  2147483647 2147483647    515241.18750   6248133.00000      9293.03812 Case1_F060_NS 10
INLINE-  2147483647 2147483647    515167.31250   6248076.50000      9529.77883 Case1_F060_NS 10
INLINE-  2147483647 2147483647    515396.18750   6248204.50000      8704.40706 Case1_F060_NS 11
INLINE-  2147483647 2147483647    515366.12500   6248181.50000      8882.29804 Case1_F060_NS 11
INLINE-  2147483647 2147483647    515334.25000   6248157.00000      9049.50833 Case1_F060_NS 11
INLINE-  2147483647 2147483647    515293.15625   6248125.50000      9207.22838 Case1_F060_NS 11
INLINE-  2147483647 2147483647    515213.93750   6248065.00000      9470.65859 Case1_F060_NS 11
INLINE-  2147483647 2147483647    515408.09375   6248182.00000      8698.97736 Case1_F060_NS 12
INLINE-  2147483647 2147483647    515383.87500   6248163.50000      8895.49826 Case1_F060_NS 12
INLINE-  2147483647 2147483647    515340.81250   6248130.50000      9096.93812 Case1_F060_NS 12
INLINE-  2147483647 2147483647    515247.18750   6248059.00000      9418.01884 Case1_F060_NS 12
INLINE-  2147483647 2147483647    515450.25000   6248167.00000      8682.24783 Case1_F060_NS 13
INLINE-  2147483647 2147483647    515420.37500   6248144.50000      8823.45808 Case1_F060_NS 13
INLINE-  2147483647 2147483647    515383.34375   6248116.00000      9019.42820 Case1_F060_NS 13
INLINE-  2147483647 2147483647    515272.25000   6248031.00000      9411.60867 Case1_F060_NS 13
INLINE-  2147483647 2147483647    515476.65625   6248156.00000      8673.47731 Case1_F060_NS 14
INLINE-  2147483647 2147483647    515438.84375   6248127.00000      8830.80770 Case1_F060_NS 14
INLINE-  2147483647 2147483647    515397.25000   6248095.00000      9035.22803 Case1_F060_NS 14
INLINE-  2147483647 2147483647    515285.28125   6248009.50000      9418.01884 Case1_F060_NS 14
