INLINE-  2147483647 2147483647    516423.65600   6247188.50000      9017.88904 Case1_F127_EW 1
INLINE-  2147483647 2147483647    516449.43800   6247154.50000      9347.97370 Case1_F127_EW 1
INLINE-  2147483647 2147483647    516493.53100   6247097.00000      9778.05356 Case1_F127_EW 1
INLINE-  2147483647 2147483647    516533.15600   6247045.00000     10116.66723 Case1_F127_EW 1
INLINE-  2147483647 2147483647    516580.90600   6246983.00000     10363.89173 Case1_F127_EW 1
INLINE-  2147483647 2147483647    516373.50000   6247151.00000      8875.17375 Case1_F127_EW 2
INLINE-  2147483647 2147483647    516411.40600   6247101.50000      9375.28075 Case1_F127_EW 2
INLINE-  2147483647 2147483647    516447.37500   6247054.50000      9755.30251 Case1_F127_EW 2
INLINE-  2147483647 2147483647    516485.93800   6247004.00000     10073.53615 Case1_F127_EW 2
INLINE-  2147483647 2147483647    516526.59400   6246951.00000     10334.69867 Case1_F127_EW 2
INLINE-  2147483647 2147483647    516328.81200   6247106.50000      8810.81062 Case1_F127_EW 3
INLINE-  2147483647 2147483647    516360.46900   6247065.00000      9268.27654 Case1_F127_EW 3
INLINE-  2147483647 2147483647    516397.06200   6247017.50000      9683.51537 Case1_F127_EW 3
INLINE-  2147483647 2147483647    516435.75000   6246967.00000     10021.65504 Case1_F127_EW 3
INLINE-  2147483647 2147483647    516482.46900   6246906.00000     10322.97765 Case1_F127_EW 3
INLINE-  2147483647 2147483647    516292.46900   6247051.00000      8734.75347 Case1_F127_EW 4
INLINE-  2147483647 2147483647    516311.28100   6247026.50000      9185.34637 Case1_F127_EW 4
INLINE-  2147483647 2147483647    516352.25000   6246973.00000      9703.50341 Case1_F127_EW 4
INLINE-  2147483647 2147483647    516391.71900   6246921.50000     10018.13304 Case1_F127_EW 4
INLINE-  2147483647 2147483647    516435.78100   6246864.00000     10328.85866 Case1_F127_EW 4
INLINE-  2147483647 2147483647    516248.56200   6247006.00000      8757.44451 Case1_F127_EW 5
INLINE-  2147483647 2147483647    516265.31200   6246984.00000      9123.53425 Case1_F127_EW 5
INLINE-  2147483647 2147483647    516305.03100   6246932.00000      9697.43139 Case1_F127_EW 5
INLINE-  2147483647 2147483647    516341.40600   6246884.50000     10010.62402 Case1_F127_EW 5
INLINE-  2147483647 2147483647    516392.03100   6246818.50000     10300.15160 Case1_F127_EW 5
INLINE-  2147483647 2147483647    516211.96900   6246950.50000      8824.86965 Case1_F127_EW 6
INLINE-  2147483647 2147483647    516221.84400   6246938.00000      9120.08324 Case1_F127_EW 6
INLINE-  2147483647 2147483647    516252.81200   6246897.50000      9648.45230 Case1_F127_EW 6
INLINE-  2147483647 2147483647    516289.90600   6246849.00000      9957.10991 Case1_F127_EW 6
INLINE-  2147483647 2147483647    516348.46900   6246772.50000     10319.30364 Case1_F127_EW 6
INLINE-  2147483647 2147483647    516177.12500   6246893.50000      9011.23902 Case1_F127_EW 7
INLINE-  2147483647 2147483647    516182.25000   6246886.50000      9266.04253 Case1_F127_EW 7
INLINE-  2147483647 2147483647    516205.21900   6246856.50000      9680.69536 Case1_F127_EW 7
INLINE-  2147483647 2147483647    516242.68800   6246807.50000      9981.01796 Case1_F127_EW 7
INLINE-  2147483647 2147483647    516288.43800   6246748.00000     10274.48655 Case1_F127_EW 7
