INLINE-  2147483647 2147483647    510162.03100   6254528.50000      9746.12349 Case2_F006_NNW 1
INLINE-  2147483647 2147483647    510162.06200   6254574.00000     10189.25638 Case2_F006_NNW 1
INLINE-  2147483647 2147483647    510162.18800   6254721.50000     10735.14647 Case2_F006_NNW 1
INLINE-  2147483647 2147483647    510072.06200   6254517.50000      9745.58849 Case2_F006_NNW 2
INLINE-  2147483647 2147483647    510072.12500   6254574.00000     10189.25638 Case2_F006_NNW 2
INLINE-  2147483647 2147483647    510072.25000   6254717.00000     10686.87037 Case2_F006_NNW 2
INLINE-  2147483647 2147483647    510014.87500   6254510.50000      9798.01960 Case2_F006_NNW 3
INLINE-  2147483647 2147483647    510014.90600   6254562.50000     10221.20244 Case2_F006_NNW 3
INLINE-  2147483647 2147483647    510015.03100   6254677.50000     10597.94320 Case2_F006_NNW 3
INLINE-  2147483647 2147483647    509940.09400   6254475.50000      9742.58949 Case2_F006_NNW 4
INLINE-  2147483647 2147483647    509940.15600   6254524.00000     10221.99344 Case2_F006_NNW 4
INLINE-  2147483647 2147483647    509940.28100   6254661.50000     10596.69719 Case2_F006_NNW 4
INLINE-  2147483647 2147483647    509855.40600   6254429.00000      9806.72361 Case2_F006_NNW 5
INLINE-  2147483647 2147483647    509855.50000   6254507.50000     10301.11060 Case2_F006_NNW 5
INLINE-  2147483647 2147483647    509855.62500   6254645.00000     10617.80824 Case2_F006_NNW 5
INLINE-  2147483647 2147483647    509770.75000   6254413.00000      9849.91470 Case2_F006_NNW 6
INLINE-  2147483647 2147483647    509770.81200   6254492.50000     10302.95961 Case2_F006_NNW 6
INLINE-  2147483647 2147483647    509770.93800   6254599.00000     10662.20732 Case2_F006_NNW 6
INLINE-  2147483647 2147483647    509690.71900   6254413.50000      9849.91470 Case2_F006_NNW 7
INLINE-  2147483647 2147483647    509690.81200   6254489.00000     10289.60558 Case2_F006_NNW 7
INLINE-  2147483647 2147483647    509690.90600   6254599.00000     10662.20732 Case2_F006_NNW 7
INLINE-  2147483647 2147483647    509655.68800   6254413.50000      9849.91470 Case2_F006_NNW 8
INLINE-  2147483647 2147483647    509655.75000   6254489.50000     10289.60558 Case2_F006_NNW 8
INLINE-  2147483647 2147483647    509655.87500   6254599.00000     10662.20732 Case2_F006_NNW 8
