INLINE-  2147483647 2147483647    514332.46900   6250065.00000      9085.19317 Case1_F002_EW 1
INLINE-  2147483647 2147483647    514307.87500   6250097.00000      9520.33704 Case1_F002_EW 1
INLINE-  2147483647 2147483647    514275.84400   6250118.00000      9892.46678 Case1_F002_EW 1
INLINE-  2147483647 2147483647    514252.28100   6250169.50000     10149.13030 Case1_F002_EW 1
INLINE-  2147483647 2147483647    514363.90600   6250106.00000      9143.26229 Case1_F002_EW 2
INLINE-  2147483647 2147483647    514347.43800   6250127.50000      9462.39892 Case1_F002_EW 2
INLINE-  2147483647 2147483647    514310.56200   6250175.50000      9855.97671 Case1_F002_EW 2
INLINE-  2147483647 2147483647    514284.78100   6250209.50000     10038.87308 Case1_F002_EW 2
INLINE-  2147483647 2147483647    514408.53100   6250150.50000      9007.17801 Case1_F002_EW 3
INLINE-  2147483647 2147483647    514386.43800   6250179.50000      9461.90192 Case1_F002_EW 3
INLINE-  2147483647 2147483647    514366.59400   6250205.50000      9753.81051 Case1_F002_EW 3
INLINE-  2147483647 2147483647    514333.96900   6250248.00000     10017.20403 Case1_F002_EW 3
INLINE-  2147483647 2147483647    514439.78100   6250212.50000      9145.16829 Case1_F002_EW 4
INLINE-  2147483647 2147483647    514427.56200   6250228.50000      9525.56905 Case1_F002_EW 4
INLINE-  2147483647 2147483647    514378.03100   6250293.00000     10017.15603 Case1_F002_EW 4
INLINE-  2147483647 2147483647    514489.43800   6250250.50000      9145.16829 Case1_F002_EW 5
INLINE-  2147483647 2147483647    514477.21900   6250266.50000      9525.56905 Case1_F002_EW 5
INLINE-  2147483647 2147483647    514452.25000   6250299.00000      9919.85784 Case1_F002_EW 5
INLINE-  2147483647 2147483647    514519.34400   6250273.00000      9145.16829 Case1_F002_EW 6
INLINE-  2147483647 2147483647    514507.15600   6250289.00000      9525.56905 Case1_F002_EW 6
INLINE-  2147483647 2147483647    514493.96900   6250306.50000      9763.83153 Case1_F002_EW 6
INLINE-  2147483647 2147483647    514466.25000   6250342.50000     10013.38203 Case1_F002_EW 6
INLINE-  2147483647 2147483647    514539.06200   6250288.50000      9145.16829 Case1_F002_EW 7
INLINE-  2147483647 2147483647    514526.87500   6250304.50000      9525.56905 Case1_F002_EW 7
INLINE-  2147483647 2147483647    514502.31200   6250336.50000      9842.17968 Case1_F002_EW 7
INLINE-  2147483647 2147483647    514461.71900   6250389.50000     10142.85229 Case1_F002_EW 7
INLINE-  2147483647 2147483647    514574.31200   6250324.50000      9254.51851 Case1_F002_EW 8
INLINE-  2147483647 2147483647    514566.65600   6250334.50000      9525.56905 Case1_F002_EW 8
INLINE-  2147483647 2147483647    514549.12500   6250357.50000      9806.85961 Case1_F002_EW 8
INLINE-  2147483647 2147483647    514510.65600   6250408.00000     10075.41815 Case1_F002_EW 8
INLINE-  2147483647 2147483647    514632.15600   6250352.00000      9269.90854 Case1_F002_EW 9
INLINE-  2147483647 2147483647    514615.40600   6250374.00000      9566.03913 Case1_F002_EW 9
INLINE-  2147483647 2147483647    514589.87500   6250407.00000      9821.93564 Case1_F002_EW 9
INLINE-  2147483647 2147483647    514569.81200   6250433.50000     10063.32113 Case1_F002_EW 9
INLINE-  2147483647 2147483647    514658.28100   6250379.50000      9285.40457 Case1_F002_EW 10
INLINE-  2147483647 2147483647    514647.75000   6250393.00000      9526.60305 Case1_F002_EW 10
INLINE-  2147483647 2147483647    514621.81200   6250427.00000      9840.03968 Case1_F002_EW 10
INLINE-  2147483647 2147483647    514600.87500   6250454.50000     10019.56704 Case1_F002_EW 10
