INLINE-  2147483647 2147483647    514028.59400   6248653.00000      9183.45437 Case1_F037_NS 1
INLINE-  2147483647 2147483647    513985.56200   6248620.00000      9813.25663 Case1_F037_NS 1
INLINE-  2147483647 2147483647    513939.75000   6248585.00000     10442.29388 Case1_F037_NS 1
INLINE-  2147483647 2147483647    513891.75000   6248548.00000     11070.64514 Case1_F037_NS 1
INLINE-  2147483647 2147483647    513839.68800   6248508.50000     11697.71440 Case1_F037_NS 1
INLINE-  2147483647 2147483647    513991.37500   6248719.00000      9191.11238 Case1_F037_NS 2
INLINE-  2147483647 2147483647    513958.28100   6248693.50000      9637.69528 Case1_F037_NS 2
INLINE-  2147483647 2147483647    513918.75000   6248663.00000     10197.18239 Case1_F037_NS 2
INLINE-  2147483647 2147483647    513871.40600   6248627.00000     10899.09080 Case1_F037_NS 2
INLINE-  2147483647 2147483647    513806.46900   6248577.50000     11732.52547 Case1_F037_NS 2
INLINE-  2147483647 2147483647    513902.78100   6248840.00000      9181.73736 Case1_F037_NS 3
INLINE-  2147483647 2147483647    513870.81200   6248815.50000      9545.71409 Case1_F037_NS 3
INLINE-  2147483647 2147483647    513820.53100   6248777.00000     10631.67326 Case1_F037_NS 3
INLINE-  2147483647 2147483647    513753.71900   6248726.00000     11850.53970 Case1_F037_NS 3
INLINE-  2147483647 2147483647    513824.65600   6248969.00000      9207.49541 Case1_F037_NS 4
INLINE-  2147483647 2147483647    513819.87500   6248965.50000      9518.29604 Case1_F037_NS 4
INLINE-  2147483647 2147483647    513795.21900   6248946.50000     10304.23361 Case1_F037_NS 4
INLINE-  2147483647 2147483647    513697.93800   6248872.00000     11983.09097 Case1_F037_NS 4
INLINE-  2147483647 2147483647    513732.68800   6249087.50000      9233.13747 Case1_F037_NS 5
INLINE-  2147483647 2147483647    513695.09400   6249058.50000      9925.48085 Case1_F037_NS 5
INLINE-  2147483647 2147483647    513602.84400   6248988.00000     11626.27125 Case1_F037_NS 5
INLINE-  2147483647 2147483647    513664.90600   6249224.50000      9261.98452 Case1_F037_NS 6
INLINE-  2147483647 2147483647    513624.90600   6249194.00000      9923.45385 Case1_F037_NS 6
INLINE-  2147483647 2147483647    513532.56200   6249123.00000     11421.81184 Case1_F037_NS 6
INLINE-  2147483647 2147483647    513573.75000   6249343.50000      9261.98452 Case1_F037_NS 7
INLINE-  2147483647 2147483647    513533.75000   6249313.00000      9923.45385 Case1_F037_NS 7
INLINE-  2147483647 2147483647    513457.93800   6249255.00000     11222.97645 Case1_F037_NS 7
INLINE-  2147483647 2147483647    513465.12500   6249449.00000      9364.26973 Case1_F037_NS 8
INLINE-  2147483647 2147483647    513415.56200   6249411.00000      9931.67186 Case1_F037_NS 8
INLINE-  2147483647 2147483647    513334.65600   6249349.50000     10710.03542 Case1_F037_NS 8
