INLINE-  2147483647 2147483647    510856.75000   6254188.50000      9775.43355 Case2_F010_NS 1
INLINE-  2147483647 2147483647    510824.90600   6254164.00000      9976.86495 Case2_F010_NS 1
INLINE-  2147483647 2147483647    510788.28100   6254136.00000     10196.18039 Case2_F010_NS 1
INLINE-  2147483647 2147483647    510797.09400   6254221.50000      9778.75856 Case2_F010_NS 2
INLINE-  2147483647 2147483647    510766.12500   6254198.00000     10022.19804 Case2_F010_NS 2
INLINE-  2147483647 2147483647    510740.03100   6254178.00000     10199.54040 Case2_F010_NS 2
INLINE-  2147483647 2147483647    510726.12500   6254261.50000      9811.93562 Case2_F010_NS 3
INLINE-  2147483647 2147483647    510695.62500   6254238.50000     10045.42009 Case2_F010_NS 3
INLINE-  2147483647 2147483647    510688.43800   6254233.00000     10202.62541 Case2_F010_NS 3
INLINE-  2147483647 2147483647    510676.75000   6254302.50000      9839.87668 Case2_F010_NS 4
INLINE-  2147483647 2147483647    510668.12500   6254296.00000     10046.81709 Case2_F010_NS 4
INLINE-  2147483647 2147483647    510664.43800   6254293.00000     10156.01431 Case2_F010_NS 4
INLINE-  2147483647 2147483647    510646.65600   6254374.00000      9841.32868 Case2_F010_NS 5
INLINE-  2147483647 2147483647    510628.62500   6254360.50000     10112.43822 Case2_F010_NS 5
INLINE-  2147483647 2147483647    510615.84400   6254350.50000     10212.71743 Case2_F010_NS 5
INLINE-  2147483647 2147483647    510616.03100   6254476.50000      9830.66766 Case2_F010_NS 6
INLINE-  2147483647 2147483647    510600.93800   6254465.00000     10037.62008 Case2_F010_NS 6
INLINE-  2147483647 2147483647    510570.65600   6254441.50000     10324.05765 Case2_F010_NS 6
INLINE-  2147483647 2147483647    510586.50000   6254532.50000      9815.05563 Case2_F010_NS 7
INLINE-  2147483647 2147483647    510572.65600   6254522.00000     10005.62801 Case2_F010_NS 7
INLINE-  2147483647 2147483647    510556.28100   6254509.50000     10308.97762 Case2_F010_NS 7
INLINE-  2147483647 2147483647    510570.03100   6254598.50000      9815.91263 Case2_F010_NS 8
INLINE-  2147483647 2147483647    510549.75000   6254583.00000     10057.72012 Case2_F010_NS 8
INLINE-  2147483647 2147483647    510535.50000   6254572.00000     10265.92053 Case2_F010_NS 8
INLINE-  2147483647 2147483647    510565.12500   6254658.00000      9833.30067 Case2_F010_NS 9
INLINE-  2147483647 2147483647    510549.59400   6254646.00000     10051.02010 Case2_F010_NS 9
INLINE-  2147483647 2147483647    510526.25000   6254628.00000     10262.26852 Case2_F010_NS 9
