INLINE-  2147483647 2147483647    516415.28100   6248762.50000      9275.45755 Case1_F080_EW 1
INLINE-  2147483647 2147483647    516396.96900   6248786.50000      9419.78884 Case1_F080_EW 1
INLINE-  2147483647 2147483647    516370.46900   6248821.00000      9627.03925 Case1_F080_EW 1
INLINE-  2147483647 2147483647    516373.31200   6248755.50000      9238.76848 Case1_F080_EW 2
INLINE-  2147483647 2147483647    516357.31200   6248776.50000      9417.90884 Case1_F080_EW 2
INLINE-  2147483647 2147483647    516333.12500   6248808.00000      9622.81925 Case1_F080_EW 2
INLINE-  2147483647 2147483647    516307.71900   6248738.50000      9258.10852 Case1_F080_EW 3
INLINE-  2147483647 2147483647    516294.75000   6248755.50000      9448.57890 Case1_F080_EW 3
INLINE-  2147483647 2147483647    516287.37500   6248765.00000      9645.52929 Case1_F080_EW 3
INLINE-  2147483647 2147483647    516275.68800   6248718.50000      9235.46747 Case1_F080_EW 4
INLINE-  2147483647 2147483647    516269.59400   6248726.50000      9438.65888 Case1_F080_EW 4
INLINE-  2147483647 2147483647    516269.59400   6248726.50000      9614.55923 Case1_F080_EW 4
INLINE-  2147483647 2147483647    516253.50000   6248686.00000      9245.80849 Case1_F080_EW 5
INLINE-  2147483647 2147483647    516251.96900   6248688.00000      9435.95887 Case1_F080_EW 5
INLINE-  2147483647 2147483647    516246.62500   6248695.00000      9600.76920 Case1_F080_EW 5
INLINE-  2147483647 2147483647    516236.62500   6248646.00000      9232.75847 Case1_F080_EW 6
INLINE-  2147483647 2147483647    516239.65600   6248642.00000      9411.27882 Case1_F080_EW 6
INLINE-  2147483647 2147483647    516236.62500   6248646.00000      9624.42925 Case1_F080_EW 6
