INLINE-  2147483647 2147483647    515509.31200   6252044.00000      9102.73321 Case2_F133_EW 1
INLINE-  2147483647 2147483647    515486.68800   6252073.50000      9596.11119 Case2_F133_EW 1
INLINE-  2147483647 2147483647    515444.28100   6252129.00000      9950.17090 Case2_F133_EW 1
INLINE-  2147483647 2147483647    515352.81200   6252248.50000     10440.79688 Case2_F133_EW 1
INLINE-  2147483647 2147483647    515481.00000   6251999.00000      9116.19923 Case2_F133_EW 2
INLINE-  2147483647 2147483647    515461.18800   6252024.50000      9526.62905 Case2_F133_EW 2
INLINE-  2147483647 2147483647    515411.40600   6252090.00000      9946.09189 Case2_F133_EW 2
INLINE-  2147483647 2147483647    515313.09400   6252218.50000     10440.79688 Case2_F133_EW 2
INLINE-  2147483647 2147483647    515440.09400   6251949.50000      9180.77036 Case2_F133_EW 3
INLINE-  2147483647 2147483647    515437.93800   6251952.50000      9500.79200 Case2_F133_EW 3
INLINE-  2147483647 2147483647    515422.00000   6251973.00000      9634.37827 Case2_F133_EW 3
INLINE-  2147483647 2147483647    515400.87500   6252000.50000      9827.85566 Case2_F133_EW 3
INLINE-  2147483647 2147483647    515342.93800   6252076.50000     10199.61040 Case2_F133_EW 3
INLINE-  2147483647 2147483647    515276.34400   6252163.50000     10561.81212 Case2_F133_EW 3
INLINE-  2147483647 2147483647    515434.59400   6251915.50000      9208.54242 Case2_F133_EW 4
INLINE-  2147483647 2147483647    515418.50000   6251936.50000      9580.05616 Case2_F133_EW 4
INLINE-  2147483647 2147483647    515376.90600   6251991.00000      9938.40488 Case2_F133_EW 4
INLINE-  2147483647 2147483647    515328.25000   6252054.50000     10290.59058 Case2_F133_EW 4
INLINE-  2147483647 2147483647    515264.25000   6252138.00000     10624.77325 Case2_F133_EW 4
INLINE-  2147483647 2147483647    515416.62500   6251877.50000      9237.47547 Case2_F133_EW 5
INLINE-  2147483647 2147483647    515378.21900   6251927.50000      9752.20250 Case2_F133_EW 5
INLINE-  2147483647 2147483647    515326.06200   6251995.50000     10136.29427 Case2_F133_EW 5
INLINE-  2147483647 2147483647    515275.15600   6252062.00000     10452.51091 Case2_F133_EW 5
INLINE-  2147483647 2147483647    515234.56200   6252115.00000     10679.41536 Case2_F133_EW 5
INLINE-  2147483647 2147483647    515355.75000   6251854.00000      9303.95661 Case2_F133_EW 6
INLINE-  2147483647 2147483647    515332.50000   6251884.50000      9642.23828 Case2_F133_EW 6
INLINE-  2147483647 2147483647    515305.15600   6251920.00000      9918.07884 Case2_F133_EW 6
INLINE-  2147483647 2147483647    515236.43800   6252010.00000     10371.76174 Case2_F133_EW 6
INLINE-  2147483647 2147483647    515178.75000   6252085.50000     10703.37541 Case2_F133_EW 6
INLINE-  2147483647 2147483647    515326.21900   6251831.00000      9271.57154 Case2_F133_EW 7
INLINE-  2147483647 2147483647    515303.06200   6251861.00000      9646.33729 Case2_F133_EW 7
INLINE-  2147483647 2147483647    515260.81200   6251916.50000     10009.57502 Case2_F133_EW 7
INLINE-  2147483647 2147483647    515210.43800   6251982.00000     10365.56473 Case2_F133_EW 7
INLINE-  2147483647 2147483647    515149.34400   6252062.00000     10709.70742 Case2_F133_EW 7
INLINE-  2147483647 2147483647    515307.96900   6251813.50000      9237.31647 Case2_F133_EW 8
INLINE-  2147483647 2147483647    515292.84400   6251833.50000      9600.60020 Case2_F133_EW 8
INLINE-  2147483647 2147483647    515255.25000   6251882.50000      9934.12187 Case2_F133_EW 8
INLINE-  2147483647 2147483647    515193.68800   6251963.00000     10371.59774 Case2_F133_EW 8
INLINE-  2147483647 2147483647    515132.56200   6252043.00000     10713.82843 Case2_F133_EW 8
