INLINE-  2147483647 2147483647    517943.28100   6249974.50000      9772.75755 Case1_F073_EW 1
INLINE-  2147483647 2147483647    517872.62500   6250067.00000      9986.68197 Case1_F073_EW 1
INLINE-  2147483647 2147483647    517893.65600   6249936.50000      9772.75755 Case1_F073_EW 2
INLINE-  2147483647 2147483647    517830.50000   6250019.00000      9979.71096 Case1_F073_EW 2
INLINE-  2147483647 2147483647    517744.12500   6250132.00000     10256.43651 Case1_F073_EW 2
INLINE-  2147483647 2147483647    517832.56200   6249913.50000      9780.95356 Case1_F073_EW 3
INLINE-  2147483647 2147483647    517777.53100   6249985.50000      9976.31095 Case1_F073_EW 3
INLINE-  2147483647 2147483647    517714.71900   6250067.50000     10153.61831 Case1_F073_EW 3
INLINE-  2147483647 2147483647    517657.15600   6250142.50000     10291.57858 Case1_F073_EW 3
INLINE-  2147483647 2147483647    517758.93800   6249907.00000      9828.94666 Case1_F073_EW 4
INLINE-  2147483647 2147483647    517718.37500   6249960.00000      9969.30294 Case1_F073_EW 4
INLINE-  2147483647 2147483647    517671.12500   6250021.50000     10108.80522 Case1_F073_EW 4
INLINE-  2147483647 2147483647    517550.43800   6250179.00000     10468.10694 Case1_F073_EW 4
INLINE-  2147483647 2147483647    517710.75000   6249867.00000      9792.90959 Case1_F073_EW 5
INLINE-  2147483647 2147483647    517683.71900   6249902.00000      9942.39288 Case1_F073_EW 5
INLINE-  2147483647 2147483647    517621.50000   6249983.50000     10108.80522 Case1_F073_EW 5
INLINE-  2147483647 2147483647    517457.53100   6250198.00000     10566.07413 Case1_F073_EW 5
INLINE-  2147483647 2147483647    517671.03100   6249836.50000      9792.90959 Case1_F073_EW 6
INLINE-  2147483647 2147483647    517644.03100   6249872.00000      9942.39288 Case1_F073_EW 6
INLINE-  2147483647 2147483647    517581.78100   6249953.00000     10108.80522 Case1_F073_EW 6
INLINE-  2147483647 2147483647    517469.50000   6250100.00000     10402.31080 Case1_F073_EW 6
INLINE-  2147483647 2147483647    517389.81200   6250204.00000     10593.43119 Case1_F073_EW 6
INLINE-  2147483647 2147483647    517621.40600   6249798.50000      9792.90959 Case1_F073_EW 7
INLINE-  2147483647 2147483647    517594.37500   6249834.00000      9942.39288 Case1_F073_EW 7
INLINE-  2147483647 2147483647    517532.15600   6249915.00000     10108.80522 Case1_F073_EW 7
INLINE-  2147483647 2147483647    517419.87500   6250062.00000     10402.31080 Case1_F073_EW 7
INLINE-  2147483647 2147483647    517289.28100   6250232.50000     10724.28145 Case1_F073_EW 7
INLINE-  2147483647 2147483647    517571.78100   6249760.50000      9792.90959 Case1_F073_EW 8
INLINE-  2147483647 2147483647    517544.75000   6249796.00000      9942.39288 Case1_F073_EW 8
INLINE-  2147483647 2147483647    517482.53100   6249877.00000     10108.80522 Case1_F073_EW 8
INLINE-  2147483647 2147483647    517356.75000   6250041.50000     10411.94482 Case1_F073_EW 8
INLINE-  2147483647 2147483647    517150.03100   6250311.50000     10847.32269 Case1_F073_EW 8
INLINE-  2147483647 2147483647    517522.12500   6249722.50000      9792.90959 Case1_F073_EW 9
INLINE-  2147483647 2147483647    517495.12500   6249758.00000      9942.39288 Case1_F073_EW 9
INLINE-  2147483647 2147483647    517432.90600   6249839.00000     10108.80522 Case1_F073_EW 9
INLINE-  2147483647 2147483647    517307.09400   6250003.50000     10411.94482 Case1_F073_EW 9
INLINE-  2147483647 2147483647    517039.59400   6250353.00000     10936.89487 Case1_F073_EW 9
INLINE-  2147483647 2147483647    517472.50000   6249684.50000      9792.90959 Case1_F073_EW 10
INLINE-  2147483647 2147483647    517445.50000   6249720.00000      9942.39288 Case1_F073_EW 10
INLINE-  2147483647 2147483647    517383.25000   6249801.00000     10108.80522 Case1_F073_EW 10
INLINE-  2147483647 2147483647    517239.37500   6249989.00000     10400.21880 Case1_F073_EW 10
INLINE-  2147483647 2147483647    516942.03100   6250377.50000     10959.48292 Case1_F073_EW 10
