INLINE-  2147483647 2147483647    512170.62500   6255461.50000      9542.16408 Case2_F013_NS 1
INLINE-  2147483647 2147483647    512235.93800   6255511.50000     10021.87904 Case2_F013_NS 1
INLINE-  2147483647 2147483647    512352.65600   6255601.00000     10592.10518 Case2_F013_NS 1
INLINE-  2147483647 2147483647    512434.62500   6255663.50000     10997.39599 Case2_F013_NS 1
INLINE-  2147483647 2147483647    512528.56200   6255735.50000     11419.93784 Case2_F013_NS 1
INLINE-  2147483647 2147483647    512192.50000   6255399.50000      9562.94413 Case2_F013_NS 2
INLINE-  2147483647 2147483647    512224.00000   6255423.50000      9820.18764 Case2_F013_NS 2
INLINE-  2147483647 2147483647    512269.50000   6255458.50000     10081.51416 Case2_F013_NS 2
INLINE-  2147483647 2147483647    512378.68800   6255542.00000     10590.75018 Case2_F013_NS 2
INLINE-  2147483647 2147483647    512462.09400   6255606.00000     10944.66789 Case2_F013_NS 2
INLINE-  2147483647 2147483647    512553.50000   6255676.00000     11303.24961 Case2_F013_NS 2
INLINE-  2147483647 2147483647    512239.46900   6255357.00000      9562.20112 Case2_F013_NS 3
INLINE-  2147483647 2147483647    512257.62500   6255371.00000      9804.38061 Case2_F013_NS 3
INLINE-  2147483647 2147483647    512294.50000   6255399.00000     10052.99511 Case2_F013_NS 3
INLINE-  2147483647 2147483647    512421.09400   6255496.00000     10589.06818 Case2_F013_NS 3
INLINE-  2147483647 2147483647    512502.81200   6255558.50000     10927.39985 Case2_F013_NS 3
INLINE-  2147483647 2147483647    512570.40600   6255610.00000     11240.00148 Case2_F013_NS 3
INLINE-  2147483647 2147483647    512288.18800   6255315.50000      9610.60922 Case2_F013_NS 4
INLINE-  2147483647 2147483647    512306.15600   6255329.00000      9824.98065 Case2_F013_NS 4
INLINE-  2147483647 2147483647    512347.00000   6255360.50000     10108.92622 Case2_F013_NS 4
INLINE-  2147483647 2147483647    512471.93800   6255456.00000     10647.62430 Case2_F013_NS 4
INLINE-  2147483647 2147483647    512547.28100   6255514.00000     10953.25991 Case2_F013_NS 4
INLINE-  2147483647 2147483647    512624.50000   6255573.00000     11256.99951 Case2_F013_NS 4
INLINE-  2147483647 2147483647    512360.81200   6255276.50000      9652.85831 Case2_F013_NS 5
INLINE-  2147483647 2147483647    512375.93800   6255288.00000      9824.78565 Case2_F013_NS 5
INLINE-  2147483647 2147483647    512408.81200   6255313.50000     10101.37320 Case2_F013_NS 5
INLINE-  2147483647 2147483647    512504.96900   6255387.00000     10555.63811 Case2_F013_NS 5
INLINE-  2147483647 2147483647    512583.62500   6255447.00000     10891.14878 Case2_F013_NS 5
INLINE-  2147483647 2147483647    512665.84400   6255510.00000     11223.31845 Case2_F013_NS 5
INLINE-  2147483647 2147483647    512424.18800   6255230.50000      9627.27125 Case2_F013_NS 6
INLINE-  2147483647 2147483647    512444.18800   6255246.00000      9818.37664 Case2_F013_NS 6
INLINE-  2147483647 2147483647    512475.87500   6255270.50000     10092.44018 Case2_F013_NS 6
INLINE-  2147483647 2147483647    512553.03100   6255329.50000     10563.19113 Case2_F013_NS 6
INLINE-  2147483647 2147483647    512630.87500   6255389.00000     10902.32380 Case2_F013_NS 6
INLINE-  2147483647 2147483647    512715.81200   6255454.00000     11234.92447 Case2_F013_NS 6
INLINE-  2147483647 2147483647    512481.15600   6255195.50000      9674.87335 Case2_F013_NS 7
INLINE-  2147483647 2147483647    512511.37500   6255218.50000      9975.79595 Case2_F013_NS 7
INLINE-  2147483647 2147483647    512598.96900   6255286.00000     10586.76117 Case2_F013_NS 7
INLINE-  2147483647 2147483647    512691.71900   6255357.00000     11028.54906 Case2_F013_NS 7
INLINE-  2147483647 2147483647    512744.50000   6255397.00000     11243.53049 Case2_F013_NS 7
INLINE-  2147483647 2147483647    512529.12500   6255153.50000      9612.66523 Case2_F013_NS 8
INLINE-  2147483647 2147483647    512545.06200   6255166.00000      9804.84861 Case2_F013_NS 8
INLINE-  2147483647 2147483647    512563.12500   6255179.50000      9996.19299 Case2_F013_NS 8
INLINE-  2147483647 2147483647    512601.71900   6255209.00000     10309.84762 Case2_F013_NS 8
INLINE-  2147483647 2147483647    512646.81200   6255243.50000     10610.98822 Case2_F013_NS 8
INLINE-  2147483647 2147483647    512725.53100   6255304.00000     10947.27189 Case2_F013_NS 8
INLINE-  2147483647 2147483647    512782.84400   6255348.00000     11168.80734 Case2_F013_NS 8
INLINE-  2147483647 2147483647    512579.31200   6255113.50000      9592.17618 Case2_F013_NS 9
INLINE-  2147483647 2147483647    512610.78100   6255137.50000      9959.97092 Case2_F013_NS 9
INLINE-  2147483647 2147483647    512646.96900   6255165.00000     10233.16147 Case2_F013_NS 9
INLINE-  2147483647 2147483647    512703.50000   6255208.50000     10622.20424 Case2_F013_NS 9
INLINE-  2147483647 2147483647    512754.03100   6255247.00000     10865.79273 Case2_F013_NS 9
INLINE-  2147483647 2147483647    512829.18800   6255304.50000     11158.98032 Case2_F013_NS 9
INLINE-  2147483647 2147483647    512609.87500   6255058.00000      9560.14212 Case2_F013_NS 10
INLINE-  2147483647 2147483647    512663.25000   6255099.00000      9978.64196 Case2_F013_NS 10
INLINE-  2147483647 2147483647    512748.28100   6255164.00000     10607.01221 Case2_F013_NS 10
INLINE-  2147483647 2147483647    512853.43800   6255244.50000     10998.01800 Case2_F013_NS 10
INLINE-  2147483647 2147483647    512624.87500   6254991.00000      9491.72798 Case2_F013_NS 11
INLINE-  2147483647 2147483647    512693.84400   6255043.50000      9969.37994 Case2_F013_NS 11
INLINE-  2147483647 2147483647    512739.93800   6255079.00000     10284.41557 Case2_F013_NS 11
INLINE-  2147483647 2147483647    512800.87500   6255125.50000     10630.02426 Case2_F013_NS 11
INLINE-  2147483647 2147483647    512891.40600   6255195.00000     10998.01800 Case2_F013_NS 11
