INLINE-  2147483647 2147483647    513073.56200   6250692.00000     10127.88726 Case2_F149_NS 1
INLINE-  2147483647 2147483647    513072.43800   6250691.00000     10281.20256 Case2_F149_NS 1
INLINE-  2147483647 2147483647    513072.75000   6250691.00000     10481.29196 Case2_F149_NS 1
INLINE-  2147483647 2147483647    513061.40600   6250682.50000     10894.90079 Case2_F149_NS 1
INLINE-  2147483647 2147483647    513043.00000   6250668.50000     11339.61768 Case2_F149_NS 1
INLINE-  2147483647 2147483647    513084.28100   6250668.50000     10045.60309 Case2_F149_NS 2
INLINE-  2147483647 2147483647    513087.62500   6250671.00000     10281.20256 Case2_F149_NS 2
INLINE-  2147483647 2147483647    513087.93800   6250671.50000     10481.29196 Case2_F149_NS 2
INLINE-  2147483647 2147483647    513076.59400   6250662.50000     10894.90079 Case2_F149_NS 2
INLINE-  2147483647 2147483647    513058.18800   6250648.50000     11339.61768 Case2_F149_NS 2
INLINE-  2147483647 2147483647    513126.31200   6250622.00000      9937.64688 Case2_F149_NS 3
INLINE-  2147483647 2147483647    513122.31200   6250619.00000     10180.77536 Case2_F149_NS 3
INLINE-  2147483647 2147483647    513113.78100   6250612.50000     10424.79585 Case2_F149_NS 3
INLINE-  2147483647 2147483647    513100.37500   6250602.00000     10813.14663 Case2_F149_NS 3
INLINE-  2147483647 2147483647    513059.96900   6250571.00000     11330.89866 Case2_F149_NS 3
INLINE-  2147483647 2147483647    513143.62500   6250572.50000      9910.27382 Case2_F149_NS 4
INLINE-  2147483647 2147483647    513132.62500   6250564.00000     10210.97142 Case2_F149_NS 4
INLINE-  2147483647 2147483647    513129.87500   6250561.50000     10452.28490 Case2_F149_NS 4
INLINE-  2147483647 2147483647    513120.68800   6250554.50000     10854.19271 Case2_F149_NS 4
INLINE-  2147483647 2147483647    513089.65600   6250531.00000     11406.56081 Case2_F149_NS 4
INLINE-  2147483647 2147483647    513151.59400   6250515.50000      9931.50686 Case2_F149_NS 5
INLINE-  2147483647 2147483647    513147.84400   6250512.50000     10269.35754 Case2_F149_NS 5
INLINE-  2147483647 2147483647    513141.50000   6250507.50000     10508.40902 Case2_F149_NS 5
INLINE-  2147483647 2147483647    513140.81200   6250507.00000     10783.72657 Case2_F149_NS 5
INLINE-  2147483647 2147483647    513128.81200   6250498.00000     11333.53667 Case2_F149_NS 5
INLINE-  2147483647 2147483647    513193.62500   6250437.50000     10058.75712 Case2_F149_NS 6
INLINE-  2147483647 2147483647    513195.75000   6250439.00000     10243.39849 Case2_F149_NS 6
INLINE-  2147483647 2147483647    513174.03100   6250422.50000     10555.93811 Case2_F149_NS 6
INLINE-  2147483647 2147483647    513165.50000   6250416.00000     10896.69779 Case2_F149_NS 6
INLINE-  2147483647 2147483647    513158.09400   6250410.00000     11130.21026 Case2_F149_NS 6
