INLINE-  2147483647 2147483647    511935.37500   6249553.00000     10065.47913 Case2_F154_NS 1
INLINE-  2147483647 2147483647    511922.78100   6249543.50000     10352.88371 Case2_F154_NS 1
INLINE-  2147483647 2147483647    511899.12500   6249525.50000     10667.57634 Case2_F154_NS 1
INLINE-  2147483647 2147483647    511845.87500   6249484.50000     11093.98019 Case2_F154_NS 1
INLINE-  2147483647 2147483647    511796.37500   6249447.00000     11479.90596 Case2_F154_NS 1
INLINE-  2147483647 2147483647    511973.37500   6249503.50000     10065.47913 Case2_F154_NS 2
INLINE-  2147483647 2147483647    511970.46900   6249501.50000     10388.23178 Case2_F154_NS 2
INLINE-  2147483647 2147483647    511937.12500   6249476.00000     10667.57634 Case2_F154_NS 2
INLINE-  2147483647 2147483647    511883.84400   6249435.00000     11093.98019 Case2_F154_NS 2
INLINE-  2147483647 2147483647    511826.53100   6249391.00000     11470.10794 Case2_F154_NS 2
INLINE-  2147483647 2147483647    512021.40600   6249461.50000     10141.24128 Case2_F154_NS 3
INLINE-  2147483647 2147483647    512019.59400   6249460.50000     10371.44474 Case2_F154_NS 3
INLINE-  2147483647 2147483647    511975.09400   6249426.00000     10667.57634 Case2_F154_NS 3
INLINE-  2147483647 2147483647    511900.53100   6249369.00000     11132.50627 Case2_F154_NS 3
INLINE-  2147483647 2147483647    511835.06200   6249319.00000     11562.68313 Case2_F154_NS 3
INLINE-  2147483647 2147483647    512056.09400   6249425.00000     10105.52321 Case2_F154_NS 4
INLINE-  2147483647 2147483647    512043.81200   6249416.00000     10354.86571 Case2_F154_NS 4
INLINE-  2147483647 2147483647    511999.31200   6249382.00000     10633.52127 Case2_F154_NS 4
INLINE-  2147483647 2147483647    511925.56200   6249325.50000     11119.33124 Case2_F154_NS 4
INLINE-  2147483647 2147483647    511852.12500   6249269.00000     11605.33521 Case2_F154_NS 4
INLINE-  2147483647 2147483647    512064.96900   6249385.00000     10141.02828 Case2_F154_NS 5
INLINE-  2147483647 2147483647    512010.81200   6249343.50000     10631.33926 Case2_F154_NS 5
INLINE-  2147483647 2147483647    511938.68800   6249288.00000     11113.26023 Case2_F154_NS 5
INLINE-  2147483647 2147483647    511863.09400   6249230.50000     11592.97919 Case2_F154_NS 5
INLINE-  2147483647 2147483647    512069.90600   6249341.50000     10183.85237 Case2_F154_NS 6
INLINE-  2147483647 2147483647    512024.09400   6249306.50000     10625.43925 Case2_F154_NS 6
INLINE-  2147483647 2147483647    511953.78100   6249252.50000     11101.84220 Case2_F154_NS 6
INLINE-  2147483647 2147483647    511876.06200   6249193.00000     11573.89715 Case2_F154_NS 6
INLINE-  2147483647 2147483647    512074.12500   6249281.50000     10202.91641 Case2_F154_NS 7
INLINE-  2147483647 2147483647    512052.56200   6249265.00000     10655.14831 Case2_F154_NS 7
INLINE-  2147483647 2147483647    511971.81200   6249203.50000     11079.28016 Case2_F154_NS 7
INLINE-  2147483647 2147483647    511906.43800   6249153.50000     11573.89715 Case2_F154_NS 7
INLINE-  2147483647 2147483647    512084.65600   6249242.50000     10176.35035 Case2_F154_NS 8
INLINE-  2147483647 2147483647    512042.09400   6249210.00000     10556.42211 Case2_F154_NS 8
INLINE-  2147483647 2147483647    511956.78100   6249144.50000     10986.68697 Case2_F154_NS 8
