INLINE-  2147483647 2147483647    514308.62500   6251290.50000      9057.95855 Case2_F123_NS 1
INLINE-  2147483647 2147483647    514306.21875   6251289.00000      9150.32787 Case2_F123_NS 1
INLINE-  2147483647 2147483647    514291.03125   6251277.50000      9382.05880 Case2_F123_NS 1
INLINE-  2147483647 2147483647    514225.62500   6251227.00000     10061.02012 Case2_F123_NS 1
INLINE-  2147483647 2147483647    514167.56250   6251183.00000     10537.32088 Case2_F123_NS 1
INLINE-  2147483647 2147483647    514305.50000   6251304.00000      9050.09818 Case2_F123_NS 2
INLINE-  2147483647 2147483647    514297.84375   6251298.00000      9154.79858 Case2_F123_NS 2
INLINE-  2147483647 2147483647    514283.43750   6251287.00000      9382.05880 Case2_F123_NS 2
INLINE-  2147483647 2147483647    514218.03125   6251237.00000     10061.02012 Case2_F123_NS 2
INLINE-  2147483647 2147483647    514159.96875   6251192.50000     10537.32088 Case2_F123_NS 2
INLINE-  2147483647 2147483647    514259.06250   6251347.00000      9044.39797 Case2_F123_NS 3
INLINE-  2147483647 2147483647    514252.21875   6251342.00000      9240.52825 Case2_F123_NS 3
INLINE-  2147483647 2147483647    514240.12500   6251332.50000      9519.40869 Case2_F123_NS 3
INLINE-  2147483647 2147483647    514191.78125   6251295.50000     10063.42052 Case2_F123_NS 3
INLINE-  2147483647 2147483647    514130.03125   6251248.50000     10577.52116 Case2_F123_NS 3
INLINE-  2147483647 2147483647    514226.06250   6251400.50000      9018.27780 Case2_F123_NS 4
INLINE-  2147483647 2147483647    514212.75000   6251390.50000      9412.71902 Case2_F123_NS 4
INLINE-  2147483647 2147483647    514180.90625   6251366.00000      9795.91998 Case2_F123_NS 4
INLINE-  2147483647 2147483647    514139.68750   6251334.50000     10184.22056 Case2_F123_NS 4
INLINE-  2147483647 2147483647    514091.34375   6251297.50000     10569.22133 Case2_F123_NS 4
INLINE-  2147483647 2147483647    514209.62500   6251467.00000      8939.54815 Case2_F123_NS 5
INLINE-  2147483647 2147483647    514180.43750   6251444.50000      9384.80881 Case2_F123_NS 5
INLINE-  2147483647 2147483647    514141.62500   6251414.50000      9774.96975 Case2_F123_NS 5
INLINE-  2147483647 2147483647    514099.25000   6251382.50000     10163.72052 Case2_F123_NS 5
INLINE-  2147483647 2147483647    514049.50000   6251344.00000     10549.22129 Case2_F123_NS 5
INLINE-  2147483647 2147483647    514199.03125   6251537.50000      8880.25799 Case2_F123_NS 6
INLINE-  2147483647 2147483647    514155.75000   6251504.00000      9304.76861 Case2_F123_NS 6
INLINE-  2147483647 2147483647    514119.53125   6251476.50000      9595.30923 Case2_F123_NS 6
INLINE-  2147483647 2147483647    514073.37500   6251441.00000      9966.05997 Case2_F123_NS 6
INLINE-  2147483647 2147483647    514000.40625   6251385.50000     10518.52104 Case2_F123_NS 6
INLINE-  2147483647 2147483647    514136.78125   6251647.00000      8799.20803 Case2_F123_NS 7
INLINE-  2147483647 2147483647    514099.37500   6251618.50000      9357.59879 Case2_F123_NS 7
INLINE-  2147483647 2147483647    514056.46875   6251585.50000      9701.91979 Case2_F123_NS 7
INLINE-  2147483647 2147483647    514004.06250   6251545.50000     10052.81991 Case2_F123_NS 7
INLINE-  2147483647 2147483647    513958.40625   6251510.50000     10368.92113 Case2_F123_NS 7
INLINE-  2147483647 2147483647    514086.06250   6251765.50000      8727.48718 Case2_F123_NS 8
INLINE-  2147483647 2147483647    514080.00000   6251761.00000      9001.48773 Case2_F123_NS 8
INLINE-  2147483647 2147483647    514062.21875   6251747.50000      9269.17869 Case2_F123_NS 8
INLINE-  2147483647 2147483647    514024.21875   6251718.50000      9625.28878 Case2_F123_NS 8
INLINE-  2147483647 2147483647    513986.37500   6251689.50000      9940.26988 Case2_F123_NS 8
INLINE-  2147483647 2147483647    513916.68750   6251636.00000     10385.12038 Case2_F123_NS 8
INLINE-  2147483647 2147483647    514050.25000   6251817.00000      8714.37778 Case2_F123_NS 9
INLINE-  2147483647 2147483647    514031.09375   6251802.50000      9131.43818 Case2_F123_NS 9
INLINE-  2147483647 2147483647    513992.78125   6251773.00000      9555.28864 Case2_F123_NS 9
INLINE-  2147483647 2147483647    513946.03125   6251737.00000      9975.65960 Case2_F123_NS 9
INLINE-  2147483647 2147483647    513880.90625   6251687.50000     10386.12038 Case2_F123_NS 9
INLINE-  2147483647 2147483647    514009.31250   6251864.50000      8757.52728 Case2_F123_NS 10
INLINE-  2147483647 2147483647    513976.84375   6251839.50000      9245.38861 Case2_F123_NS 10
INLINE-  2147483647 2147483647    513943.87500   6251814.00000      9608.85906 Case2_F123_NS 10
INLINE-  2147483647 2147483647    513910.43750   6251788.50000      9940.26988 Case2_F123_NS 10
INLINE-  2147483647 2147483647    513840.75000   6251735.50000     10385.12038 Case2_F123_NS 10
INLINE-  2147483647 2147483647    513976.18750   6251917.50000      8733.34754 Case2_F123_NS 11
INLINE-  2147483647 2147483647    513948.78125   6251896.50000      9153.08862 Case2_F123_NS 11
INLINE-  2147483647 2147483647    513909.59375   6251866.50000      9567.25937 Case2_F123_NS 11
INLINE-  2147483647 2147483647    513866.78125   6251834.00000      9981.73969 Case2_F123_NS 11
INLINE-  2147483647 2147483647    513802.78125   6251785.00000     10385.12038 Case2_F123_NS 11
INLINE-  2147483647 2147483647    513956.21875   6251965.50000      8767.04781 Case2_F123_NS 12
INLINE-  2147483647 2147483647    513940.75000   6251953.50000      9026.68798 Case2_F123_NS 12
INLINE-  2147483647 2147483647    513918.31250   6251936.50000      9283.97853 Case2_F123_NS 12
INLINE-  2147483647 2147483647    513875.53125   6251903.50000      9608.85906 Case2_F123_NS 12
INLINE-  2147483647 2147483647    513842.06250   6251878.00000      9940.26988 Case2_F123_NS 12
INLINE-  2147483647 2147483647    513772.37500   6251824.50000     10385.12038 Case2_F123_NS 12
