INLINE-  2147483647 2147483647    513589.50000   6248505.50000      9986.96040 Case1_F040b_EW 1
INLINE-  2147483647 2147483647    513575.09375   6248524.50000     10124.11986 Case1_F040b_EW 1
INLINE-  2147483647 2147483647    513545.46875   6248563.50000     10332.52067 Case1_F040b_EW 1
INLINE-  2147483647 2147483647    513512.81250   6248606.00000     10537.22127 Case1_F040b_EW 1
INLINE-  2147483647 2147483647    513542.90625   6248464.00000      9966.72013 Case1_F040b_EW 2
INLINE-  2147483647 2147483647    513525.43750   6248486.50000     10124.11986 Case1_F040b_EW 2
INLINE-  2147483647 2147483647    513495.81250   6248525.50000     10332.52067 Case1_F040b_EW 2
INLINE-  2147483647 2147483647    513463.15625   6248568.00000     10537.22127 Case1_F040b_EW 2
INLINE-  2147483647 2147483647    513494.81250   6248424.00000      9996.90964 Case1_F040b_EW 3
INLINE-  2147483647 2147483647    513474.28125   6248450.50000     10207.32022 Case1_F040b_EW 3
INLINE-  2147483647 2147483647    513447.71875   6248485.50000     10387.12038 Case1_F040b_EW 3
INLINE-  2147483647 2147483647    513418.09375   6248524.00000     10525.02105 Case1_F040b_EW 3
INLINE-  2147483647 2147483647    513374.78125   6248580.50000     10705.02141 Case1_F040b_EW 3
INLINE-  2147483647 2147483647    513341.46875   6248624.50000     10820.92203 Case1_F040b_EW 3
INLINE-  2147483647 2147483647    513439.09375   6248393.50000     10062.11973 Case1_F040b_EW 4
INLINE-  2147483647 2147483647    513426.84375   6248409.50000     10180.02036 Case1_F040b_EW 4
INLINE-  2147483647 2147483647    513406.43750   6248436.50000     10335.02067 Case1_F040b_EW 4
INLINE-  2147483647 2147483647    513387.34375   6248461.00000     10477.52096 Case1_F040b_EW 4
INLINE-  2147483647 2147483647    513356.31250   6248502.00000     10615.12084 Case1_F040b_EW 4
INLINE-  2147483647 2147483647    513332.96875   6248533.00000     10707.52142 Case1_F040b_EW 4
INLINE-  2147483647 2147483647    513301.62500   6248573.50000     10822.52165 Case1_F040b_EW 4
INLINE-  2147483647 2147483647    513392.50000   6248352.00000     10112.42062 Case1_F040b_EW 5
INLINE-  2147483647 2147483647    513379.59375   6248368.50000     10217.52044 Case1_F040b_EW 5
INLINE-  2147483647 2147483647    513362.12500   6248391.50000     10340.02068 Case1_F040b_EW 5
INLINE-  2147483647 2147483647    513339.34375   6248421.50000     10517.52104 Case1_F040b_EW 5
INLINE-  2147483647 2147483647    513311.21875   6248458.00000     10655.02131 Case1_F040b_EW 5
INLINE-  2147483647 2147483647    513251.21875   6248536.50000     10824.32145 Case1_F040b_EW 5
INLINE-  2147483647 2147483647    513348.93750   6248306.00000     10142.92068 Case1_F040b_EW 6
INLINE-  2147483647 2147483647    513331.46875   6248328.50000     10267.22073 Case1_F040b_EW 6
INLINE-  2147483647 2147483647    513312.59375   6248353.50000     10365.02073 Case1_F040b_EW 6
INLINE-  2147483647 2147483647    513286.65625   6248387.00000     10507.52102 Case1_F040b_EW 6
INLINE-  2147483647 2147483647    513259.31250   6248423.00000     10645.02129 Case1_F040b_EW 6
INLINE-  2147483647 2147483647    513226.65625   6248465.50000     10748.72169 Case1_F040b_EW 6
INLINE-  2147483647 2147483647    513182.59375   6248523.00000     10853.32151 Case1_F040b_EW 6
INLINE-  2147483647 2147483647    513291.71875   6248278.00000     10176.82016 Case1_F040b_EW 7
INLINE-  2147483647 2147483647    513270.43750   6248305.50000     10290.22078 Case1_F040b_EW 7
INLINE-  2147483647 2147483647    513253.71875   6248327.50000     10398.02080 Case1_F040b_EW 7
INLINE-  2147483647 2147483647    513210.43750   6248384.00000     10569.72133 Case1_F040b_EW 7
INLINE-  2147483647 2147483647    513180.06250   6248423.50000     10687.42177 Case1_F040b_EW 7
INLINE-  2147483647 2147483647    513127.56250   6248492.00000     10852.42210 Case1_F040b_EW 7
INLINE-  2147483647 2147483647    513234.46875   6248249.50000     10169.82014 Case1_F040b_EW 8
INLINE-  2147483647 2147483647    513219.28125   6248269.50000     10247.52050 Case1_F040b_EW 8
INLINE-  2147483647 2147483647    513192.81250   6248304.50000     10400.02080 Case1_F040b_EW 8
INLINE-  2147483647 2147483647    513156.25000   6248352.00000     10557.92151 Case1_F040b_EW 8
INLINE-  2147483647 2147483647    513097.75000   6248428.50000     10752.52151 Case1_F040b_EW 8
INLINE-  2147483647 2147483647    513181.81250   6248215.50000     10170.11995 Case1_F040b_EW 9
INLINE-  2147483647 2147483647    513150.65625   6248256.50000     10340.62029 Case1_F040b_EW 9
INLINE-  2147483647 2147483647    513112.68750   6248306.00000     10522.72124 Case1_F040b_EW 9
