INLINE-  2147483647 2147483647    515376.53100   6248425.50000      8898.90280 Case1_F083_NS 1
INLINE-  2147483647 2147483647    515353.09400   6248407.50000      9152.45630 Case1_F083_NS 1
INLINE-  2147483647 2147483647    515300.56200   6248367.50000      9491.06398 Case1_F083_NS 1
INLINE-  2147483647 2147483647    515247.06200   6248326.50000      9756.79151 Case1_F083_NS 1
INLINE-  2147483647 2147483647    515194.93800   6248286.50000      9951.13790 Case1_F083_NS 1
INLINE-  2147483647 2147483647    515398.75000   6248395.50000      8900.66880 Case1_F083_NS 2
INLINE-  2147483647 2147483647    515372.87500   6248375.50000      9175.30535 Case1_F083_NS 2
INLINE-  2147483647 2147483647    515331.81200   6248344.00000      9442.42888 Case1_F083_NS 2
INLINE-  2147483647 2147483647    515281.78100   6248305.50000      9703.25841 Case1_F083_NS 2
INLINE-  2147483647 2147483647    515217.68800   6248256.50000      9951.13790 Case1_F083_NS 2
INLINE-  2147483647 2147483647    515414.50000   6248376.00000      8898.90280 Case1_F083_NS 3
INLINE-  2147483647 2147483647    515391.06200   6248358.00000      9152.45630 Case1_F083_NS 3
INLINE-  2147483647 2147483647    515338.56200   6248317.50000      9491.06398 Case1_F083_NS 3
INLINE-  2147483647 2147483647    515285.03100   6248276.50000      9756.79151 Case1_F083_NS 3
INLINE-  2147483647 2147483647    515232.93800   6248237.00000      9951.13790 Case1_F083_NS 3
INLINE-  2147483647 2147483647    515440.43800   6248348.50000      8889.22678 Case1_F083_NS 4
INLINE-  2147483647 2147483647    515412.06200   6248327.00000      9166.14733 Case1_F083_NS 4
INLINE-  2147483647 2147483647    515370.84400   6248295.00000      9436.51287 Case1_F083_NS 4
INLINE-  2147483647 2147483647    515320.50000   6248256.50000      9700.50840 Case1_F083_NS 4
INLINE-  2147483647 2147483647    515255.71900   6248207.00000      9951.25190 Case1_F083_NS 4
INLINE-  2147483647 2147483647    515458.56200   6248331.00000      8879.92076 Case1_F083_NS 5
INLINE-  2147483647 2147483647    515429.03100   6248308.00000      9152.45630 Case1_F083_NS 5
INLINE-  2147483647 2147483647    515376.53100   6248268.00000      9491.06398 Case1_F083_NS 5
INLINE-  2147483647 2147483647    515323.00000   6248227.00000      9756.79151 Case1_F083_NS 5
INLINE-  2147483647 2147483647    515270.90600   6248187.00000      9951.13790 Case1_F083_NS 5
INLINE-  2147483647 2147483647    515481.31200   6248301.00000      8877.62376 Case1_F083_NS 6
INLINE-  2147483647 2147483647    515450.78100   6248277.50000      9156.54131 Case1_F083_NS 6
INLINE-  2147483647 2147483647    515408.62500   6248245.50000      9429.27486 Case1_F083_NS 6
INLINE-  2147483647 2147483647    515358.56200   6248207.00000      9696.52539 Case1_F083_NS 6
INLINE-  2147483647 2147483647    515293.06200   6248157.00000      9949.67190 Case1_F083_NS 6
INLINE-  2147483647 2147483647    515496.53100   6248281.00000      8879.92076 Case1_F083_NS 7
INLINE-  2147483647 2147483647    515466.96900   6248258.50000      9152.45630 Case1_F083_NS 7
INLINE-  2147483647 2147483647    515411.84400   6248216.50000      9497.96600 Case1_F083_NS 7
INLINE-  2147483647 2147483647    515360.93800   6248177.50000      9756.79151 Case1_F083_NS 7
INLINE-  2147483647 2147483647    515308.84400   6248137.50000      9951.13790 Case1_F083_NS 7
INLINE-  2147483647 2147483647    515516.03100   6248264.50000      8892.53779 Case1_F083_NS 8
INLINE-  2147483647 2147483647    515496.43800   6248249.50000      9071.89114 Case1_F083_NS 8
INLINE-  2147483647 2147483647    515473.81200   6248232.50000      9249.63250 Case1_F083_NS 8
INLINE-  2147483647 2147483647    515413.46900   6248186.00000      9611.45822 Case1_F083_NS 8
INLINE-  2147483647 2147483647    515330.71900   6248123.00000      9967.75594 Case1_F083_NS 8
INLINE-  2147483647 2147483647    515544.40600   6248239.00000      8911.54982 Case1_F083_NS 9
INLINE-  2147483647 2147483647    515512.43800   6248214.50000      9178.24036 Case1_F083_NS 9
INLINE-  2147483647 2147483647    515480.62500   6248190.50000      9396.94879 Case1_F083_NS 9
INLINE-  2147483647 2147483647    515420.34400   6248144.50000      9716.57943 Case1_F083_NS 9
INLINE-  2147483647 2147483647    515360.03100   6248098.00000     10000.32900 Case1_F083_NS 9
INLINE-  2147483647 2147483647    515578.18800   6248218.00000      8899.28780 Case1_F083_NS 10
INLINE-  2147483647 2147483647    515544.18800   6248192.00000      9205.87741 Case1_F083_NS 10
INLINE-  2147483647 2147483647    515496.09400   6248155.00000      9522.59905 Case1_F083_NS 10
INLINE-  2147483647 2147483647    515448.84400   6248119.00000      9775.28055 Case1_F083_NS 10
INLINE-  2147483647 2147483647    515398.93800   6248080.50000     10025.97305 Case1_F083_NS 10
INLINE-  2147483647 2147483647    515595.62500   6248199.50000      8894.68779 Case1_F083_NS 11
INLINE-  2147483647 2147483647    515567.46900   6248178.00000      9227.83846 Case1_F083_NS 11
INLINE-  2147483647 2147483647    515502.96900   6248129.00000      9626.91025 Case1_F083_NS 11
INLINE-  2147483647 2147483647    515444.71900   6248084.00000      9959.28992 Case1_F083_NS 11
INLINE-  2147483647 2147483647    515614.68800   6248167.00000      8893.01779 Case1_F083_NS 12
INLINE-  2147483647 2147483647    515569.46900   6248132.50000      9417.79884 Case1_F083_NS 12
INLINE-  2147483647 2147483647    515476.00000   6248061.00000      9961.64992 Case1_F083_NS 12
INLINE-  2147483647 2147483647    515632.68800   6248149.50000      8913.95883 Case1_F083_NS 13
INLINE-  2147483647 2147483647    515607.87500   6248130.50000      9180.40936 Case1_F083_NS 13
INLINE-  2147483647 2147483647    515579.81200   6248109.00000      9445.43889 Case1_F083_NS 13
INLINE-  2147483647 2147483647    515538.96900   6248077.50000      9718.04844 Case1_F083_NS 13
INLINE-  2147483647 2147483647    515479.46900   6248032.00000     10041.71008 Case1_F083_NS 13
INLINE-  2147483647 2147483647    515666.90600   6248128.50000      8952.90291 Case1_F083_NS 14
INLINE-  2147483647 2147483647    515641.37500   6248109.00000      9183.23337 Case1_F083_NS 14
INLINE-  2147483647 2147483647    515613.71900   6248087.50000      9412.50883 Case1_F083_NS 14
INLINE-  2147483647 2147483647    515569.87500   6248054.00000      9741.35748 Case1_F083_NS 14
INLINE-  2147483647 2147483647    515509.03100   6248007.50000     10082.14516 Case1_F083_NS 14
INLINE-  2147483647 2147483647    515693.12500   6248117.00000      8940.81388 Case1_F083_NS 15
INLINE-  2147483647 2147483647    515668.50000   6248098.00000      9204.22541 Case1_F083_NS 15
INLINE-  2147483647 2147483647    515642.87500   6248078.50000      9452.24890 Case1_F083_NS 15
INLINE-  2147483647 2147483647    515600.56200   6248046.00000      9752.36150 Case1_F083_NS 15
INLINE-  2147483647 2147483647    515536.06200   6247997.00000     10082.05716 Case1_F083_NS 15
INLINE-  2147483647 2147483647    515729.96900   6248098.00000      8917.46783 Case1_F083_NS 16
INLINE-  2147483647 2147483647    515675.56200   6248056.50000      9489.20798 Case1_F083_NS 16
INLINE-  2147483647 2147483647    515569.18800   6247975.00000     10060.42012 Case1_F083_NS 16
