INLINE-  2147483647 2147483647    518377.03100   6247369.50000      9231.70746 Case1_F139_NS 1
INLINE-  2147483647 2147483647    518457.90600   6247431.50000      9614.15923 Case1_F139_NS 1
INLINE-  2147483647 2147483647    518576.21900   6247522.00000     10028.42006 Case1_F139_NS 1
INLINE-  2147483647 2147483647    518781.40600   6247679.00000     10570.12114 Case1_F139_NS 1
INLINE-  2147483647 2147483647    518328.59400   6247395.50000      9186.09837 Case1_F139_NS 2
INLINE-  2147483647 2147483647    518435.53100   6247477.50000      9687.40937 Case1_F139_NS 2
INLINE-  2147483647 2147483647    518576.18800   6247585.00000     10152.12030 Case1_F139_NS 2
INLINE-  2147483647 2147483647    518751.21900   6247719.00000     10568.92114 Case1_F139_NS 2
INLINE-  2147483647 2147483647    518280.15600   6247437.00000      9157.61832 Case1_F139_NS 3
INLINE-  2147483647 2147483647    518370.84400   6247506.50000      9605.28921 Case1_F139_NS 3
INLINE-  2147483647 2147483647    518475.93800   6247587.00000     10004.72001 Case1_F139_NS 3
INLINE-  2147483647 2147483647    518713.09400   6247768.50000     10570.12114 Case1_F139_NS 3
INLINE-  2147483647 2147483647    518250.65600   6247493.50000      9168.51834 Case1_F139_NS 4
INLINE-  2147483647 2147483647    518350.87500   6247570.00000      9683.64937 Case1_F139_NS 4
INLINE-  2147483647 2147483647    518497.62500   6247682.50000     10150.92030 Case1_F139_NS 4
INLINE-  2147483647 2147483647    518673.56200   6247817.00000     10576.42115 Case1_F139_NS 4
INLINE-  2147483647 2147483647    518226.09400   6247537.50000      9180.66836 Case1_F139_NS 5
INLINE-  2147483647 2147483647    518302.53100   6247596.00000      9605.28921 Case1_F139_NS 5
INLINE-  2147483647 2147483647    518417.43800   6247684.00000      9995.77999 Case1_F139_NS 5
INLINE-  2147483647 2147483647    518642.50000   6247856.00000     10583.72117 Case1_F139_NS 5
INLINE-  2147483647 2147483647    518193.25000   6247591.00000      9155.05731 Case1_F139_NS 6
INLINE-  2147483647 2147483647    518231.78100   6247620.50000      9397.21879 Case1_F139_NS 6
INLINE-  2147483647 2147483647    518285.90600   6247662.00000      9682.85937 Case1_F139_NS 6
INLINE-  2147483647 2147483647    518435.15600   6247776.00000     10153.32031 Case1_F139_NS 6
INLINE-  2147483647 2147483647    518607.90600   6247908.50000     10591.32018 Case1_F139_NS 6
INLINE-  2147483647 2147483647    518149.15600   6247620.00000      9163.90833 Case1_F139_NS 7
INLINE-  2147483647 2147483647    518235.40600   6247686.00000      9599.84920 Case1_F139_NS 7
INLINE-  2147483647 2147483647    518358.21900   6247780.00000     10026.12005 Case1_F139_NS 7
INLINE-  2147483647 2147483647    518580.78100   6247950.50000     10597.82120 Case1_F139_NS 7
INLINE-  2147483647 2147483647    518125.28100   6247665.00000      9150.41830 Case1_F139_NS 8
INLINE-  2147483647 2147483647    518223.18800   6247740.00000      9668.96934 Case1_F139_NS 8
INLINE-  2147483647 2147483647    518373.46900   6247855.00000     10153.02031 Case1_F139_NS 8
INLINE-  2147483647 2147483647    518550.87500   6247990.50000     10599.12120 Case1_F139_NS 8
INLINE-  2147483647 2147483647    518076.09400   6247706.00000      9152.01830 Case1_F139_NS 9
INLINE-  2147483647 2147483647    518174.18800   6247781.00000      9633.54927 Case1_F139_NS 9
INLINE-  2147483647 2147483647    518289.84400   6247869.50000     10026.12005 Case1_F139_NS 9
INLINE-  2147483647 2147483647    518512.40600   6248040.00000     10597.82120 Case1_F139_NS 9
