INLINE-  2147483647 2147483647    514131.62500   6249345.50000      9976.88031 Case1_F031_NS 1
INLINE-  2147483647 2147483647    514306.43750   6249479.50000      9594.19888 Case1_F031_NS 1
INLINE-  2147483647 2147483647    514375.03125   6249532.00000      9132.01826 Case1_F031_NS 1
INLINE-  2147483647 2147483647    514169.59375   6249296.00000      9976.88031 Case1_F031_NS 2
INLINE-  2147483647 2147483647    514342.34375   6249428.00000      9634.89915 Case1_F031_NS 2
INLINE-  2147483647 2147483647    514424.43750   6249491.00000      9198.40805 Case1_F031_NS 2
INLINE-  2147483647 2147483647    514446.06250   6249507.50000      9016.92819 Case1_F031_NS 2
INLINE-  2147483647 2147483647    514273.90625   6249297.00000      9847.26969 Case1_F031_NS 3
INLINE-  2147483647 2147483647    514380.31250   6249378.50000      9634.89915 Case1_F031_NS 3
INLINE-  2147483647 2147483647    514462.40625   6249441.50000      9198.40805 Case1_F031_NS 3
INLINE-  2147483647 2147483647    514494.56250   6249466.00000      8972.83826 Case1_F031_NS 3
INLINE-  2147483647 2147483647    514311.87500   6249247.50000      9847.26969 Case1_F031_NS 4
INLINE-  2147483647 2147483647    514418.28125   6249329.00000      9634.89915 Case1_F031_NS 4
INLINE-  2147483647 2147483647    514530.96875   6249415.00000      9089.29845 Case1_F031_NS 4
INLINE-  2147483647 2147483647    514551.50000   6249431.00000      8957.98764 Case1_F031_NS 4
INLINE-  2147483647 2147483647    514347.46875   6249196.00000      9851.00994 Case1_F031_NS 5
INLINE-  2147483647 2147483647    514473.62500   6249292.50000      9529.23879 Case1_F031_NS 5
INLINE-  2147483647 2147483647    514560.40625   6249359.00000      9183.45880 Case1_F031_NS 5
INLINE-  2147483647 2147483647    514596.12500   6249386.00000      8990.23771 Case1_F031_NS 5
INLINE-  2147483647 2147483647    514607.15625   6249394.50000      8929.36747 Case1_F031_NS 5
INLINE-  2147483647 2147483647    514387.81250   6249148.00000      9847.26969 Case1_F031_NS 6
INLINE-  2147483647 2147483647    514483.12500   6249221.00000      9588.88929 Case1_F031_NS 6
INLINE-  2147483647 2147483647    514635.78125   6249338.00000      9040.53761 Case1_F031_NS 6
INLINE-  2147483647 2147483647    514683.65625   6249374.50000      8822.43757 Case1_F031_NS 6
INLINE-  2147483647 2147483647    514445.56250   6249113.50000      9816.94932 Case1_F031_NS 7
INLINE-  2147483647 2147483647    514555.84375   6249198.00000      9461.96912 Case1_F031_NS 7
INLINE-  2147483647 2147483647    514681.40625   6249294.00000      9037.04835 Case1_F031_NS 7
INLINE-  2147483647 2147483647    514712.87500   6249318.00000      8907.28735 Case1_F031_NS 7
INLINE-  2147483647 2147483647    514738.40625   6249337.50000      8812.96782 Case1_F031_NS 7
INLINE-  2147483647 2147483647    514587.46875   6249143.50000      9493.20942 Case1_F031_NS 8
INLINE-  2147483647 2147483647    514719.40625   6249244.50000      9037.04835 Case1_F031_NS 8
INLINE-  2147483647 2147483647    514773.40625   6249286.00000      8829.46785 Case1_F031_NS 8
INLINE-  2147483647 2147483647    514613.84375   6249085.00000      9482.00920 Case1_F031_NS 9
INLINE-  2147483647 2147483647    514718.15625   6249165.00000      9152.58862 Case1_F031_NS 9
INLINE-  2147483647 2147483647    514800.75000   6249228.00000      8849.29797 Case1_F031_NS 9
INLINE-  2147483647 2147483647    514621.43750   6249075.00000      9482.00920 Case1_F031_NS 10
INLINE-  2147483647 2147483647    514725.75000   6249155.00000      9152.58862 Case1_F031_NS 10
INLINE-  2147483647 2147483647    514808.34375   6249218.00000      8849.29797 Case1_F031_NS 10
