INLINE-  2147483647 2147483647    512269.37500   6249504.50000      9985.33897 Case2_F153_NS 1
INLINE-  2147483647 2147483647    512216.96900   6249509.00000     10298.31260 Case2_F153_NS 1
INLINE-  2147483647 2147483647    512038.03100   6249525.00000     10993.79899 Case2_F153_NS 1
INLINE-  2147483647 2147483647    511945.59400   6249533.00000     11349.69470 Case2_F153_NS 1
INLINE-  2147483647 2147483647    512285.34400   6249467.00000      9912.72483 Case2_F153_NS 2
INLINE-  2147483647 2147483647    512213.78100   6249473.00000     10298.31260 Case2_F153_NS 2
INLINE-  2147483647 2147483647    512037.18800   6249489.00000     10986.23297 Case2_F153_NS 2
INLINE-  2147483647 2147483647    511942.40600   6249497.00000     11349.69470 Case2_F153_NS 2
INLINE-  2147483647 2147483647    512285.12500   6249387.00000      9687.85538 Case2_F153_NS 3
INLINE-  2147483647 2147483647    512191.03100   6249395.00000     10299.42360 Case2_F153_NS 3
INLINE-  2147483647 2147483647    512089.09400   6249404.00000     10814.46463 Case2_F153_NS 3
INLINE-  2147483647 2147483647    511958.43800   6249415.50000     11493.53199 Case2_F153_NS 3
INLINE-  2147483647 2147483647    512238.81200   6249374.50000      9909.12882 Case2_F153_NS 4
INLINE-  2147483647 2147483647    512184.46900   6249379.50000     10277.62156 Case2_F153_NS 4
INLINE-  2147483647 2147483647    512066.34400   6249390.00000     10855.51871 Case2_F153_NS 4
INLINE-  2147483647 2147483647    511920.59400   6249402.50000     11488.28598 Case2_F153_NS 4
