INLINE-  2147483647 2147483647    516019.96900   6250348.50000      9599.51920 Case1_F026_EW 1
INLINE-  2147483647 2147483647    516043.62500   6250317.50000      9859.01972 Case1_F026_EW 1
INLINE-  2147483647 2147483647    516131.68800   6250202.50000     10373.32075 Case1_F026_EW 1
INLINE-  2147483647 2147483647    516215.90600   6250092.50000     10742.02148 Case1_F026_EW 1
INLINE-  2147483647 2147483647    515976.46900   6250302.50000      9594.30919 Case1_F026_EW 2
INLINE-  2147483647 2147483647    516015.90600   6250251.00000      9996.04999 Case1_F026_EW 2
INLINE-  2147483647 2147483647    516082.06200   6250164.50000     10374.42075 Case1_F026_EW 2
INLINE-  2147483647 2147483647    516164.00000   6250057.50000     10731.02146 Case1_F026_EW 2
INLINE-  2147483647 2147483647    515940.59400   6250267.00000      9580.56916 Case1_F026_EW 3
INLINE-  2147483647 2147483647    515960.96900   6250240.50000      9878.71976 Case1_F026_EW 3
INLINE-  2147483647 2147483647    516040.09400   6250137.00000     10383.12077 Case1_F026_EW 3
INLINE-  2147483647 2147483647    516125.84400   6250025.00000     10748.82050 Case1_F026_EW 3
INLINE-  2147483647 2147483647    515890.93800   6250229.00000      9533.70907 Case1_F026_EW 4
INLINE-  2147483647 2147483647    515925.78100   6250183.50000     10017.42003 Case1_F026_EW 4
INLINE-  2147483647 2147483647    515989.65600   6250100.00000     10480.12096 Case1_F026_EW 4
INLINE-  2147483647 2147483647    516092.96900   6249965.00000     10891.32078 Case1_F026_EW 4
INLINE-  2147483647 2147483647    515848.81200   6250202.00000      9482.45896 Case1_F026_EW 5
INLINE-  2147483647 2147483647    515871.71900   6250172.00000      9878.71976 Case1_F026_EW 5
INLINE-  2147483647 2147483647    515942.43800   6250079.50000     10536.02107 Case1_F026_EW 5
INLINE-  2147483647 2147483647    516074.50000   6249907.00000     11047.82210 Case1_F026_EW 5
INLINE-  2147483647 2147483647    515794.81200   6250169.50000      9460.14892 Case1_F026_EW 6
INLINE-  2147483647 2147483647    515841.12500   6250109.00000     10071.82014 Case1_F026_EW 6
INLINE-  2147483647 2147483647    515916.96900   6250010.00000     10659.82132 Case1_F026_EW 6
INLINE-  2147483647 2147483647    516052.84400   6249832.50000     11171.92234 Case1_F026_EW 6
INLINE-  2147483647 2147483647    515729.90600   6250131.00000      9444.35889 Case1_F026_EW 7
INLINE-  2147483647 2147483647    515769.37500   6250079.50000      9932.16986 Case1_F026_EW 7
INLINE-  2147483647 2147483647    515849.78100   6249974.50000     10577.62116 Case1_F026_EW 7
INLINE-  2147483647 2147483647    516017.71900   6249755.00000     11249.02250 Case1_F026_EW 7
INLINE-  2147483647 2147483647    515672.59400   6250103.00000      9414.59883 Case1_F026_EW 8
INLINE-  2147483647 2147483647    515728.84400   6250029.50000     10014.62003 Case1_F026_EW 8
INLINE-  2147483647 2147483647    515812.31200   6249920.50000     10590.92118 Case1_F026_EW 8
INLINE-  2147483647 2147483647    515944.62500   6249747.50000     11101.32120 Case1_F026_EW 8
INLINE-  2147483647 2147483647    515614.62500   6250076.00000      9383.08877 Case1_F026_EW 9
INLINE-  2147483647 2147483647    515670.12500   6250003.50000      9932.16986 Case1_F026_EW 9
INLINE-  2147483647 2147483647    515761.21900   6249884.50000     10545.72109 Case1_F026_EW 9
INLINE-  2147483647 2147483647    515859.93800   6249755.50000     10908.92182 Case1_F026_EW 9
INLINE-  2147483647 2147483647    515553.59400   6250053.00000      9361.26872 Case1_F026_EW 10
INLINE-  2147483647 2147483647    515615.93800   6249971.50000      9896.75979 Case1_F026_EW 10
INLINE-  2147483647 2147483647    515694.06200   6249869.50000     10417.22083 Case1_F026_EW 10
INLINE-  2147483647 2147483647    515811.09400   6249716.50000     10883.32177 Case1_F026_EW 10
INLINE-  2147483647 2147483647    515494.78100   6250027.00000      9344.12869 Case1_F026_EW 11
INLINE-  2147483647 2147483647    515570.84400   6249927.50000      9932.16986 Case1_F026_EW 11
INLINE-  2147483647 2147483647    515674.93800   6249791.50000     10535.92107 Case1_F026_EW 11
INLINE-  2147483647 2147483647    515765.25000   6249673.50000     10874.82175 Case1_F026_EW 11
INLINE-  2147483647 2147483647    515446.71900   6249987.00000      9337.49867 Case1_F026_EW 12
INLINE-  2147483647 2147483647    515512.87500   6249900.50000      9851.49970 Case1_F026_EW 12
INLINE-  2147483647 2147483647    515594.81200   6249793.50000     10348.12070 Case1_F026_EW 12
INLINE-  2147483647 2147483647    515704.21900   6249650.50000     10806.12161 Case1_F026_EW 12
INLINE-  2147483647 2147483647    515405.40600   6249938.00000      9336.80867 Case1_F026_EW 13
INLINE-  2147483647 2147483647    515478.40600   6249842.50000      9934.12987 Case1_F026_EW 13
INLINE-  2147483647 2147483647    515561.90600   6249733.50000     10400.92080 Case1_F026_EW 13
INLINE-  2147483647 2147483647    515638.75000   6249633.00000     10721.22144 Case1_F026_EW 13
