INLINE-  2147483647 2147483647    515361.34400   6246383.50000      9582.37016 Case1_F092_NS 1
INLINE-  2147483647 2147483647    515358.03100   6246381.00000      9841.76368 Case1_F092_NS 1
INLINE-  2147483647 2147483647    515353.46900   6246377.50000     10101.16120 Case1_F092_NS 1
INLINE-  2147483647 2147483647    515337.31200   6246365.50000     10358.28872 Case1_F092_NS 1
INLINE-  2147483647 2147483647    515308.75000   6246343.50000     10611.25422 Case1_F092_NS 1
INLINE-  2147483647 2147483647    515385.28100   6246370.50000      9566.68913 Case1_F092_NS 2
INLINE-  2147483647 2147483647    515384.06200   6246369.50000      9832.69567 Case1_F092_NS 2
INLINE-  2147483647 2147483647    515379.28100   6246366.00000     10098.54520 Case1_F092_NS 2
INLINE-  2147483647 2147483647    515358.50000   6246350.00000     10361.21172 Case1_F092_NS 2
INLINE-  2147483647 2147483647    515325.56200   6246325.00000     10618.78924 Case1_F092_NS 2
INLINE-  2147483647 2147483647    515407.34400   6246356.00000      9555.91711 Case1_F092_NS 3
INLINE-  2147483647 2147483647    515407.62500   6246356.00000      9827.25465 Case1_F092_NS 3
INLINE-  2147483647 2147483647    515401.50000   6246351.50000     10098.21220 Case1_F092_NS 3
INLINE-  2147483647 2147483647    515376.50000   6246332.50000     10364.56273 Case1_F092_NS 3
INLINE-  2147483647 2147483647    515340.37500   6246304.50000     10625.92125 Case1_F092_NS 3
INLINE-  2147483647 2147483647    515421.62500   6246335.50000      9563.79213 Case1_F092_NS 4
INLINE-  2147483647 2147483647    515420.09400   6246334.50000      9898.72180 Case1_F092_NS 4
INLINE-  2147483647 2147483647    515410.31200   6246327.00000     10105.12121 Case1_F092_NS 4
INLINE-  2147483647 2147483647    515383.25000   6246306.00000     10370.13774 Case1_F092_NS 4
INLINE-  2147483647 2147483647    515348.15600   6246279.00000     10631.69926 Case1_F092_NS 4
INLINE-  2147483647 2147483647    515446.40600   6246307.00000      9568.16914 Case1_F092_NS 5
INLINE-  2147483647 2147483647    515438.18800   6246301.00000      9876.25175 Case1_F092_NS 5
INLINE-  2147483647 2147483647    515422.03100   6246288.50000     10153.55831 Case1_F092_NS 5
INLINE-  2147483647 2147483647    515393.62500   6246267.00000     10380.95576 Case1_F092_NS 5
INLINE-  2147483647 2147483647    515363.25000   6246243.50000     10615.51323 Case1_F092_NS 5
INLINE-  2147483647 2147483647    515478.96900   6246285.00000      9547.68910 Case1_F092_NS 6
INLINE-  2147483647 2147483647    515465.21900   6246274.50000      9856.12271 Case1_F092_NS 6
INLINE-  2147483647 2147483647    515433.90600   6246250.50000     10159.12232 Case1_F092_NS 6
INLINE-  2147483647 2147483647    515393.90600   6246220.00000     10458.04892 Case1_F092_NS 6
INLINE-  2147483647 2147483647    515505.81200   6246258.50000      9528.36906 Case1_F092_NS 7
INLINE-  2147483647 2147483647    515499.87500   6246253.50000      9687.10137 Case1_F092_NS 7
INLINE-  2147483647 2147483647    515484.25000   6246241.50000      9919.64284 Case1_F092_NS 7
INLINE-  2147483647 2147483647    515427.06200   6246198.00000     10304.11261 Case1_F092_NS 7
INLINE-  2147483647 2147483647    515519.75000   6246237.50000      9491.96898 Case1_F092_NS 8
INLINE-  2147483647 2147483647    515508.46900   6246229.00000      9753.35351 Case1_F092_NS 8
INLINE-  2147483647 2147483647    515487.18800   6246212.50000     10011.69602 Case1_F092_NS 8
INLINE-  2147483647 2147483647    515453.03100   6246186.50000     10264.83853 Case1_F092_NS 8
INLINE-  2147483647 2147483647    515524.87500   6246210.00000      9489.05698 Case1_F092_NS 9
INLINE-  2147483647 2147483647    515519.25000   6246205.50000      9691.86038 Case1_F092_NS 9
INLINE-  2147483647 2147483647    515506.28100   6246195.50000      9963.71393 Case1_F092_NS 9
INLINE-  2147483647 2147483647    515475.62500   6246172.00000     10245.80649 Case1_F092_NS 9
INLINE-  2147483647 2147483647    515541.34400   6246175.50000      9494.88399 Case1_F092_NS 10
INLINE-  2147483647 2147483647    515534.31200   6246170.00000      9747.58150 Case1_F092_NS 10
INLINE-  2147483647 2147483647    515520.78100   6246159.50000      9999.15000 Case1_F092_NS 10
INLINE-  2147483647 2147483647    515495.34400   6246140.00000     10247.00349 Case1_F092_NS 10
INLINE-  2147483647 2147483647    515559.06200   6246141.50000      9502.31400 Case1_F092_NS 11
INLINE-  2147483647 2147483647    515551.87500   6246136.00000      9754.35551 Case1_F092_NS 11
INLINE-  2147483647 2147483647    515537.00000   6246124.50000     10004.96101 Case1_F092_NS 11
INLINE-  2147483647 2147483647    515512.93800   6246106.50000     10252.72951 Case1_F092_NS 11
INLINE-  2147483647 2147483647    515576.90600   6246108.00000      9510.13102 Case1_F092_NS 12
INLINE-  2147483647 2147483647    515569.40600   6246102.50000      9761.69252 Case1_F092_NS 12
INLINE-  2147483647 2147483647    515552.87500   6246089.50000     10011.48702 Case1_F092_NS 12
INLINE-  2147483647 2147483647    515530.06200   6246072.00000     10259.28852 Case1_F092_NS 12
INLINE-  2147483647 2147483647    515603.03100   6246065.00000      9518.01204 Case1_F092_NS 13
INLINE-  2147483647 2147483647    515596.28100   6246060.00000      9745.80649 Case1_F092_NS 13
INLINE-  2147483647 2147483647    515581.06200   6246048.50000      9963.99093 Case1_F092_NS 13
INLINE-  2147483647 2147483647    515554.50000   6246028.00000     10266.88353 Case1_F092_NS 13
