INLINE-  2147483647 2147483647    515422.75000   6246430.50000      9592.50319 Case1_F091_NS 1
INLINE-  2147483647 2147483647    515401.43800   6246414.50000      9837.45567 Case1_F091_NS 1
INLINE-  2147483647 2147483647    515378.00000   6246396.50000     10043.30709 Case1_F091_NS 1
INLINE-  2147483647 2147483647    515345.40600   6246371.50000     10254.68751 Case1_F091_NS 1
INLINE-  2147483647 2147483647    515320.21900   6246352.50000     10433.16487 Case1_F091_NS 1
INLINE-  2147483647 2147483647    515295.68800   6246333.50000     10612.03922 Case1_F091_NS 1
INLINE-  2147483647 2147483647    515410.15600   6246468.50000      9563.85713 Case1_F091_NS 2
INLINE-  2147483647 2147483647    515392.93800   6246455.00000      9808.06162 Case1_F091_NS 2
INLINE-  2147483647 2147483647    515355.43800   6246426.50000     10078.57516 Case1_F091_NS 2
INLINE-  2147483647 2147483647    515314.40600   6246395.00000     10346.97969 Case1_F091_NS 2
INLINE-  2147483647 2147483647    515275.46900   6246365.00000     10616.63923 Case1_F091_NS 2
INLINE-  2147483647 2147483647    515405.21900   6246496.00000      9538.13808 Case1_F091_NS 3
INLINE-  2147483647 2147483647    515384.84400   6246480.50000      9782.15256 Case1_F091_NS 3
INLINE-  2147483647 2147483647    515347.43800   6246452.00000     10063.04313 Case1_F091_NS 3
INLINE-  2147483647 2147483647    515304.75000   6246419.00000     10340.89168 Case1_F091_NS 3
INLINE-  2147483647 2147483647    515262.93800   6246387.00000     10619.26824 Case1_F091_NS 3
INLINE-  2147483647 2147483647    515395.18800   6246535.50000      9493.72199 Case1_F091_NS 4
INLINE-  2147483647 2147483647    515366.28100   6246513.50000      9780.03956 Case1_F091_NS 4
INLINE-  2147483647 2147483647    515329.62500   6246485.50000     10062.74513 Case1_F091_NS 4
INLINE-  2147483647 2147483647    515286.59400   6246452.50000     10341.77868 Case1_F091_NS 4
INLINE-  2147483647 2147483647    515243.21900   6246419.50000     10620.60324 Case1_F091_NS 4
INLINE-  2147483647 2147483647    515375.62500   6246568.00000      9487.56598 Case1_F091_NS 5
INLINE-  2147483647 2147483647    515343.40600   6246543.00000      9805.86561 Case1_F091_NS 5
INLINE-  2147483647 2147483647    515310.43800   6246518.00000     10064.74313 Case1_F091_NS 5
INLINE-  2147483647 2147483647    515268.25000   6246485.50000     10341.08868 Case1_F091_NS 5
INLINE-  2147483647 2147483647    515224.34400   6246452.00000     10616.36423 Case1_F091_NS 5
INLINE-  2147483647 2147483647    515327.09400   6246593.50000      9586.49417 Case1_F091_NS 6
INLINE-  2147483647 2147483647    515311.59400   6246581.50000      9792.77659 Case1_F091_NS 6
INLINE-  2147483647 2147483647    515280.06200   6246557.50000     10064.74313 Case1_F091_NS 6
INLINE-  2147483647 2147483647    515250.31200   6246535.00000     10292.05458 Case1_F091_NS 6
INLINE-  2147483647 2147483647    515205.00000   6246500.00000     10580.74716 Case1_F091_NS 6
