INLINE-  2147483647 2147483647    516645.56200   6251568.50000     13440.33988 Case1_F025_NS 1
INLINE-  2147483647 2147483647    516366.12500   6251354.50000     11966.79493 Case1_F025_NS 1
INLINE-  2147483647 2147483647    516158.81200   6251196.00000     11080.11616 Case1_F025_NS 1
INLINE-  2147483647 2147483647    516084.90600   6251139.50000     10578.24316 Case1_F025_NS 1
INLINE-  2147483647 2147483647    516036.65600   6251102.50000     10097.84220 Case1_F025_NS 1
INLINE-  2147483647 2147483647    516725.43800   6251440.50000     13538.43708 Case1_F025_NS 2
INLINE-  2147483647 2147483647    516558.68800   6251313.00000     12735.84947 Case1_F025_NS 2
INLINE-  2147483647 2147483647    516411.75000   6251200.50000     11964.07293 Case1_F025_NS 2
INLINE-  2147483647 2147483647    516249.93800   6251077.00000     11080.11616 Case1_F025_NS 2
INLINE-  2147483647 2147483647    516190.50000   6251031.50000     10590.24618 Case1_F025_NS 2
INLINE-  2147483647 2147483647    516132.37500   6250987.00000     10097.05719 Case1_F025_NS 2
INLINE-  2147483647 2147483647    516654.34400   6251181.50000     13084.93317 Case1_F025_NS 3
INLINE-  2147483647 2147483647    516451.81200   6251026.50000     11953.93091 Case1_F025_NS 3
INLINE-  2147483647 2147483647    516339.00000   6250940.50000     11060.78612 Case1_F025_NS 3
INLINE-  2147483647 2147483647    516289.25000   6250902.50000     10590.24618 Case1_F025_NS 3
INLINE-  2147483647 2147483647    516234.65600   6250860.50000      9975.76795 Case1_F025_NS 3
INLINE-  2147483647 2147483647    516725.31200   6251110.00000     12989.38798 Case1_F025_NS 4
INLINE-  2147483647 2147483647    516590.84400   6251007.00000     12258.03852 Case1_F025_NS 4
INLINE-  2147483647 2147483647    516484.90600   6250926.00000     11525.64105 Case1_F025_NS 4
INLINE-  2147483647 2147483647    516374.84400   6250842.00000     10716.53443 Case1_F025_NS 4
INLINE-  2147483647 2147483647    516293.84400   6250780.00000      9951.55690 Case1_F025_NS 4
INLINE-  2147483647 2147483647    516774.53100   6251006.00000     12867.66474 Case1_F025_NS 5
INLINE-  2147483647 2147483647    516647.90600   6250909.00000     12151.80130 Case1_F025_NS 5
INLINE-  2147483647 2147483647    516552.56200   6250836.00000     11417.09283 Case1_F025_NS 5
INLINE-  2147483647 2147483647    516479.59400   6250780.50000     10666.58833 Case1_F025_NS 5
INLINE-  2147483647 2147483647    516435.09400   6250746.50000      9902.44180 Case1_F025_NS 5
INLINE-  2147483647 2147483647    516857.37500   6250912.00000     12775.17755 Case1_F025_NS 6
INLINE-  2147483647 2147483647    516761.84400   6250839.00000     12118.99724 Case1_F025_NS 6
INLINE-  2147483647 2147483647    516681.09400   6250777.00000     11371.76074 Case1_F025_NS 6
INLINE-  2147483647 2147483647    516593.25000   6250710.00000     10680.48236 Case1_F025_NS 6
INLINE-  2147483647 2147483647    516535.15600   6250665.50000      9952.60791 Case1_F025_NS 6
INLINE-  2147483647 2147483647    516932.75000   6250812.50000     12711.57842 Case1_F025_NS 7
INLINE-  2147483647 2147483647    516821.50000   6250727.50000     12058.23812 Case1_F025_NS 7
INLINE-  2147483647 2147483647    516706.81200   6250639.50000     11058.06712 Case1_F025_NS 7
INLINE-  2147483647 2147483647    516650.12500   6250596.00000     10699.11540 Case1_F025_NS 7
INLINE-  2147483647 2147483647    516582.03100   6250544.00000     10036.15307 Case1_F025_NS 7
INLINE-  2147483647 2147483647    516961.71900   6250724.50000     12724.26745 Case1_F025_NS 8
INLINE-  2147483647 2147483647    516852.75000   6250641.00000     12037.01807 Case1_F025_NS 8
INLINE-  2147483647 2147483647    516769.12500   6250577.00000     11335.36067 Case1_F025_NS 8
INLINE-  2147483647 2147483647    516686.21900   6250513.50000     10633.96027 Case1_F025_NS 8
INLINE-  2147483647 2147483647    516576.18800   6250429.50000      9947.32889 Case1_F025_NS 8
INLINE-  2147483647 2147483647    516975.90600   6250641.00000     12744.51749 Case1_F025_NS 9
INLINE-  2147483647 2147483647    516878.09400   6250566.00000     12092.03118 Case1_F025_NS 9
INLINE-  2147483647 2147483647    516787.75000   6250497.00000     11357.72072 Case1_F025_NS 9
INLINE-  2147483647 2147483647    516726.81200   6250450.50000     10649.61830 Case1_F025_NS 9
INLINE-  2147483647 2147483647    516627.50000   6250374.50000      9956.86591 Case1_F025_NS 9
INLINE-  2147483647 2147483647    516989.37500   6250557.00000     12753.60551 Case1_F025_NS 10
INLINE-  2147483647 2147483647    516882.34400   6250475.00000     12068.80714 Case1_F025_NS 10
INLINE-  2147483647 2147483647    516806.46900   6250417.00000     11368.08174 Case1_F025_NS 10
INLINE-  2147483647 2147483647    516765.09400   6250385.00000     10655.36331 Case1_F025_NS 10
INLINE-  2147483647 2147483647    516676.93800   6250317.50000      9960.00992 Case1_F025_NS 10
INLINE-  2147483647 2147483647    516997.43800   6250484.50000     12733.82447 Case1_F025_NS 11
INLINE-  2147483647 2147483647    516856.71900   6250376.50000     11815.91363 Case1_F025_NS 11
INLINE-  2147483647 2147483647    516813.53100   6250343.50000     11167.92434 Case1_F025_NS 11
INLINE-  2147483647 2147483647    516795.31200   6250329.50000     10624.77325 Case1_F025_NS 11
INLINE-  2147483647 2147483647    516719.03100   6250271.00000      9955.61791 Case1_F025_NS 11
INLINE-  2147483647 2147483647    517019.96900   6250391.50000     12550.58610 Case1_F025_NS 12
INLINE-  2147483647 2147483647    516932.28100   6250324.00000     11903.13881 Case1_F025_NS 12
INLINE-  2147483647 2147483647    516879.56200   6250284.00000     11240.87448 Case1_F025_NS 12
INLINE-  2147483647 2147483647    516851.15600   6250262.00000     10572.00014 Case1_F025_NS 12
INLINE-  2147483647 2147483647    516780.40600   6250208.00000      9915.96883 Case1_F025_NS 12
INLINE-  2147483647 2147483647    517036.90600   6250325.50000     12341.07468 Case1_F025_NS 13
INLINE-  2147483647 2147483647    516979.81200   6250282.00000     11814.55663 Case1_F025_NS 13
INLINE-  2147483647 2147483647    516936.06200   6250248.50000     11200.60240 Case1_F025_NS 13
INLINE-  2147483647 2147483647    516893.03100   6250215.50000     10480.74796 Case1_F025_NS 13
INLINE-  2147483647 2147483647    516828.53100   6250166.00000      9864.31473 Case1_F025_NS 13
INLINE-  2147483647 2147483647    517068.53100   6250255.50000     12139.60028 Case1_F025_NS 14
INLINE-  2147483647 2147483647    517013.00000   6250213.00000     11559.17912 Case1_F025_NS 14
INLINE-  2147483647 2147483647    516979.37500   6250187.00000     10972.10894 Case1_F025_NS 14
INLINE-  2147483647 2147483647    516943.09400   6250159.50000     10385.74177 Case1_F025_NS 14
INLINE-  2147483647 2147483647    516889.84400   6250118.50000      9804.54561 Case1_F025_NS 14
INLINE-  2147483647 2147483647    517117.03100   6250198.00000     11946.89489 Case1_F025_NS 15
INLINE-  2147483647 2147483647    517051.31200   6250148.00000     11275.33455 Case1_F025_NS 15
INLINE-  2147483647 2147483647    517015.50000   6250120.50000     10557.76112 Case1_F025_NS 15
INLINE-  2147483647 2147483647    516981.81200   6250094.50000     10164.41633 Case1_F025_NS 15
INLINE-  2147483647 2147483647    516953.50000   6250073.00000      9754.47151 Case1_F025_NS 15
INLINE-  2147483647 2147483647    517229.56200   6250174.00000     11867.82174 Case1_F025_NS 16
INLINE-  2147483647 2147483647    517131.96900   6250099.50000     11176.86835 Case1_F025_NS 16
INLINE-  2147483647 2147483647    517066.50000   6250049.50000     10470.87494 Case1_F025_NS 16
INLINE-  2147483647 2147483647    517038.12500   6250027.50000     10115.57623 Case1_F025_NS 16
INLINE-  2147483647 2147483647    517026.90600   6250019.00000      9768.05654 Case1_F025_NS 16
INLINE-  2147483647 2147483647    517346.06200   6250169.00000     11912.05882 Case1_F025_NS 17
INLINE-  2147483647 2147483647    517264.62500   6250106.50000     11493.81099 Case1_F025_NS 17
INLINE-  2147483647 2147483647    517141.50000   6250012.00000     10652.23730 Case1_F025_NS 17
INLINE-  2147483647 2147483647    517108.06200   6249986.50000     10199.83740 Case1_F025_NS 17
INLINE-  2147483647 2147483647    517094.28100   6249976.00000      9796.89259 Case1_F025_NS 17
INLINE-  2147483647 2147483647    517517.56200   6250237.00000     12489.72398 Case1_F025_NS 18
INLINE-  2147483647 2147483647    517346.21900   6250106.00000     11601.40820 Case1_F025_NS 18
INLINE-  2147483647 2147483647    517184.28100   6249982.00000     10708.70042 Case1_F025_NS 18
INLINE-  2147483647 2147483647    517154.43800   6249959.00000     10243.35949 Case1_F025_NS 18
INLINE-  2147483647 2147483647    517142.84400   6249950.50000      9810.34562 Case1_F025_NS 18
INLINE-  2147483647 2147483647    517688.90600   6250258.00000     12894.26479 Case1_F025_NS 19
INLINE-  2147483647 2147483647    517530.37500   6250136.50000     12117.28323 Case1_F025_NS 19
INLINE-  2147483647 2147483647    517321.15600   6249976.50000     11205.06041 Case1_F025_NS 19
INLINE-  2147483647 2147483647    517228.90600   6249906.00000     10482.76097 Case1_F025_NS 19
INLINE-  2147483647 2147483647    517210.53100   6249892.00000     10129.04526 Case1_F025_NS 19
INLINE-  2147483647 2147483647    517204.43800   6249887.50000      9772.44754 Case1_F025_NS 19
INLINE-  2147483647 2147483647    517548.21900   6250103.00000     12017.81704 Case1_F025_NS 20
INLINE-  2147483647 2147483647    517343.93800   6249947.00000     11205.06041 Case1_F025_NS 20
INLINE-  2147483647 2147483647    517251.68800   6249876.50000     10482.76097 Case1_F025_NS 20
INLINE-  2147483647 2147483647    517262.21900   6249884.50000     10197.67640 Case1_F025_NS 20
INLINE-  2147483647 2147483647    517252.90600   6249877.00000      9788.79558 Case1_F025_NS 20
INLINE-  2147483647 2147483647    517555.81200   6250093.00000     12017.81704 Case1_F025_NS 21
INLINE-  2147483647 2147483647    517351.53100   6249937.00000     11205.06041 Case1_F025_NS 21
INLINE-  2147483647 2147483647    517259.31200   6249866.50000     10482.76097 Case1_F025_NS 21
INLINE-  2147483647 2147483647    517269.81200   6249874.50000     10197.67640 Case1_F025_NS 21
INLINE-  2147483647 2147483647    517269.65600   6249874.50000     10019.91304 Case1_F025_NS 21
INLINE-  2147483647 2147483647    517260.84400   6249867.50000      9794.67159 Case1_F025_NS 21
