INLINE-  2147483647 2147483647    518459.15600   6248436.50000      9770.71954 Case1_F117_EW 1
INLINE-  2147483647 2147483647    518447.68800   6248451.50000     10118.81924 Case1_F117_EW 1
INLINE-  2147483647 2147483647    518432.43800   6248471.50000     10421.52084 Case1_F117_EW 1
INLINE-  2147483647 2147483647    518377.21900   6248543.50000     10868.62174 Case1_F117_EW 1
INLINE-  2147483647 2147483647    518419.50000   6248406.00000      9770.71954 Case1_F117_EW 2
INLINE-  2147483647 2147483647    518408.06200   6248421.00000     10118.81924 Case1_F117_EW 2
INLINE-  2147483647 2147483647    518392.78100   6248441.00000     10421.52084 Case1_F117_EW 2
INLINE-  2147483647 2147483647    518337.31200   6248513.50000     10868.62174 Case1_F117_EW 2
INLINE-  2147483647 2147483647    518372.93800   6248384.50000      9778.49956 Case1_F117_EW 3
INLINE-  2147483647 2147483647    518365.31200   6248394.50000     10128.32026 Case1_F117_EW 3
INLINE-  2147483647 2147483647    518353.09400   6248410.50000     10421.52084 Case1_F117_EW 3
INLINE-  2147483647 2147483647    518298.37500   6248482.00000     10904.22081 Case1_F117_EW 3
INLINE-  2147483647 2147483647    518333.06200   6248354.50000      9778.49956 Case1_F117_EW 4
INLINE-  2147483647 2147483647    518325.65600   6248364.00000     10128.32026 Case1_F117_EW 4
INLINE-  2147483647 2147483647    518305.81200   6248390.00000     10452.62091 Case1_F117_EW 4
INLINE-  2147483647 2147483647    518257.21900   6248453.50000     10979.22096 Case1_F117_EW 4
INLINE-  2147483647 2147483647    518288.06200   6248310.50000      9757.69952 Case1_F117_EW 5
INLINE-  2147483647 2147483647    518275.84400   6248326.50000     10128.32026 Case1_F117_EW 5
INLINE-  2147483647 2147483647    518256.25000   6248352.00000     10401.92080 Case1_F117_EW 5
INLINE-  2147483647 2147483647    518203.84400   6248420.50000     10928.12186 Case1_F117_EW 5
INLINE-  2147483647 2147483647    518226.96900   6248287.50000      9752.06950 Case1_F117_EW 6
INLINE-  2147483647 2147483647    518209.68800   6248310.00000     10247.72050 Case1_F117_EW 6
INLINE-  2147483647 2147483647    518182.18800   6248346.00000     10592.62119 Case1_F117_EW 6
INLINE-  2147483647 2147483647    518153.43800   6248383.50000     10918.62184 Case1_F117_EW 6
INLINE-  2147483647 2147483647    518181.93800   6248243.50000      9901.83980 Case1_F117_EW 7
INLINE-  2147483647 2147483647    518176.59400   6248250.50000     10128.32026 Case1_F117_EW 7
INLINE-  2147483647 2147483647    518160.03100   6248272.00000     10390.32078 Case1_F117_EW 7
INLINE-  2147483647 2147483647    518103.06200   6248346.50000     10905.02181 Case1_F117_EW 7
INLINE-  2147483647 2147483647    518138.40600   6248197.50000      9793.18959 Case1_F117_EW 8
INLINE-  2147483647 2147483647    518126.96900   6248212.50000     10128.32026 Case1_F117_EW 8
INLINE-  2147483647 2147483647    518105.06200   6248241.00000     10358.02072 Case1_F117_EW 8
INLINE-  2147483647 2147483647    518045.78100   6248318.50000     10825.82165 Case1_F117_EW 8
INLINE-  2147483647 2147483647    518097.96900   6248168.00000      9789.50958 Case1_F117_EW 9
INLINE-  2147483647 2147483647    518087.28100   6248182.00000     10128.32026 Case1_F117_EW 9
INLINE-  2147483647 2147483647    518069.21900   6248205.50000     10404.52081 Case1_F117_EW 9
INLINE-  2147483647 2147483647    518028.75000   6248258.50000     10895.32179 Case1_F117_EW 9
INLINE-  2147483647 2147483647    518048.40600   6248130.00000      9789.50958 Case1_F117_EW 10
INLINE-  2147483647 2147483647    518037.71900   6248144.00000     10128.32026 Case1_F117_EW 10
INLINE-  2147483647 2147483647    518019.40600   6248168.00000     10404.52081 Case1_F117_EW 10
INLINE-  2147483647 2147483647    517979.18800   6248220.50000     10895.32179 Case1_F117_EW 10
