INLINE-  2147483647 2147483647    514733.34400   6250094.50000      8930.01486 Case1_F004_NNE 1
INLINE-  2147483647 2147483647    514622.65600   6250111.50000      9206.52841 Case1_F004_NNE 1
INLINE-  2147483647 2147483647    514519.65600   6250127.50000      9511.11302 Case1_F004_NNE 1
INLINE-  2147483647 2147483647    514716.87500   6250061.00000      8904.73381 Case1_F004_NNE 2
INLINE-  2147483647 2147483647    514667.90600   6250068.50000      9102.39320 Case1_F004_NNE 2
INLINE-  2147483647 2147483647    514611.15600   6250077.00000      9306.64161 Case1_F004_NNE 2
INLINE-  2147483647 2147483647    514548.09400   6250087.00000      9502.08100 Case1_F004_NNE 2
INLINE-  2147483647 2147483647    514486.59400   6250096.50000      9642.80429 Case1_F004_NNE 2
INLINE-  2147483647 2147483647    514721.12500   6250015.50000      8893.04479 Case1_F004_NNE 3
INLINE-  2147483647 2147483647    514604.00000   6250033.50000      9299.75960 Case1_F004_NNE 3
INLINE-  2147483647 2147483647    514458.21900   6250056.00000      9733.71247 Case1_F004_NNE 3
INLINE-  2147483647 2147483647    514724.78100   6249961.50000      8885.89277 Case1_F004_NNE 4
INLINE-  2147483647 2147483647    514589.46900   6249982.50000      9304.71361 Case1_F004_NNE 4
INLINE-  2147483647 2147483647    514464.25000   6250001.50000      9685.80437 Case1_F004_NNE 4
INLINE-  2147483647 2147483647    514721.90600   6249935.00000      8883.32077 Case1_F004_NNE 5
INLINE-  2147483647 2147483647    514587.00000   6249956.00000      9293.20059 Case1_F004_NNE 5
INLINE-  2147483647 2147483647    514443.84400   6249978.00000      9719.15644 Case1_F004_NNE 5
INLINE-  2147483647 2147483647    514708.34400   6249856.50000      8881.56276 Case1_F004_NNE 6
INLINE-  2147483647 2147483647    514570.62500   6249877.50000      9304.73361 Case1_F004_NNE 6
INLINE-  2147483647 2147483647    514422.46900   6249900.50000      9735.72947 Case1_F004_NNE 6
INLINE-  2147483647 2147483647    514688.03100   6249788.50000      8869.72374 Case1_F004_NNE 7
INLINE-  2147483647 2147483647    514582.87500   6249804.50000      9313.73963 Case1_F004_NNE 7
INLINE-  2147483647 2147483647    514453.25000   6249824.50000      9773.77355 Case1_F004_NNE 7
INLINE-  2147483647 2147483647    514678.21900   6249763.50000      8884.59377 Case1_F004_NNE 8
INLINE-  2147483647 2147483647    514575.90600   6249779.00000      9348.31770 Case1_F004_NNE 8
INLINE-  2147483647 2147483647    514475.37500   6249794.50000      9692.48938 Case1_F004_NNE 8
INLINE-  2147483647 2147483647    514647.90600   6249705.00000      8979.41396 Case1_F004_NNE 9
INLINE-  2147483647 2147483647    514571.18800   6249717.00000      9375.80375 Case1_F004_NNE 9
INLINE-  2147483647 2147483647    514470.68800   6249732.50000      9758.00952 Case1_F004_NNE 9
INLINE-  2147483647 2147483647    514614.34400   6249648.00000      9070.81914 Case1_F004_NNE 10
INLINE-  2147483647 2147483647    514556.56200   6249657.00000      9365.18473 Case1_F004_NNE 10
INLINE-  2147483647 2147483647    514513.87500   6249663.50000      9562.10112 Case1_F004_NNE 10
INLINE-  2147483647 2147483647    514593.25000   6249624.00000      9056.28811 Case1_F004_NNE 11
INLINE-  2147483647 2147483647    514555.68800   6249630.00000      9293.15259 Case1_F004_NNE 11
INLINE-  2147483647 2147483647    514504.25000   6249638.00000      9527.72606 Case1_F004_NNE 11
INLINE-  2147483647 2147483647    514527.37500   6249598.00000      9004.11001 Case1_F004_NNE 12
INLINE-  2147483647 2147483647    514508.84400   6249600.50000      9255.45251 Case1_F004_NNE 12
INLINE-  2147483647 2147483647    514497.34400   6249602.50000      9441.55188 Case1_F004_NNE 12
