INLINE-  2147483647 2147483647    514567.65600   6247366.00000      9582.95117 Case1_F059_NS 1
INLINE-  2147483647 2147483647    514559.40600   6247359.50000      9797.63860 Case1_F059_NS 1
INLINE-  2147483647 2147483647    514554.50000   6247355.50000     10012.70303 Case1_F059_NS 1
INLINE-  2147483647 2147483647    514535.21900   6247341.00000     10224.52445 Case1_F059_NS 1
INLINE-  2147483647 2147483647    514514.90600   6247325.50000     10435.92287 Case1_F059_NS 1
INLINE-  2147483647 2147483647    514583.43800   6247346.50000      9582.79217 Case1_F059_NS 2
INLINE-  2147483647 2147483647    514575.18800   6247340.00000      9797.34959 Case1_F059_NS 2
INLINE-  2147483647 2147483647    514570.09400   6247336.00000     10012.28902 Case1_F059_NS 2
INLINE-  2147483647 2147483647    514550.68800   6247321.50000     10223.91445 Case1_F059_NS 2
INLINE-  2147483647 2147483647    514530.31200   6247306.00000     10435.16687 Case1_F059_NS 2
INLINE-  2147483647 2147483647    514600.78100   6247328.00000      9582.14716 Case1_F059_NS 3
INLINE-  2147483647 2147483647    514591.81200   6247321.50000      9814.07863 Case1_F059_NS 3
INLINE-  2147483647 2147483647    514587.37500   6247318.00000     10000.54700 Case1_F059_NS 3
INLINE-  2147483647 2147483647    514569.93800   6247304.50000     10188.08638 Case1_F059_NS 3
INLINE-  2147483647 2147483647    514546.18800   6247286.50000     10432.79087 Case1_F059_NS 3
INLINE-  2147483647 2147483647    514623.62500   6247314.00000      9579.75316 Case1_F059_NS 4
INLINE-  2147483647 2147483647    514614.81200   6247307.50000      9792.84059 Case1_F059_NS 4
INLINE-  2147483647 2147483647    514607.00000   6247301.50000     10006.04401 Case1_F059_NS 4
INLINE-  2147483647 2147483647    514584.65600   6247284.50000     10215.06343 Case1_F059_NS 4
INLINE-  2147483647 2147483647    514563.71900   6247268.50000     10424.67785 Case1_F059_NS 4
INLINE-  2147483647 2147483647    514648.00000   6247301.50000      9576.91015 Case1_F059_NS 5
INLINE-  2147483647 2147483647    514638.68800   6247294.50000      9788.71858 Case1_F059_NS 5
INLINE-  2147483647 2147483647    514628.31200   6247286.50000     10000.21800 Case1_F059_NS 5
INLINE-  2147483647 2147483647    514603.25000   6247267.00000     10206.61641 Case1_F059_NS 5
INLINE-  2147483647 2147483647    514581.75000   6247250.50000     10414.79983 Case1_F059_NS 5
INLINE-  2147483647 2147483647    514670.81200   6247287.50000      9574.70415 Case1_F059_NS 6
INLINE-  2147483647 2147483647    514661.21900   6247280.00000      9785.23957 Case1_F059_NS 6
INLINE-  2147483647 2147483647    514648.71900   6247270.50000      9995.14799 Case1_F059_NS 6
INLINE-  2147483647 2147483647    514621.50000   6247249.50000     10199.29540 Case1_F059_NS 6
INLINE-  2147483647 2147483647    514599.50000   6247233.00000     10406.01781 Case1_F059_NS 6
INLINE-  2147483647 2147483647    514698.68800   6247261.50000      9573.45215 Case1_F059_NS 7
INLINE-  2147483647 2147483647    514688.56200   6247253.50000      9791.25958 Case1_F059_NS 7
INLINE-  2147483647 2147483647    514674.68800   6247243.00000      9994.79399 Case1_F059_NS 7
INLINE-  2147483647 2147483647    514650.37500   6247224.50000     10162.77633 Case1_F059_NS 7
INLINE-  2147483647 2147483647    514624.21900   6247204.50000     10399.17880 Case1_F059_NS 7
INLINE-  2147483647 2147483647    514718.12500   6247229.00000      9575.48215 Case1_F059_NS 8
INLINE-  2147483647 2147483647    514709.12500   6247222.50000      9783.85157 Case1_F059_NS 8
INLINE-  2147483647 2147483647    514695.65600   6247212.00000      9991.24098 Case1_F059_NS 8
INLINE-  2147483647 2147483647    514669.21900   6247191.50000     10193.44939 Case1_F059_NS 8
INLINE-  2147483647 2147483647    514646.84400   6247174.50000     10397.70580 Case1_F059_NS 8
INLINE-  2147483647 2147483647    514727.06200   6247204.50000      9578.67516 Case1_F059_NS 9
INLINE-  2147483647 2147483647    514719.03100   6247198.50000      9786.06457 Case1_F059_NS 9
INLINE-  2147483647 2147483647    514706.84400   6247189.00000      9992.60599 Case1_F059_NS 9
INLINE-  2147483647 2147483647    514683.53100   6247171.00000     10195.08839 Case1_F059_NS 9
INLINE-  2147483647 2147483647    514661.31200   6247154.00000     10398.24580 Case1_F059_NS 9
INLINE-  2147483647 2147483647    514737.68800   6247181.00000      9581.24316 Case1_F059_NS 10
INLINE-  2147483647 2147483647    514730.68800   6247176.00000      9787.90658 Case1_F059_NS 10
INLINE-  2147483647 2147483647    514719.68800   6247167.50000      9993.85199 Case1_F059_NS 10
INLINE-  2147483647 2147483647    514698.87500   6247151.50000     10196.69839 Case1_F059_NS 10
INLINE-  2147483647 2147483647    514676.59400   6247134.50000     10398.91680 Case1_F059_NS 10
INLINE-  2147483647 2147483647    514757.65600   6247149.50000      9582.94117 Case1_F059_NS 11
INLINE-  2147483647 2147483647    514752.62500   6247145.50000      9765.31453 Case1_F059_NS 11
INLINE-  2147483647 2147483647    514742.90600   6247138.00000      9978.88596 Case1_F059_NS 11
INLINE-  2147483647 2147483647    514726.34400   6247125.50000     10162.77633 Case1_F059_NS 11
INLINE-  2147483647 2147483647    514700.15600   6247105.50000     10399.17880 Case1_F059_NS 11
INLINE-  2147483647 2147483647    514785.21900   6247123.00000      9580.65216 Case1_F059_NS 12
INLINE-  2147483647 2147483647    514780.65600   6247119.50000      9786.92557 Case1_F059_NS 12
INLINE-  2147483647 2147483647    514770.87500   6247112.00000      9992.46498 Case1_F059_NS 12
INLINE-  2147483647 2147483647    514750.31200   6247096.50000     10194.73439 Case1_F059_NS 12
INLINE-  2147483647 2147483647    514726.65600   6247078.50000     10395.63479 Case1_F059_NS 12
INLINE-  2147483647 2147483647    514807.68800   6247109.00000      9577.15815 Case1_F059_NS 13
INLINE-  2147483647 2147483647    514804.43800   6247106.50000      9783.78757 Case1_F059_NS 13
INLINE-  2147483647 2147483647    514794.50000   6247099.00000      9989.34798 Case1_F059_NS 13
INLINE-  2147483647 2147483647    514771.50000   6247081.00000     10190.79038 Case1_F059_NS 13
INLINE-  2147483647 2147483647    514746.46900   6247062.00000     10391.24978 Case1_F059_NS 13
INLINE-  2147483647 2147483647    514838.31200   6247085.00000      9573.97715 Case1_F059_NS 14
INLINE-  2147483647 2147483647    514836.40600   6247083.50000      9781.15056 Case1_F059_NS 14
INLINE-  2147483647 2147483647    514826.21900   6247076.00000      9987.11297 Case1_F059_NS 14
INLINE-  2147483647 2147483647    514800.78100   6247056.50000     10187.92838 Case1_F059_NS 14
INLINE-  2147483647 2147483647    514774.34400   6247036.00000     10388.14478 Case1_F059_NS 14
INLINE-  2147483647 2147483647    514862.65600   6247072.00000      9573.94515 Case1_F059_NS 15
INLINE-  2147483647 2147483647    514862.28100   6247072.00000      9732.83947 Case1_F059_NS 15
INLINE-  2147483647 2147483647    514856.90600   6247068.00000      9934.72487 Case1_F059_NS 15
INLINE-  2147483647 2147483647    514831.06200   6247048.00000     10138.23628 Case1_F059_NS 15
INLINE-  2147483647 2147483647    514796.09400   6247021.50000     10393.29379 Case1_F059_NS 15
INLINE-  2147483647 2147483647    514890.50000   6247062.00000      9583.57717 Case1_F059_NS 16
INLINE-  2147483647 2147483647    514889.50000   6247061.50000      9798.02760 Case1_F059_NS 16
INLINE-  2147483647 2147483647    514879.81200   6247054.00000     10011.20802 Case1_F059_NS 16
INLINE-  2147483647 2147483647    514851.40600   6247032.00000     10217.96344 Case1_F059_NS 16
INLINE-  2147483647 2147483647    514823.25000   6247010.50000     10424.71385 Case1_F059_NS 16
INLINE-  2147483647 2147483647    514924.81200   6247041.00000      9593.67119 Case1_F059_NS 17
INLINE-  2147483647 2147483647    514924.93800   6247041.00000      9734.13547 Case1_F059_NS 17
INLINE-  2147483647 2147483647    514916.43800   6247034.50000     10011.56402 Case1_F059_NS 17
INLINE-  2147483647 2147483647    514883.84400   6247010.00000     10256.77251 Case1_F059_NS 17
INLINE-  2147483647 2147483647    514856.65600   6246989.00000     10455.98391 Case1_F059_NS 17
INLINE-  2147483647 2147483647    514942.18800   6247023.00000      9595.45819 Case1_F059_NS 18
INLINE-  2147483647 2147483647    514941.12500   6247022.00000      9815.80063 Case1_F059_NS 18
INLINE-  2147483647 2147483647    514932.12500   6247015.00000     10035.18507 Case1_F059_NS 18
INLINE-  2147483647 2147483647    514903.12500   6246993.00000     10247.67050 Case1_F059_NS 18
INLINE-  2147483647 2147483647    514870.46900   6246968.00000     10457.80192 Case1_F059_NS 18
INLINE-  2147483647 2147483647    514962.78100   6246991.50000      9593.67119 Case1_F059_NS 19
INLINE-  2147483647 2147483647    514962.93800   6246991.50000      9734.13547 Case1_F059_NS 19
INLINE-  2147483647 2147483647    514954.40600   6246985.00000     10011.56402 Case1_F059_NS 19
INLINE-  2147483647 2147483647    514921.81200   6246960.00000     10256.77251 Case1_F059_NS 19
INLINE-  2147483647 2147483647    514886.12500   6246933.00000     10446.28589 Case1_F059_NS 19
