INLINE-  2147483647 2147483647    511142.18800   6254769.00000      9609.21822 Case2_F005_NS 1
INLINE-  2147483647 2147483647    511082.81200   6254723.50000      9961.45792 Case2_F005_NS 1
INLINE-  2147483647 2147483647    511000.03100   6254660.00000     10225.20545 Case2_F005_NS 1
INLINE-  2147483647 2147483647    510841.34400   6254538.50000     10486.12397 Case2_F005_NS 1
INLINE-  2147483647 2147483647    511104.18800   6254818.50000      9609.21822 Case2_F005_NS 2
INLINE-  2147483647 2147483647    511033.31200   6254764.50000      9964.43993 Case2_F005_NS 2
INLINE-  2147483647 2147483647    510962.06200   6254710.00000     10225.20545 Case2_F005_NS 2
INLINE-  2147483647 2147483647    510803.34400   6254588.50000     10486.12397 Case2_F005_NS 2
INLINE-  2147483647 2147483647    511066.21900   6254868.00000      9609.21822 Case2_F005_NS 3
INLINE-  2147483647 2147483647    510989.03100   6254809.00000      9987.19397 Case2_F005_NS 3
INLINE-  2147483647 2147483647    510912.65600   6254750.50000     10246.14049 Case2_F005_NS 3
INLINE-  2147483647 2147483647    510758.71900   6254633.00000     10489.18498 Case2_F005_NS 3
INLINE-  2147483647 2147483647    511011.59400   6254921.00000      9604.60521 Case2_F005_NS 4
INLINE-  2147483647 2147483647    510929.37500   6254858.00000     10032.33406 Case2_F005_NS 4
INLINE-  2147483647 2147483647    510846.81200   6254794.50000     10276.73255 Case2_F005_NS 4
INLINE-  2147483647 2147483647    510673.40600   6254662.00000     10478.47196 Case2_F005_NS 4
INLINE-  2147483647 2147483647    510974.65600   6254971.00000      9628.48826 Case2_F005_NS 5
INLINE-  2147483647 2147483647    510870.75000   6254891.50000      9982.79097 Case2_F005_NS 5
INLINE-  2147483647 2147483647    510705.28100   6254765.00000     10330.39966 Case2_F005_NS 5
INLINE-  2147483647 2147483647    510524.37500   6254626.50000     10584.24617 Case2_F005_NS 5
INLINE-  2147483647 2147483647    510886.62500   6254998.50000      9640.41728 Case2_F005_NS 6
INLINE-  2147483647 2147483647    510785.28100   6254920.50000     10009.22402 Case2_F005_NS 6
INLINE-  2147483647 2147483647    510638.90600   6254808.50000     10318.46264 Case2_F005_NS 6
INLINE-  2147483647 2147483647    510453.68800   6254667.00000     10599.94820 Case2_F005_NS 6
INLINE-  2147483647 2147483647    510810.75000   6255034.50000      9634.06627 Case2_F005_NS 7
INLINE-  2147483647 2147483647    510747.75000   6254986.50000      9919.78084 Case2_F005_NS 7
INLINE-  2147483647 2147483647    510576.81200   6254855.50000     10290.17958 Case2_F005_NS 7
INLINE-  2147483647 2147483647    510379.21900   6254704.50000     10575.22515 Case2_F005_NS 7
INLINE-  2147483647 2147483647    510744.18800   6255078.00000      9636.40527 Case2_F005_NS 8
INLINE-  2147483647 2147483647    510659.90600   6255013.50000      9942.24688 Case2_F005_NS 8
INLINE-  2147483647 2147483647    510510.90600   6254899.50000     10260.43952 Case2_F005_NS 8
INLINE-  2147483647 2147483647    510280.18800   6254723.00000     10610.23322 Case2_F005_NS 8
INLINE-  2147483647 2147483647    510653.37500   6255103.00000      9661.17132 Case2_F005_NS 9
INLINE-  2147483647 2147483647    510579.40600   6255046.50000      9958.52592 Case2_F005_NS 9
INLINE-  2147483647 2147483647    510449.46900   6254947.00000     10258.39752 Case2_F005_NS 9
INLINE-  2147483647 2147483647    510195.65600   6254753.00000     10613.50723 Case2_F005_NS 9
INLINE-  2147483647 2147483647    510564.75000   6255129.50000      9705.54341 Case2_F005_NS 10
INLINE-  2147483647 2147483647    510495.81200   6255077.00000      9968.24994 Case2_F005_NS 10
INLINE-  2147483647 2147483647    510365.09400   6254977.00000     10262.51953 Case2_F005_NS 10
INLINE-  2147483647 2147483647    510085.18800   6254762.50000     10683.18537 Case2_F005_NS 10
INLINE-  2147483647 2147483647    510454.43800   6255139.50000      9725.64345 Case2_F005_NS 11
INLINE-  2147483647 2147483647    510372.06200   6255076.50000      9962.15792 Case2_F005_NS 11
INLINE-  2147483647 2147483647    510228.34400   6254966.50000     10278.02756 Case2_F005_NS 11
INLINE-  2147483647 2147483647    510025.53100   6254811.50000     10688.51738 Case2_F005_NS 11
INLINE-  2147483647 2147483647    510317.65600   6255113.50000      9801.66460 Case2_F005_NS 12
INLINE-  2147483647 2147483647    510237.81200   6255052.50000     10020.54704 Case2_F005_NS 12
INLINE-  2147483647 2147483647    510102.25000   6254949.00000     10346.54769 Case2_F005_NS 12
INLINE-  2147483647 2147483647    509983.78100   6254858.00000     10629.72826 Case2_F005_NS 12
