INLINE-  2147483647 2147483647    512942.37500   6251472.50000     10441.84888 Case2_F147_NS 1
INLINE-  2147483647 2147483647    512921.06200   6251456.50000     10767.00753 Case2_F147_NS 1
INLINE-  2147483647 2147483647    512914.40600   6251451.50000     11074.41515 Case2_F147_NS 1
INLINE-  2147483647 2147483647    512901.87500   6251441.50000     11442.41788 Case2_F147_NS 1
INLINE-  2147483647 2147483647    512874.62500   6251421.00000     11842.78569 Case2_F147_NS 1
INLINE-  2147483647 2147483647    512843.75000   6251397.00000     12242.18248 Case2_F147_NS 1
INLINE-  2147483647 2147483647    512972.75000   6251417.00000     10405.64981 Case2_F147_NS 2
INLINE-  2147483647 2147483647    512949.50000   6251399.50000     10773.90255 Case2_F147_NS 2
INLINE-  2147483647 2147483647    512941.43800   6251393.50000     11144.77729 Case2_F147_NS 2
INLINE-  2147483647 2147483647    512923.68800   6251379.50000     11514.15803 Case2_F147_NS 2
INLINE-  2147483647 2147483647    512898.65600   6251360.50000     11881.99976 Case2_F147_NS 2
INLINE-  2147483647 2147483647    512869.37500   6251338.00000     12248.54150 Case2_F147_NS 2
INLINE-  2147483647 2147483647    513014.18800   6251370.00000     10328.50766 Case2_F147_NS 3
INLINE-  2147483647 2147483647    512989.18800   6251351.00000     10705.21041 Case2_F147_NS 3
INLINE-  2147483647 2147483647    512976.25000   6251341.00000     11084.15817 Case2_F147_NS 3
INLINE-  2147483647 2147483647    512950.78100   6251321.50000     11459.88492 Case2_F147_NS 3
INLINE-  2147483647 2147483647    512925.68800   6251302.50000     11836.44667 Case2_F147_NS 3
INLINE-  2147483647 2147483647    512893.46900   6251278.00000     12210.77142 Case2_F147_NS 3
INLINE-  2147483647 2147483647    513057.25000   6251324.50000     10248.00750 Case2_F147_NS 4
INLINE-  2147483647 2147483647    513030.59400   6251304.00000     10632.01326 Case2_F147_NS 4
INLINE-  2147483647 2147483647    513012.28100   6251290.00000     11017.95704 Case2_F147_NS 4
INLINE-  2147483647 2147483647    512978.53100   6251264.50000     11399.35980 Case2_F147_NS 4
INLINE-  2147483647 2147483647    512953.43800   6251245.00000     11783.60957 Case2_F147_NS 4
INLINE-  2147483647 2147483647    512917.96900   6251218.00000     12164.57833 Case2_F147_NS 4
INLINE-  2147483647 2147483647    513101.50000   6251279.50000     10173.79935 Case2_F147_NS 5
INLINE-  2147483647 2147483647    513061.62500   6251249.00000     10748.13650 Case2_F147_NS 5
INLINE-  2147483647 2147483647    513042.87500   6251235.00000     11064.04013 Case2_F147_NS 5
INLINE-  2147483647 2147483647    512999.81200   6251202.00000     11442.47588 Case2_F147_NS 5
INLINE-  2147483647 2147483647    512978.15600   6251185.50000     11815.02763 Case2_F147_NS 5
INLINE-  2147483647 2147483647    512944.78100   6251160.00000     12118.17524 Case2_F147_NS 5
INLINE-  2147483647 2147483647    513139.46900   6251230.00000     10173.79935 Case2_F147_NS 6
INLINE-  2147483647 2147483647    513113.90600   6251210.50000     10666.83633 Case2_F147_NS 6
INLINE-  2147483647 2147483647    513081.62500   6251186.00000     11067.90114 Case2_F147_NS 6
INLINE-  2147483647 2147483647    513049.68800   6251161.50000     11457.69092 Case2_F147_NS 6
INLINE-  2147483647 2147483647    513016.12500   6251135.50000     11815.02763 Case2_F147_NS 6
INLINE-  2147483647 2147483647    512982.78100   6251110.00000     12118.17524 Case2_F147_NS 6
INLINE-  2147483647 2147483647    513208.87500   6251157.50000     10159.17632 Case2_F147_NS 7
INLINE-  2147483647 2147483647    513191.62500   6251144.00000     10557.93012 Case2_F147_NS 7
INLINE-  2147483647 2147483647    513159.71900   6251119.50000     10952.77391 Case2_F147_NS 7
INLINE-  2147483647 2147483647    513125.21900   6251093.50000     11346.88269 Case2_F147_NS 7
INLINE-  2147483647 2147483647    513092.06200   6251068.00000     11741.44148 Case2_F147_NS 7
INLINE-  2147483647 2147483647    513045.25000   6251032.00000     12130.19026 Case2_F147_NS 7
INLINE-  2147483647 2147483647    513263.15600   6251088.50000     10155.71631 Case2_F147_NS 8
INLINE-  2147483647 2147483647    513238.65600   6251070.00000     10654.34331 Case2_F147_NS 8
INLINE-  2147483647 2147483647    513202.65600   6251042.50000     11064.54013 Case2_F147_NS 8
INLINE-  2147483647 2147483647    513166.87500   6251015.00000     11458.21592 Case2_F147_NS 8
INLINE-  2147483647 2147483647    513140.93800   6250995.00000     11816.70963 Case2_F147_NS 8
INLINE-  2147483647 2147483647    513099.62500   6250963.50000     12132.11226 Case2_F147_NS 8
INLINE-  2147483647 2147483647    513278.37500   6251021.50000     10191.09238 Case2_F147_NS 9
INLINE-  2147483647 2147483647    513253.59400   6251002.50000     10575.21415 Case2_F147_NS 9
INLINE-  2147483647 2147483647    513229.53100   6250984.00000     10959.44292 Case2_F147_NS 9
INLINE-  2147483647 2147483647    513200.00000   6250961.50000     11342.16468 Case2_F147_NS 9
INLINE-  2147483647 2147483647    513174.37500   6250942.00000     11726.14045 Case2_F147_NS 9
INLINE-  2147483647 2147483647    513139.43800   6250915.50000     12106.62421 Case2_F147_NS 9
INLINE-  2147483647 2147483647    513290.84400   6250952.50000     10226.28045 Case2_F147_NS 10
INLINE-  2147483647 2147483647    513253.62500   6250924.00000     10688.99538 Case2_F147_NS 10
INLINE-  2147483647 2147483647    513238.09400   6250912.00000     11069.65414 Case2_F147_NS 10
INLINE-  2147483647 2147483647    513210.68800   6250891.00000     11463.84093 Case2_F147_NS 10
INLINE-  2147483647 2147483647    513190.18800   6250875.50000     11805.61861 Case2_F147_NS 10
INLINE-  2147483647 2147483647    513172.84400   6250862.00000     12068.14414 Case2_F147_NS 10
INLINE-  2147483647 2147483647    513312.78100   6250890.50000     10234.61347 Case2_F147_NS 11
INLINE-  2147483647 2147483647    513281.71900   6250867.00000     10586.97417 Case2_F147_NS 11
INLINE-  2147483647 2147483647    513262.46900   6250852.00000     10942.60389 Case2_F147_NS 11
INLINE-  2147483647 2147483647    513239.12500   6250834.00000     11297.28559 Case2_F147_NS 11
INLINE-  2147483647 2147483647    513211.56200   6250813.00000     11650.71630 Case2_F147_NS 11
INLINE-  2147483647 2147483647    513183.37500   6250791.50000     12003.89301 Case2_F147_NS 11
INLINE-  2147483647 2147483647    513337.09400   6250830.50000     10235.95047 Case2_F147_NS 12
INLINE-  2147483647 2147483647    513307.09400   6250807.50000     10573.36415 Case2_F147_NS 12
INLINE-  2147483647 2147483647    513284.65600   6250790.50000     10912.83083 Case2_F147_NS 12
INLINE-  2147483647 2147483647    513259.62500   6250771.00000     11251.67750 Case2_F147_NS 12
INLINE-  2147483647 2147483647    513225.81200   6250745.50000     11611.34922 Case2_F147_NS 12
INLINE-  2147483647 2147483647    513193.25000   6250720.50000     11935.30487 Case2_F147_NS 12
INLINE-  2147483647 2147483647    513361.12500   6250770.00000     10232.16146 Case2_F147_NS 13
INLINE-  2147483647 2147483647    513326.21900   6250743.50000     10637.68528 Case2_F147_NS 13
INLINE-  2147483647 2147483647    513291.68800   6250717.00000     11043.22309 Case2_F147_NS 13
INLINE-  2147483647 2147483647    513252.59400   6250687.00000     11447.14589 Case2_F147_NS 13
INLINE-  2147483647 2147483647    513208.87500   6250653.50000     11849.16270 Case2_F147_NS 13
INLINE-  2147483647 2147483647    513396.00000   6250702.50000     10228.42846 Case2_F147_NS 14
INLINE-  2147483647 2147483647    513354.71900   6250671.00000     10698.82240 Case2_F147_NS 14
INLINE-  2147483647 2147483647    513317.00000   6250642.00000     11058.31812 Case2_F147_NS 14
INLINE-  2147483647 2147483647    513273.37500   6250608.50000     11471.30894 Case2_F147_NS 14
INLINE-  2147483647 2147483647    513237.43800   6250581.00000     11777.08255 Case2_F147_NS 14
INLINE-  2147483647 2147483647    513432.71900   6250652.00000     10227.99146 Case2_F147_NS 15
INLINE-  2147483647 2147483647    513399.12500   6250626.00000     10615.71223 Case2_F147_NS 15
INLINE-  2147483647 2147483647    513358.93800   6250595.50000     11000.84800 Case2_F147_NS 15
INLINE-  2147483647 2147483647    513318.15600   6250564.00000     11385.74977 Case2_F147_NS 15
INLINE-  2147483647 2147483647    513273.50000   6250530.00000     11768.88654 Case2_F147_NS 15
INLINE-  2147483647 2147483647    513471.93800   6250603.00000     10228.42846 Case2_F147_NS 16
INLINE-  2147483647 2147483647    513430.68800   6250571.50000     10698.82240 Case2_F147_NS 16
INLINE-  2147483647 2147483647    513392.96900   6250543.00000     11058.31812 Case2_F147_NS 16
INLINE-  2147483647 2147483647    513349.34400   6250509.50000     11471.30894 Case2_F147_NS 16
INLINE-  2147483647 2147483647    513313.40600   6250482.00000     11777.08255 Case2_F147_NS 16
