INLINE-  2147483647 2147483647    517921.78100   6248460.00000      9740.69948 Case1_F114_EW 1
INLINE-  2147483647 2147483647    517927.90600   6248452.00000      9846.50969 Case1_F114_EW 1
INLINE-  2147483647 2147483647    517979.53100   6248384.50000     10390.82078 Case1_F114_EW 1
INLINE-  2147483647 2147483647    518031.96900   6248316.00000     10810.42162 Case1_F114_EW 1
INLINE-  2147483647 2147483647    518168.09400   6248138.00000     11243.32249 Case1_F114_EW 1
INLINE-  2147483647 2147483647    518303.21900   6247961.50000     11484.62297 Case1_F114_EW 1
INLINE-  2147483647 2147483647    518519.00000   6247679.50000     11741.82348 Case1_F114_EW 1
INLINE-  2147483647 2147483647    518674.71900   6247476.00000     11971.22394 Case1_F114_EW 1
INLINE-  2147483647 2147483647    517872.18800   6248422.00000      9740.69948 Case1_F114_EW 2
INLINE-  2147483647 2147483647    517878.28100   6248414.00000      9846.50969 Case1_F114_EW 2
INLINE-  2147483647 2147483647    517929.96900   6248346.50000     10390.82078 Case1_F114_EW 2
INLINE-  2147483647 2147483647    517982.37500   6248278.00000     10810.42162 Case1_F114_EW 2
INLINE-  2147483647 2147483647    518118.50000   6248100.00000     11243.32249 Case1_F114_EW 2
INLINE-  2147483647 2147483647    518236.06200   6247946.50000     11450.12290 Case1_F114_EW 2
INLINE-  2147483647 2147483647    518401.71900   6247730.00000     11672.62335 Case1_F114_EW 2
INLINE-  2147483647 2147483647    518609.84400   6247458.00000     12011.42402 Case1_F114_EW 2
INLINE-  2147483647 2147483647    517796.06200   6248418.50000      9730.25946 Case1_F114_EW 3
INLINE-  2147483647 2147483647    517811.34400   6248398.50000      9888.52978 Case1_F114_EW 3
INLINE-  2147483647 2147483647    517866.81200   6248326.00000     10393.62079 Case1_F114_EW 3
INLINE-  2147483647 2147483647    517932.71900   6248240.00000     10810.42162 Case1_F114_EW 3
INLINE-  2147483647 2147483647    518090.71900   6248033.50000     11220.72244 Case1_F114_EW 3
INLINE-  2147483647 2147483647    518184.87500   6247910.50000     11394.42279 Case1_F114_EW 3
INLINE-  2147483647 2147483647    518320.65600   6247733.00000     11602.49020 Case1_F114_EW 3
INLINE-  2147483647 2147483647    518539.59400   6247447.00000     12006.32401 Case1_F114_EW 3
INLINE-  2147483647 2147483647    517743.40600   6248384.50000      9648.67930 Case1_F114_EW 4
INLINE-  2147483647 2147483647    517756.37500   6248367.50000      9880.12976 Case1_F114_EW 4
INLINE-  2147483647 2147483647    517816.96900   6248288.50000     10393.62079 Case1_F114_EW 4
INLINE-  2147483647 2147483647    517883.12500   6248202.00000     10810.42162 Case1_F114_EW 4
INLINE-  2147483647 2147483647    518041.12500   6247995.50000     11220.72244 Case1_F114_EW 4
INLINE-  2147483647 2147483647    518135.28100   6247872.50000     11394.42279 Case1_F114_EW 4
INLINE-  2147483647 2147483647    518305.15600   6247650.50000     11669.54834 Case1_F114_EW 4
INLINE-  2147483647 2147483647    517703.71900   6248354.00000      9648.67930 Case1_F114_EW 5
INLINE-  2147483647 2147483647    517716.46900   6248337.50000      9880.12976 Case1_F114_EW 5
INLINE-  2147483647 2147483647    517777.28100   6248258.00000     10393.62079 Case1_F114_EW 5
INLINE-  2147483647 2147483647    517843.43800   6248171.50000     10810.42162 Case1_F114_EW 5
INLINE-  2147483647 2147483647    518001.43800   6247965.00000     11220.72244 Case1_F114_EW 5
INLINE-  2147483647 2147483647    518155.65600   6247763.50000     11480.72296 Case1_F114_EW 5
INLINE-  2147483647 2147483647    518264.28100   6247621.50000     11660.02332 Case1_F114_EW 5
INLINE-  2147483647 2147483647    517646.46900   6248326.00000      9655.06831 Case1_F114_EW 6
INLINE-  2147483647 2147483647    517666.84400   6248299.50000      9880.12976 Case1_F114_EW 6
INLINE-  2147483647 2147483647    517727.65600   6248220.00000     10393.62079 Case1_F114_EW 6
INLINE-  2147483647 2147483647    517793.81200   6248133.50000     10810.42162 Case1_F114_EW 6
INLINE-  2147483647 2147483647    517971.43800   6247901.50000     11224.82245 Case1_F114_EW 6
INLINE-  2147483647 2147483647    518106.03100   6247725.50000     11480.72296 Case1_F114_EW 6
INLINE-  2147483647 2147483647    518214.68800   6247583.50000     11660.02332 Case1_F114_EW 6
INLINE-  2147483647 2147483647    517580.03100   6248310.00000      9627.47925 Case1_F114_EW 7
INLINE-  2147483647 2147483647    517605.21900   6248277.00000      9877.53976 Case1_F114_EW 7
INLINE-  2147483647 2147483647    517656.87500   6248209.50000     10376.52075 Case1_F114_EW 7
INLINE-  2147483647 2147483647    517744.15600   6248095.50000     10810.42162 Case1_F114_EW 7
INLINE-  2147483647 2147483647    517921.78100   6247863.50000     11224.82245 Case1_F114_EW 7
INLINE-  2147483647 2147483647    518056.37500   6247687.50000     11480.72296 Case1_F114_EW 7
INLINE-  2147483647 2147483647    518165.03100   6247545.50000     11660.02332 Case1_F114_EW 7
INLINE-  2147483647 2147483647    517522.06200   6248283.00000      9617.11923 Case1_F114_EW 8
INLINE-  2147483647 2147483647    517542.65600   6248256.00000      9881.00976 Case1_F114_EW 8
INLINE-  2147483647 2147483647    517598.12500   6248183.50000     10354.52071 Case1_F114_EW 8
INLINE-  2147483647 2147483647    517694.56200   6248057.50000     10810.42162 Case1_F114_EW 8
INLINE-  2147483647 2147483647    517872.18800   6247825.50000     11224.82245 Case1_F114_EW 8
INLINE-  2147483647 2147483647    518007.56200   6247648.50000     11436.82287 Case1_F114_EW 8
INLINE-  2147483647 2147483647    518168.37500   6247438.50000     11595.52319 Case1_F114_EW 8
INLINE-  2147483647 2147483647    517434.34400   6248233.00000      9562.63913 Case1_F114_EW 9
INLINE-  2147483647 2147483647    517471.50000   6248184.50000     10021.52004 Case1_F114_EW 9
INLINE-  2147483647 2147483647    517540.71900   6248094.00000     10452.82091 Case1_F114_EW 9
INLINE-  2147483647 2147483647    517641.75000   6247962.00000     10837.72168 Case1_F114_EW 9
INLINE-  2147483647 2147483647    517773.03100   6247790.50000     11153.82131 Case1_F114_EW 9
INLINE-  2147483647 2147483647    517868.71900   6247665.50000     11300.52260 Case1_F114_EW 9
INLINE-  2147483647 2147483647    518004.09400   6247488.50000     11460.52292 Case1_F114_EW 9
INLINE-  2147483647 2147483647    518084.50000   6247383.50000     11501.52300 Case1_F114_EW 9
INLINE-  2147483647 2147483647    517372.43800   6248190.50000      9497.51900 Case1_F114_EW 10
INLINE-  2147483647 2147483647    517405.25000   6248147.50000     10000.72000 Case1_F114_EW 10
INLINE-  2147483647 2147483647    517479.59400   6248050.50000     10477.22095 Case1_F114_EW 10
INLINE-  2147483647 2147483647    517585.93800   6247911.50000     10890.92178 Case1_F114_EW 10
INLINE-  2147483647 2147483647    517742.43800   6247707.00000     11220.62244 Case1_F114_EW 10
INLINE-  2147483647 2147483647    517875.25000   6247533.50000     11365.22273 Case1_F114_EW 10
INLINE-  2147483647 2147483647    518031.75000   6247329.00000     11471.92294 Case1_F114_EW 10
INLINE-  2147483647 2147483647    517311.34400   6248147.00000      9419.53884 Case1_F114_EW 11
INLINE-  2147483647 2147483647    517316.68800   6248140.00000      9734.42947 Case1_F114_EW 11
INLINE-  2147483647 2147483647    517370.62500   6248069.50000     10192.12038 Case1_F114_EW 11
INLINE-  2147483647 2147483647    517489.18800   6247914.50000     10770.82154 Case1_F114_EW 11
INLINE-  2147483647 2147483647    517622.03100   6247741.00000     11076.52215 Case1_F114_EW 11
INLINE-  2147483647 2147483647    517790.71900   6247520.50000     11269.52254 Case1_F114_EW 11
INLINE-  2147483647 2147483647    517957.15600   6247303.00000     11422.52285 Case1_F114_EW 11
INLINE-  2147483647 2147483647    517248.87500   6248105.00000      9242.91849 Case1_F114_EW 12
INLINE-  2147483647 2147483647    517259.34400   6248091.50000      9725.64945 Case1_F114_EW 12
INLINE-  2147483647 2147483647    517292.90600   6248047.50000     10169.42034 Case1_F114_EW 12
INLINE-  2147483647 2147483647    517450.93800   6247841.00000     10777.82156 Case1_F114_EW 12
INLINE-  2147483647 2147483647    517578.43800   6247674.50000     11047.22209 Case1_F114_EW 12
INLINE-  2147483647 2147483647    517755.53100   6247443.00000     11254.22151 Case1_F114_EW 12
INLINE-  2147483647 2147483647    517922.43800   6247225.00000     11441.32288 Case1_F114_EW 12
INLINE-  2147483647 2147483647    517189.31200   6248059.50000      9229.47846 Case1_F114_EW 13
INLINE-  2147483647 2147483647    517200.78100   6248044.50000      9849.69970 Case1_F114_EW 13
INLINE-  2147483647 2147483647    517275.09400   6247947.50000     10365.72073 Case1_F114_EW 13
INLINE-  2147483647 2147483647    517407.90600   6247774.00000     10872.62175 Case1_F114_EW 13
INLINE-  2147483647 2147483647    517664.65600   6247438.50000     11179.32236 Case1_F114_EW 13
INLINE-  2147483647 2147483647    517875.09400   6247163.50000     11357.32271 Case1_F114_EW 13
INLINE-  2147483647 2147483647    517129.75000   6248014.00000      9242.91849 Case1_F114_EW 14
INLINE-  2147483647 2147483647    517125.15600   6248020.00000      9684.35937 Case1_F114_EW 14
INLINE-  2147483647 2147483647    517182.15600   6247945.50000     10163.12033 Case1_F114_EW 14
INLINE-  2147483647 2147483647    517311.15600   6247777.00000     10784.42157 Case1_F114_EW 14
INLINE-  2147483647 2147483647    517422.87500   6247631.00000     11006.52201 Case1_F114_EW 14
INLINE-  2147483647 2147483647    517577.06200   6247429.50000     11125.62225 Case1_F114_EW 14
INLINE-  2147483647 2147483647    517817.03100   6247116.00000     11290.72258 Case1_F114_EW 14
INLINE-  2147483647 2147483647    517074.75000   6247983.00000      9246.56849 Case1_F114_EW 15
INLINE-  2147483647 2147483647    517077.81200   6247979.00000      9760.44952 Case1_F114_EW 15
INLINE-  2147483647 2147483647    517156.68800   6247876.00000     10340.42068 Case1_F114_EW 15
INLINE-  2147483647 2147483647    517260.78100   6247740.00000     10777.92156 Case1_F114_EW 15
INLINE-  2147483647 2147483647    517403.00000   6247554.00000     11009.32202 Case1_F114_EW 15
INLINE-  2147483647 2147483647    517592.06200   6247307.00000     11175.22235 Case1_F114_EW 15
INLINE-  2147483647 2147483647    517766.62500   6247079.00000     11216.82243 Case1_F114_EW 15
INLINE-  2147483647 2147483647    517029.71900   6247959.50000      9248.80750 Case1_F114_EW 16
INLINE-  2147483647 2147483647    517034.28100   6247953.50000      9726.80945 Case1_F114_EW 16
INLINE-  2147483647 2147483647    517085.18800   6247887.00000     10227.52046 Case1_F114_EW 16
INLINE-  2147483647 2147483647    517197.65600   6247740.00000     10735.82147 Case1_F114_EW 16
INLINE-  2147483647 2147483647    517388.25000   6247491.00000     11021.82204 Case1_F114_EW 16
INLINE-  2147483647 2147483647    517582.65600   6247237.00000     11126.12225 Case1_F114_EW 16
INLINE-  2147483647 2147483647    517723.12500   6247053.50000     11194.32239 Case1_F114_EW 16
INLINE-  2147483647 2147483647    516970.96900   6247933.50000      9231.92846 Case1_F114_EW 17
INLINE-  2147483647 2147483647    516983.93800   6247916.50000      9738.06948 Case1_F114_EW 17
INLINE-  2147483647 2147483647    517024.15600   6247864.00000     10248.42050 Case1_F114_EW 17
INLINE-  2147483647 2147483647    517118.31200   6247741.00000     10676.92135 Case1_F114_EW 17
INLINE-  2147483647 2147483647    517279.37500   6247530.50000     10940.62188 Case1_F114_EW 17
INLINE-  2147483647 2147483647    517493.62500   6247250.50000     11088.72218 Case1_F114_EW 17
INLINE-  2147483647 2147483647    517705.34400   6246974.00000     11178.22236 Case1_F114_EW 17
INLINE-  2147483647 2147483647    516915.21900   6247903.50000      9173.04835 Case1_F114_EW 18
INLINE-  2147483647 2147483647    516932.00000   6247881.50000      9699.30940 Case1_F114_EW 18
INLINE-  2147483647 2147483647    516962.28100   6247842.00000     10149.52030 Case1_F114_EW 18
INLINE-  2147483647 2147483647    517021.56200   6247764.50000     10515.82103 Case1_F114_EW 18
INLINE-  2147483647 2147483647    517233.53100   6247487.50000     10935.72187 Case1_F114_EW 18
INLINE-  2147483647 2147483647    517394.59400   6247277.00000     11040.22208 Case1_F114_EW 18
INLINE-  2147483647 2147483647    517646.00000   6246948.50000     11103.32221 Case1_F114_EW 18
INLINE-  2147483647 2147483647    516871.78100   6247878.00000      9084.99817 Case1_F114_EW 19
INLINE-  2147483647 2147483647    516883.21900   6247863.00000      9602.46920 Case1_F114_EW 19
INLINE-  2147483647 2147483647    516915.03100   6247821.50000     10114.52023 Case1_F114_EW 19
INLINE-  2147483647 2147483647    517008.43800   6247699.50000     10566.02113 Case1_F114_EW 19
INLINE-  2147483647 2147483647    517162.62500   6247498.00000     10892.42178 Case1_F114_EW 19
INLINE-  2147483647 2147483647    517376.87500   6247218.00000     11029.52206 Case1_F114_EW 19
INLINE-  2147483647 2147483647    517614.56200   6246907.50000     11077.32215 Case1_F114_EW 19
INLINE-  2147483647 2147483647    516843.53100   6247832.50000      8907.20781 Case1_F114_EW 20
INLINE-  2147483647 2147483647    516841.21900   6247835.50000      9464.97893 Case1_F114_EW 20
INLINE-  2147483647 2147483647    516857.03100   6247815.00000      9942.27988 Case1_F114_EW 20
INLINE-  2147483647 2147483647    516922.40600   6247729.50000     10374.42075 Case1_F114_EW 20
INLINE-  2147483647 2147483647    517110.71900   6247483.50000     10851.62170 Case1_F114_EW 20
INLINE-  2147483647 2147483647    517332.59400   6247193.50000     11003.92201 Case1_F114_EW 20
INLINE-  2147483647 2147483647    517547.59400   6246912.50000     11065.52213 Case1_F114_EW 20
INLINE-  2147483647 2147483647    516816.68800   6247806.00000      8965.28793 Case1_F114_EW 21
INLINE-  2147483647 2147483647    516815.15600   6247808.00000      9483.14897 Case1_F114_EW 21
INLINE-  2147483647 2147483647    516843.40600   6247771.00000     10005.92001 Case1_F114_EW 21
INLINE-  2147483647 2147483647    516928.37500   6247660.00000     10477.72096 Case1_F114_EW 21
INLINE-  2147483647 2147483647    517067.31200   6247478.50000     10826.32065 Case1_F114_EW 21
INLINE-  2147483647 2147483647    517317.21900   6247152.00000     10978.62196 Case1_F114_EW 21
INLINE-  2147483647 2147483647    517518.50000   6246889.00000     11043.02209 Case1_F114_EW 21
INLINE-  2147483647 2147483647    516778.59400   6247773.50000      8953.67791 Case1_F114_EW 22
INLINE-  2147483647 2147483647    516795.15600   6247752.00000      9645.34929 Case1_F114_EW 22
INLINE-  2147483647 2147483647    516844.53100   6247687.50000     10215.32043 Case1_F114_EW 22
INLINE-  2147483647 2147483647    516883.43800   6247636.50000     10449.82090 Case1_F114_EW 22
INLINE-  2147483647 2147483647    517020.84400   6247457.00000     10779.52156 Case1_F114_EW 22
INLINE-  2147483647 2147483647    517249.37500   6247158.50000     10920.32184 Case1_F114_EW 22
INLINE-  2147483647 2147483647    517465.90600   6246875.50000     10991.22198 Case1_F114_EW 22
INLINE-  2147483647 2147483647    516728.96900   6247735.50000      8953.67791 Case1_F114_EW 23
INLINE-  2147483647 2147483647    516751.59400   6247706.00000      9658.32932 Case1_F114_EW 23
INLINE-  2147483647 2147483647    516798.68800   6247644.50000     10197.82040 Case1_F114_EW 23
INLINE-  2147483647 2147483647    516833.78100   6247598.50000     10449.82090 Case1_F114_EW 23
INLINE-  2147483647 2147483647    516971.21900   6247419.00000     10779.52156 Case1_F114_EW 23
INLINE-  2147483647 2147483647    517199.71900   6247120.50000     10920.32184 Case1_F114_EW 23
INLINE-  2147483647 2147483647    517416.25000   6246837.50000     10991.22198 Case1_F114_EW 23
INLINE-  2147483647 2147483647    516679.34400   6247697.50000      8953.67791 Case1_F114_EW 24
INLINE-  2147483647 2147483647    516712.65600   6247654.00000      9604.20821 Case1_F114_EW 24
INLINE-  2147483647 2147483647    516764.31200   6247586.50000     10154.62031 Case1_F114_EW 24
INLINE-  2147483647 2147483647    516805.28100   6247533.00000     10441.12088 Case1_F114_EW 24
INLINE-  2147483647 2147483647    516921.56200   6247381.00000     10779.52156 Case1_F114_EW 24
INLINE-  2147483647 2147483647    517150.09400   6247082.50000     10920.32184 Case1_F114_EW 24
INLINE-  2147483647 2147483647    517366.62500   6246799.50000     10991.22198 Case1_F114_EW 24
INLINE-  2147483647 2147483647    516643.18800   6247642.00000      8645.71729 Case1_F114_EW 25
INLINE-  2147483647 2147483647    516670.65600   6247606.00000      9599.49920 Case1_F114_EW 25
INLINE-  2147483647 2147483647    516716.96900   6247545.50000     10111.71922 Case1_F114_EW 25
INLINE-  2147483647 2147483647    516775.50000   6247469.00000     10448.12090 Case1_F114_EW 25
INLINE-  2147483647 2147483647    516874.21900   6247340.00000     10705.22141 Case1_F114_EW 25
INLINE-  2147483647 2147483647    517100.43800   6247044.50000     10920.32184 Case1_F114_EW 25
INLINE-  2147483647 2147483647    517235.03100   6246868.50000     10957.72192 Case1_F114_EW 25
INLINE-  2147483647 2147483647    516593.56200   6247604.00000      8645.71729 Case1_F114_EW 26
INLINE-  2147483647 2147483647    516620.28100   6247569.00000      9588.13918 Case1_F114_EW 26
INLINE-  2147483647 2147483647    516667.34400   6247507.50000     10111.71922 Case1_F114_EW 26
INLINE-  2147483647 2147483647    516725.87500   6247431.00000     10448.12090 Case1_F114_EW 26
INLINE-  2147483647 2147483647    516830.71900   6247294.00000     10722.62145 Case1_F114_EW 26
INLINE-  2147483647 2147483647    517007.56200   6247063.00000     10823.32165 Case1_F114_EW 26
INLINE-  2147483647 2147483647    517156.40600   6246868.50000     10910.32182 Case1_F114_EW 26
INLINE-  2147483647 2147483647    516560.00000   6247565.50000      8667.13633 Case1_F114_EW 27
INLINE-  2147483647 2147483647    516599.46900   6247514.00000      9567.58914 Case1_F114_EW 27
INLINE-  2147483647 2147483647    516656.43800   6247439.50000     10108.22022 Case1_F114_EW 27
INLINE-  2147483647 2147483647    516698.18800   6247385.00000     10427.22085 Case1_F114_EW 27
INLINE-  2147483647 2147483647    516816.75000   6247230.00000     10698.52140 Case1_F114_EW 27
INLINE-  2147483647 2147483647    516937.62500   6247072.00000     10782.92157 Case1_F114_EW 27
INLINE-  2147483647 2147483647    517127.46900   6246824.00000     10946.62189 Case1_F114_EW 27
INLINE-  2147483647 2147483647    516514.18800   6247522.50000      8700.99740 Case1_F114_EW 28
INLINE-  2147483647 2147483647    516558.21900   6247465.00000      9563.25913 Case1_F114_EW 28
INLINE-  2147483647 2147483647    516606.81200   6247401.50000     10108.22022 Case1_F114_EW 28
INLINE-  2147483647 2147483647    516660.00000   6247332.00000     10424.92085 Case1_F114_EW 28
INLINE-  2147483647 2147483647    516778.56200   6247177.00000     10674.22035 Case1_F114_EW 28
INLINE-  2147483647 2147483647    516922.84400   6246988.50000     10825.62165 Case1_F114_EW 28
INLINE-  2147483647 2147483647    517071.71900   6246794.00000     10938.52188 Case1_F114_EW 28
INLINE-  2147483647 2147483647    516463.71900   6247444.50000      8718.04744 Case1_F114_EW 29
INLINE-  2147483647 2147483647    516513.06200   6247380.00000      9591.24918 Case1_F114_EW 29
INLINE-  2147483647 2147483647    516550.21900   6247331.50000     10023.92005 Case1_F114_EW 29
INLINE-  2147483647 2147483647    516598.06200   6247269.00000     10436.71987 Case1_F114_EW 29
INLINE-  2147483647 2147483647    516702.12500   6247133.00000     10677.52136 Case1_F114_EW 29
INLINE-  2147483647 2147483647    516870.06200   6246913.50000     10779.92156 Case1_F114_EW 29
INLINE-  2147483647 2147483647    516984.81200   6246763.50000     10970.62194 Case1_F114_EW 29
INLINE-  2147483647 2147483647    516425.50000   6247391.50000      8721.17744 Case1_F114_EW 30
INLINE-  2147483647 2147483647    516480.96900   6247319.00000      9570.96914 Case1_F114_EW 30
INLINE-  2147483647 2147483647    516518.12500   6247270.50000     10002.92001 Case1_F114_EW 30
INLINE-  2147483647 2147483647    516568.25000   6247205.00000     10342.12068 Case1_F114_EW 30
INLINE-  2147483647 2147483647    516652.46900   6247095.00000     10585.22117 Case1_F114_EW 30
INLINE-  2147483647 2147483647    516808.96900   6246890.50000     10743.22149 Case1_F114_EW 30
INLINE-  2147483647 2147483647    516931.34400   6246730.50000     10918.52184 Case1_F114_EW 30
INLINE-  2147483647 2147483647    516397.90600   6247366.00000      8713.94743 Case1_F114_EW 31
INLINE-  2147483647 2147483647    516429.18800   6247325.00000      9186.78837 Case1_F114_EW 31
INLINE-  2147483647 2147483647    516457.18800   6247288.50000      9654.10931 Case1_F114_EW 31
INLINE-  2147483647 2147483647    516503.50000   6247228.00000     10111.31922 Case1_F114_EW 31
INLINE-  2147483647 2147483647    516590.00000   6247115.00000     10527.52106 Case1_F114_EW 31
INLINE-  2147483647 2147483647    516748.03100   6246908.50000     10655.92131 Case1_F114_EW 31
INLINE-  2147483647 2147483647    516887.21900   6246726.50000     10880.22176 Case1_F114_EW 31
INLINE-  2147483647 2147483647    516384.81200   6247342.00000      8752.02750 Case1_F114_EW 32
INLINE-  2147483647 2147483647    516442.56200   6247266.50000      9582.49916 Case1_F114_EW 32
INLINE-  2147483647 2147483647    516481.46900   6247215.50000      9995.19999 Case1_F114_EW 32
INLINE-  2147483647 2147483647    516530.84400   6247151.00000     10325.62065 Case1_F114_EW 32
INLINE-  2147483647 2147483647    516614.31200   6247042.00000     10502.52101 Case1_F114_EW 32
INLINE-  2147483647 2147483647    516749.43800   6246865.50000     10680.22136 Case1_F114_EW 32
INLINE-  2147483647 2147483647    516875.65600   6246700.50000     10878.92176 Case1_F114_EW 32
