INLINE-  2147483647 2147483647    515101.28100   6252527.00000      9408.61682 Case2_F118_NS 1
INLINE-  2147483647 2147483647    515100.62500   6252526.50000      9739.05248 Case2_F118_NS 1
INLINE-  2147483647 2147483647    515100.15600   6252526.00000     10068.81514 Case2_F118_NS 1
INLINE-  2147483647 2147483647    515105.43800   6252530.00000     10446.08589 Case2_F118_NS 1
INLINE-  2147483647 2147483647    515146.78100   6252561.50000     10822.31964 Case2_F118_NS 1
INLINE-  2147483647 2147483647    515076.81200   6252555.50000      9412.63083 Case2_F118_NS 2
INLINE-  2147483647 2147483647    515077.06200   6252555.50000      9767.36953 Case2_F118_NS 2
INLINE-  2147483647 2147483647    515077.56200   6252556.00000     10122.14224 Case2_F118_NS 2
INLINE-  2147483647 2147483647    515084.68800   6252561.50000     10476.41495 Case2_F118_NS 2
INLINE-  2147483647 2147483647    515124.00000   6252591.50000     10822.31964 Case2_F118_NS 2
INLINE-  2147483647 2147483647    515063.31200   6252576.50000      9408.61682 Case2_F118_NS 3
INLINE-  2147483647 2147483647    515062.65600   6252576.00000      9739.05248 Case2_F118_NS 3
INLINE-  2147483647 2147483647    515062.18800   6252575.50000     10068.81514 Case2_F118_NS 3
INLINE-  2147483647 2147483647    515067.43800   6252579.50000     10446.08589 Case2_F118_NS 3
INLINE-  2147483647 2147483647    515108.81200   6252611.50000     10822.31964 Case2_F118_NS 3
INLINE-  2147483647 2147483647    515044.06200   6252640.50000      9363.99773 Case2_F118_NS 4
INLINE-  2147483647 2147483647    515031.53100   6252631.00000      9761.99852 Case2_F118_NS 4
INLINE-  2147483647 2147483647    515024.18800   6252625.00000     10068.81514 Case2_F118_NS 4
INLINE-  2147483647 2147483647    515029.46900   6252629.00000     10446.08589 Case2_F118_NS 4
INLINE-  2147483647 2147483647    515070.84400   6252661.00000     10822.31964 Case2_F118_NS 4
INLINE-  2147483647 2147483647    514997.65600   6252683.50000      9451.54790 Case2_F118_NS 5
INLINE-  2147483647 2147483647    514996.50000   6252682.50000      9784.60957 Case2_F118_NS 5
INLINE-  2147483647 2147483647    514991.90600   6252679.00000     10172.52135 Case2_F118_NS 5
INLINE-  2147483647 2147483647    515008.25000   6252691.50000     10482.77697 Case2_F118_NS 5
INLINE-  2147483647 2147483647    515045.75000   6252720.50000     10817.94964 Case2_F118_NS 5
INLINE-  2147483647 2147483647    514934.00000   6252713.50000      9449.44290 Case2_F118_NS 6
INLINE-  2147483647 2147483647    514932.84400   6252712.50000      9815.45863 Case2_F118_NS 6
INLINE-  2147483647 2147483647    514951.68800   6252727.00000     10137.28527 Case2_F118_NS 6
INLINE-  2147483647 2147483647    514975.18800   6252745.00000     10480.79196 Case2_F118_NS 6
INLINE-  2147483647 2147483647    515003.34400   6252766.50000     10819.54164 Case2_F118_NS 6
INLINE-  2147483647 2147483647    514874.12500   6252746.50000      9411.47682 Case2_F118_NS 7
INLINE-  2147483647 2147483647    514884.00000   6252754.00000      9731.72346 Case2_F118_NS 7
INLINE-  2147483647 2147483647    514908.93800   6252773.00000     10109.26022 Case2_F118_NS 7
INLINE-  2147483647 2147483647    514936.59400   6252794.00000     10425.12785 Case2_F118_NS 7
INLINE-  2147483647 2147483647    514958.93800   6252811.50000     10821.86464 Case2_F118_NS 7
INLINE-  2147483647 2147483647    514818.78100   6252783.00000      9360.34072 Case2_F118_NS 8
INLINE-  2147483647 2147483647    514826.03100   6252788.50000      9731.35446 Case2_F118_NS 8
INLINE-  2147483647 2147483647    514853.25000   6252809.00000     10115.93423 Case2_F118_NS 8
INLINE-  2147483647 2147483647    514882.93800   6252832.00000     10428.81386 Case2_F118_NS 8
INLINE-  2147483647 2147483647    514920.96900   6252861.00000     10821.86464 Case2_F118_NS 8
INLINE-  2147483647 2147483647    514774.50000   6252827.50000      9353.60871 Case2_F118_NS 9
INLINE-  2147483647 2147483647    514777.31200   6252829.50000      9721.93244 Case2_F118_NS 9
INLINE-  2147483647 2147483647    514787.84400   6252838.00000     10102.90121 Case2_F118_NS 9
INLINE-  2147483647 2147483647    514812.71900   6252857.00000     10430.73386 Case2_F118_NS 9
INLINE-  2147483647 2147483647    514863.78100   6252896.00000     10818.42964 Case2_F118_NS 9
INLINE-  2147483647 2147483647    514760.09400   6252895.00000      9370.78274 Case2_F118_NS 10
INLINE-  2147483647 2147483647    514754.25000   6252890.50000      9716.94043 Case2_F118_NS 10
INLINE-  2147483647 2147483647    514758.43800   6252894.00000     10114.20123 Case2_F118_NS 10
INLINE-  2147483647 2147483647    514774.75000   6252906.50000     10430.73386 Case2_F118_NS 10
INLINE-  2147483647 2147483647    514807.59400   6252931.50000     10756.25051 Case2_F118_NS 10
INLINE-  2147483647 2147483647    514722.12500   6252945.00000      9370.78274 Case2_F118_NS 11
INLINE-  2147483647 2147483647    514716.28100   6252940.50000      9716.94043 Case2_F118_NS 11
INLINE-  2147483647 2147483647    514720.46900   6252943.50000     10114.20123 Case2_F118_NS 11
INLINE-  2147483647 2147483647    514736.78100   6252956.00000     10430.73386 Case2_F118_NS 11
INLINE-  2147483647 2147483647    514769.59400   6252981.00000     10756.25051 Case2_F118_NS 11
