INLINE-  2147483647 2147483647    515478.59400   6248999.00000      9006.20801 Case1_F041_EW 1
INLINE-  2147483647 2147483647    515454.90600   6249030.00000      9264.53853 Case1_F041_EW 1
INLINE-  2147483647 2147483647    515408.62500   6249090.50000      9501.33900 Case1_F041_EW 1
INLINE-  2147483647 2147483647    515343.21900   6249176.00000      9727.30945 Case1_F041_EW 1
INLINE-  2147483647 2147483647    515248.28100   6249300.00000      9915.36983 Case1_F041_EW 1
INLINE-  2147483647 2147483647    515152.62500   6249425.00000     10042.52009 Case1_F041_EW 1
INLINE-  2147483647 2147483647    515066.09400   6249538.00000     10138.52028 Case1_F041_EW 1
INLINE-  2147483647 2147483647    514975.00000   6249657.00000     10217.82044 Case1_F041_EW 1
INLINE-  2147483647 2147483647    515500.87500   6249052.50000      9044.00809 Case1_F041_EW 2
INLINE-  2147483647 2147483647    515484.06200   6249074.50000      9249.65750 Case1_F041_EW 2
INLINE-  2147483647 2147483647    515439.28100   6249133.00000      9496.93899 Case1_F041_EW 2
INLINE-  2147483647 2147483647    515385.34400   6249203.50000      9709.70942 Case1_F041_EW 2
INLINE-  2147483647 2147483647    515245.62500   6249386.00000      9959.84992 Case1_F041_EW 2
INLINE-  2147483647 2147483647    515133.18800   6249533.00000     10096.42019 Case1_F041_EW 2
INLINE-  2147483647 2147483647    515020.93800   6249679.50000     10195.22039 Case1_F041_EW 2
INLINE-  2147483647 2147483647    515526.78100   6249080.00000      9051.49810 Case1_F041_EW 3
INLINE-  2147483647 2147483647    515497.78100   6249118.00000      9324.68865 Case1_F041_EW 3
INLINE-  2147483647 2147483647    515446.87500   6249184.50000      9576.14915 Case1_F041_EW 3
INLINE-  2147483647 2147483647    515377.15600   6249275.50000      9790.33958 Case1_F041_EW 3
INLINE-  2147483647 2147483647    515267.75000   6249418.50000      9967.47993 Case1_F041_EW 3
INLINE-  2147483647 2147483647    515165.96900   6249551.50000     10079.32016 Case1_F041_EW 3
INLINE-  2147483647 2147483647    515063.40600   6249685.50000     10164.22033 Case1_F041_EW 3
INLINE-  2147483647 2147483647    515554.96900   6249105.00000      9053.83811 Case1_F041_EW 4
INLINE-  2147483647 2147483647    515516.28100   6249155.50000      9375.98875 Case1_F041_EW 4
INLINE-  2147483647 2147483647    515468.43800   6249218.00000      9596.23919 Case1_F041_EW 4
INLINE-  2147483647 2147483647    515406.87500   6249298.50000      9784.73957 Case1_F041_EW 4
INLINE-  2147483647 2147483647    515282.18800   6249461.50000      9975.44995 Case1_F041_EW 4
INLINE-  2147483647 2147483647    515112.18800   6249683.50000     10127.42025 Case1_F041_EW 4
INLINE-  2147483647 2147483647    515582.37500   6249131.00000      9053.05511 Case1_F041_EW 5
INLINE-  2147483647 2147483647    515559.18800   6249161.00000      9329.65966 Case1_F041_EW 5
INLINE-  2147483647 2147483647    515508.46900   6249227.50000      9580.52516 Case1_F041_EW 5
INLINE-  2147483647 2147483647    515434.03100   6249324.50000      9785.27757 Case1_F041_EW 5
INLINE-  2147483647 2147483647    515341.37500   6249446.00000      9931.65686 Case1_F041_EW 5
INLINE-  2147483647 2147483647    515240.84400   6249577.00000     10034.31107 Case1_F041_EW 5
INLINE-  2147483647 2147483647    515137.21900   6249712.50000     10115.54823 Case1_F041_EW 5
INLINE-  2147483647 2147483647    515611.53100   6249154.50000      9053.76811 Case1_F041_EW 6
INLINE-  2147483647 2147483647    515604.18800   6249164.00000      9265.56953 Case1_F041_EW 6
INLINE-  2147483647 2147483647    515570.25000   6249208.50000      9475.12595 Case1_F041_EW 6
INLINE-  2147483647 2147483647    515522.75000   6249270.50000      9656.05431 Case1_F041_EW 6
INLINE-  2147483647 2147483647    515455.03100   6249359.00000      9800.90860 Case1_F041_EW 6
INLINE-  2147483647 2147483647    515350.96900   6249495.00000      9948.58990 Case1_F041_EW 6
INLINE-  2147483647 2147483647    515158.84400   6249746.00000     10108.22022 Case1_F041_EW 6
INLINE-  2147483647 2147483647    515681.43800   6249186.50000      9068.88214 Case1_F041_EW 7
INLINE-  2147483647 2147483647    515660.81200   6249213.50000      9354.78971 Case1_F041_EW 7
INLINE-  2147483647 2147483647    515609.31200   6249281.00000      9613.50523 Case1_F041_EW 7
INLINE-  2147483647 2147483647    515526.28100   6249389.50000      9806.07161 Case1_F041_EW 7
INLINE-  2147483647 2147483647    515424.62500   6249522.00000      9921.50584 Case1_F041_EW 7
INLINE-  2147483647 2147483647    515319.59400   6249659.50000     10015.25603 Case1_F041_EW 7
INLINE-  2147483647 2147483647    515212.31200   6249799.50000     10089.74218 Case1_F041_EW 7
INLINE-  2147483647 2147483647    515742.46900   6249209.50000      9091.37218 Case1_F041_EW 8
INLINE-  2147483647 2147483647    515721.25000   6249237.50000      9339.53968 Case1_F041_EW 8
INLINE-  2147483647 2147483647    515667.65600   6249307.50000      9613.22223 Case1_F041_EW 8
INLINE-  2147483647 2147483647    515586.21900   6249414.00000      9811.26962 Case1_F041_EW 8
INLINE-  2147483647 2147483647    515478.90600   6249554.00000      9924.31085 Case1_F041_EW 8
INLINE-  2147483647 2147483647    515362.21900   6249706.50000     10012.52003 Case1_F041_EW 8
INLINE-  2147483647 2147483647    515256.62500   6249844.50000     10076.32015 Case1_F041_EW 8
INLINE-  2147483647 2147483647    515803.12500   6249254.00000      9140.51928 Case1_F041_EW 9
INLINE-  2147483647 2147483647    515758.50000   6249312.00000      9460.42092 Case1_F041_EW 9
INLINE-  2147483647 2147483647    515682.65600   6249411.00000      9733.54147 Case1_F041_EW 9
INLINE-  2147483647 2147483647    515578.62500   6249547.00000      9899.90280 Case1_F041_EW 9
INLINE-  2147483647 2147483647    515445.62500   6249721.00000     10001.83400 Case1_F041_EW 9
INLINE-  2147483647 2147483647    515318.81200   6249886.50000     10069.25614 Case1_F041_EW 9
INLINE-  2147483647 2147483647    515872.25000   6249307.50000      9186.79437 Case1_F041_EW 10
INLINE-  2147483647 2147483647    515834.78100   6249356.50000      9429.10086 Case1_F041_EW 10
INLINE-  2147483647 2147483647    515771.90600   6249438.50000      9684.39337 Case1_F041_EW 10
INLINE-  2147483647 2147483647    515660.75000   6249584.00000      9901.36780 Case1_F041_EW 10
INLINE-  2147483647 2147483647    515500.31200   6249793.50000     10023.62005 Case1_F041_EW 10
INLINE-  2147483647 2147483647    515391.68800   6249935.50000     10065.32013 Case1_F041_EW 10
INLINE-  2147483647 2147483647    515911.50000   6249359.00000      9193.35839 Case1_F041_EW 11
INLINE-  2147483647 2147483647    515874.34400   6249407.50000      9500.78900 Case1_F041_EW 11
INLINE-  2147483647 2147483647    515788.87500   6249519.00000      9776.24055 Case1_F041_EW 11
INLINE-  2147483647 2147483647    515669.28100   6249675.50000      9941.35988 Case1_F041_EW 11
INLINE-  2147483647 2147483647    515550.68800   6249830.50000     10030.62006 Case1_F041_EW 11
INLINE-  2147483647 2147483647    515439.75000   6249975.50000     10069.22014 Case1_F041_EW 11
INLINE-  2147483647 2147483647    515964.78100   6249392.00000      9212.27842 Case1_F041_EW 12
INLINE-  2147483647 2147483647    515934.65600   6249431.50000      9480.84896 Case1_F041_EW 12
INLINE-  2147483647 2147483647    515859.34400   6249530.00000      9697.40939 Case1_F041_EW 12
INLINE-  2147483647 2147483647    515761.43800   6249658.00000      9876.08675 Case1_F041_EW 12
INLINE-  2147483647 2147483647    515580.62500   6249894.00000     10052.51811 Case1_F041_EW 12
INLINE-  2147483647 2147483647    515490.90600   6250011.50000     10065.32013 Case1_F041_EW 12
