INLINE-  2147483647 2147483647    514378.06200   6251580.00000     10136.99727 Case2_F125_NS 1
INLINE-  2147483647 2147483647    514411.78100   6251605.50000     10370.81674 Case2_F125_NS 1
INLINE-  2147483647 2147483647    514463.06200   6251645.00000     10592.37418 Case2_F125_NS 1
INLINE-  2147483647 2147483647    514406.68800   6251539.00000     10126.07925 Case2_F125_NS 2
INLINE-  2147483647 2147483647    514422.09400   6251550.50000     10318.48564 Case2_F125_NS 2
INLINE-  2147483647 2147483647    514494.00000   6251605.50000     10643.05129 Case2_F125_NS 2
INLINE-  2147483647 2147483647    514415.75000   6251498.50000     10039.44908 Case2_F125_NS 3
INLINE-  2147483647 2147483647    514448.87500   6251524.00000     10354.31371 Case2_F125_NS 3
INLINE-  2147483647 2147483647    514517.43800   6251576.50000     10648.83530 Case2_F125_NS 3
INLINE-  2147483647 2147483647    514422.12500   6251456.50000      9937.72888 Case2_F125_NS 4
INLINE-  2147483647 2147483647    514451.68800   6251479.00000     10240.88048 Case2_F125_NS 4
INLINE-  2147483647 2147483647    514539.59400   6251546.00000     10643.05129 Case2_F125_NS 4
INLINE-  2147483647 2147483647    514431.00000   6251400.00000      9814.54463 Case2_F125_NS 5
INLINE-  2147483647 2147483647    514481.56200   6251439.00000     10236.09747 Case2_F125_NS 5
INLINE-  2147483647 2147483647    514562.12500   6251500.50000     10638.25128 Case2_F125_NS 5
INLINE-  2147483647 2147483647    514450.34400   6251336.00000      9691.87338 Case2_F125_NS 6
INLINE-  2147483647 2147483647    514472.75000   6251353.50000      9895.60779 Case2_F125_NS 6
INLINE-  2147483647 2147483647    514518.06200   6251388.00000     10246.89649 Case2_F125_NS 6
INLINE-  2147483647 2147483647    514549.15600   6251412.00000     10442.52489 Case2_F125_NS 6
INLINE-  2147483647 2147483647    514591.87500   6251444.50000     10639.44428 Case2_F125_NS 6
INLINE-  2147483647 2147483647    514480.00000   6251296.00000      9588.52118 Case2_F125_NS 7
INLINE-  2147483647 2147483647    514501.68800   6251312.50000      9866.85073 Case2_F125_NS 7
INLINE-  2147483647 2147483647    514530.78100   6251335.00000     10142.62229 Case2_F125_NS 7
INLINE-  2147483647 2147483647    514566.81200   6251362.50000     10415.23983 Case2_F125_NS 7
INLINE-  2147483647 2147483647    514621.87500   6251404.50000     10674.47935 Case2_F125_NS 7
INLINE-  2147483647 2147483647    514522.84400   6251250.00000      9498.05400 Case2_F125_NS 8
INLINE-  2147483647 2147483647    514541.12500   6251264.00000      9895.60779 Case2_F125_NS 8
INLINE-  2147483647 2147483647    514575.87500   6251290.50000     10244.23749 Case2_F125_NS 8
INLINE-  2147483647 2147483647    514604.90600   6251313.00000     10460.71092 Case2_F125_NS 8
INLINE-  2147483647 2147483647    514661.65600   6251356.50000     10716.35143 Case2_F125_NS 8
INLINE-  2147483647 2147483647    514564.18800   6251203.00000      9495.95699 Case2_F125_NS 9
INLINE-  2147483647 2147483647    514572.68800   6251209.50000      9816.84163 Case2_F125_NS 9
INLINE-  2147483647 2147483647    514598.43800   6251229.00000     10133.83427 Case2_F125_NS 9
INLINE-  2147483647 2147483647    514634.53100   6251257.00000     10446.94889 Case2_F125_NS 9
INLINE-  2147483647 2147483647    514699.46900   6251306.50000     10740.20148 Case2_F125_NS 9
INLINE-  2147483647 2147483647    514605.53100   6251156.00000      9518.39404 Case2_F125_NS 10
INLINE-  2147483647 2147483647    514613.03100   6251161.50000      9853.99871 Case2_F125_NS 10
INLINE-  2147483647 2147483647    514640.09400   6251182.50000     10175.05735 Case2_F125_NS 10
INLINE-  2147483647 2147483647    514677.75000   6251211.00000     10489.30798 Case2_F125_NS 10
INLINE-  2147483647 2147483647    514739.06200   6251258.00000     10752.97751 Case2_F125_NS 10
INLINE-  2147483647 2147483647    514636.46900   6251116.50000      9518.39804 Case2_F125_NS 11
INLINE-  2147483647 2147483647    514650.15600   6251127.00000      9832.32666 Case2_F125_NS 11
INLINE-  2147483647 2147483647    514674.84400   6251146.00000     10143.80329 Case2_F125_NS 11
INLINE-  2147483647 2147483647    514715.28100   6251177.00000     10448.25090 Case2_F125_NS 11
INLINE-  2147483647 2147483647    514779.62500   6251226.50000     10735.62147 Case2_F125_NS 11
INLINE-  2147483647 2147483647    514666.28100   6251076.50000      9518.39404 Case2_F125_NS 12
INLINE-  2147483647 2147483647    514691.81200   6251096.00000      9857.94572 Case2_F125_NS 12
INLINE-  2147483647 2147483647    514721.34400   6251118.50000     10205.01841 Case2_F125_NS 12
INLINE-  2147483647 2147483647    514767.06200   6251153.50000     10468.15294 Case2_F125_NS 12
INLINE-  2147483647 2147483647    514821.43800   6251195.50000     10711.25042 Case2_F125_NS 12
INLINE-  2147483647 2147483647    514694.25000   6251035.00000      9531.90606 Case2_F125_NS 13
INLINE-  2147483647 2147483647    514721.18800   6251055.50000      9833.68067 Case2_F125_NS 13
INLINE-  2147483647 2147483647    514745.21900   6251074.00000     10136.64027 Case2_F125_NS 13
INLINE-  2147483647 2147483647    514791.43800   6251109.50000     10428.37586 Case2_F125_NS 13
INLINE-  2147483647 2147483647    514853.09400   6251156.50000     10708.73342 Case2_F125_NS 13
INLINE-  2147483647 2147483647    514714.28100   6251003.00000      9547.43509 Case2_F125_NS 14
INLINE-  2147483647 2147483647    514744.96900   6251026.50000      9857.94572 Case2_F125_NS 14
INLINE-  2147483647 2147483647    514774.53100   6251049.50000     10205.01841 Case2_F125_NS 14
INLINE-  2147483647 2147483647    514820.21900   6251084.00000     10468.15294 Case2_F125_NS 14
INLINE-  2147483647 2147483647    514874.62500   6251126.00000     10711.25042 Case2_F125_NS 14
INLINE-  2147483647 2147483647    514736.96900   6250973.50000      9549.31210 Case2_F125_NS 15
INLINE-  2147483647 2147483647    514766.53100   6250996.00000      9846.81469 Case2_F125_NS 15
INLINE-  2147483647 2147483647    514790.34400   6251014.00000     10146.54529 Case2_F125_NS 15
INLINE-  2147483647 2147483647    514836.03100   6251049.00000     10435.28287 Case2_F125_NS 15
INLINE-  2147483647 2147483647    514896.96900   6251095.50000     10712.74043 Case2_F125_NS 15
INLINE-  2147483647 2147483647    514767.43800   6250933.50000      9547.43509 Case2_F125_NS 16
INLINE-  2147483647 2147483647    514797.59400   6250956.50000      9856.02571 Case2_F125_NS 16
INLINE-  2147483647 2147483647    514827.68800   6250980.00000     10205.01841 Case2_F125_NS 16
INLINE-  2147483647 2147483647    514873.37500   6251015.00000     10468.15294 Case2_F125_NS 16
INLINE-  2147483647 2147483647    514927.78100   6251056.50000     10711.25042 Case2_F125_NS 16
INLINE-  2147483647 2147483647    514788.81200   6250903.00000      9546.84009 Case2_F125_NS 17
INLINE-  2147483647 2147483647    514818.96900   6250926.00000      9842.52969 Case2_F125_NS 17
INLINE-  2147483647 2147483647    514846.59400   6250947.00000     10139.29528 Case2_F125_NS 17
INLINE-  2147483647 2147483647    514891.06200   6250981.00000     10427.29585 Case2_F125_NS 17
INLINE-  2147483647 2147483647    514953.31200   6251028.50000     10701.83940 Case2_F125_NS 17
INLINE-  2147483647 2147483647    514809.56200   6250871.50000      9546.34609 Case2_F125_NS 18
INLINE-  2147483647 2147483647    514843.15600   6250897.00000      9856.02571 Case2_F125_NS 18
INLINE-  2147483647 2147483647    514885.18800   6250929.50000     10226.96945 Case2_F125_NS 18
INLINE-  2147483647 2147483647    514929.90600   6250963.50000     10487.86298 Case2_F125_NS 18
INLINE-  2147483647 2147483647    514979.81200   6251002.00000     10689.00138 Case2_F125_NS 18
