INLINE-  2147483647 2147483647    516205.93800   6247722.50000      8914.05783 Case1_F064_NS 1
INLINE-  2147483647 2147483647    516111.28100   6247650.00000      9344.59869 Case1_F064_NS 1
INLINE-  2147483647 2147483647    515995.00000   6247561.00000      9791.49058 Case1_F064_NS 1
INLINE-  2147483647 2147483647    516189.71900   6247757.50000      8892.06778 Case1_F064_NS 2
INLINE-  2147483647 2147483647    516125.87500   6247708.50000      9242.69849 Case1_F064_NS 2
INLINE-  2147483647 2147483647    516031.90600   6247636.50000      9603.41221 Case1_F064_NS 2
INLINE-  2147483647 2147483647    515950.18800   6247574.00000      9854.21471 Case1_F064_NS 2
INLINE-  2147483647 2147483647    516162.59400   6247784.00000      8904.38681 Case1_F064_NS 3
INLINE-  2147483647 2147483647    516069.37500   6247712.50000      9367.32373 Case1_F064_NS 3
INLINE-  2147483647 2147483647    516005.00000   6247663.00000      9610.74822 Case1_F064_NS 3
INLINE-  2147483647 2147483647    515935.15600   6247609.50000      9848.40470 Case1_F064_NS 3
INLINE-  2147483647 2147483647    516141.31200   6247799.00000      8917.76784 Case1_F064_NS 4
INLINE-  2147483647 2147483647    516068.03100   6247743.00000      9260.55552 Case1_F064_NS 4
INLINE-  2147483647 2147483647    515979.50000   6247675.00000      9634.73127 Case1_F064_NS 4
INLINE-  2147483647 2147483647    515889.68800   6247606.50000      9976.14695 Case1_F064_NS 4
INLINE-  2147483647 2147483647    516123.71900   6247817.00000      8901.12780 Case1_F064_NS 5
INLINE-  2147483647 2147483647    516042.75000   6247755.00000      9288.81558 Case1_F064_NS 5
INLINE-  2147483647 2147483647    515959.46900   6247691.50000      9660.93532 Case1_F064_NS 5
INLINE-  2147483647 2147483647    515893.78100   6247641.00000      9917.60984 Case1_F064_NS 5
INLINE-  2147483647 2147483647    516089.59400   6247838.00000      8944.57789 Case1_F064_NS 6
INLINE-  2147483647 2147483647    516040.84400   6247801.00000      9172.48634 Case1_F064_NS 6
INLINE-  2147483647 2147483647    515974.03100   6247749.50000      9485.22397 Case1_F064_NS 6
INLINE-  2147483647 2147483647    515921.25000   6247709.00000      9712.88643 Case1_F064_NS 6
INLINE-  2147483647 2147483647    515870.09400   6247670.00000      9942.09588 Case1_F064_NS 6
INLINE-  2147483647 2147483647    516073.06200   6247857.00000      8947.47789 Case1_F064_NS 7
INLINE-  2147483647 2147483647    515983.59400   6247788.50000      9379.26876 Case1_F064_NS 7
INLINE-  2147483647 2147483647    515948.15600   6247761.50000      9528.75806 Case1_F064_NS 7
INLINE-  2147483647 2147483647    515843.25000   6247681.00000      9957.08491 Case1_F064_NS 7
INLINE-  2147483647 2147483647    516043.03100   6247881.00000      8999.34800 Case1_F064_NS 8
INLINE-  2147483647 2147483647    515962.68800   6247819.50000      9373.46875 Case1_F064_NS 8
INLINE-  2147483647 2147483647    515899.06200   6247771.00000      9644.68529 Case1_F064_NS 8
INLINE-  2147483647 2147483647    515833.87500   6247721.00000      9914.39683 Case1_F064_NS 8
INLINE-  2147483647 2147483647    516013.37500   6247937.00000      8968.86794 Case1_F064_NS 9
INLINE-  2147483647 2147483647    515968.15600   6247902.50000      9227.57746 Case1_F064_NS 9
INLINE-  2147483647 2147483647    515886.78100   6247840.50000      9591.02818 Case1_F064_NS 9
INLINE-  2147483647 2147483647    515800.81200   6247774.50000      9976.06895 Case1_F064_NS 9
INLINE-  2147483647 2147483647    515990.50000   6247998.50000      8908.03782 Case1_F064_NS 10
INLINE-  2147483647 2147483647    515938.25000   6247958.50000      9216.45843 Case1_F064_NS 10
INLINE-  2147483647 2147483647    515861.46900   6247899.50000      9569.76314 Case1_F064_NS 10
INLINE-  2147483647 2147483647    515780.96900   6247838.00000      9919.83184 Case1_F064_NS 10
INLINE-  2147483647 2147483647    515955.34400   6248050.00000      8801.92760 Case1_F064_NS 11
INLINE-  2147483647 2147483647    515903.59400   6248010.50000      9218.55844 Case1_F064_NS 11
INLINE-  2147483647 2147483647    515827.56200   6247952.50000      9579.29516 Case1_F064_NS 11
INLINE-  2147483647 2147483647    515740.50000   6247885.50000      9896.85179 Case1_F064_NS 11
INLINE-  2147483647 2147483647    515918.34400   6248100.50000      8768.78754 Case1_F064_NS 12
INLINE-  2147483647 2147483647    515842.12500   6248042.00000      9227.44845 Case1_F064_NS 12
INLINE-  2147483647 2147483647    515765.25000   6247983.50000      9612.47222 Case1_F064_NS 12
INLINE-  2147483647 2147483647    515682.81200   6247920.00000      9986.01497 Case1_F064_NS 12
INLINE-  2147483647 2147483647    515874.43800   6248145.50000      8745.03749 Case1_F064_NS 13
INLINE-  2147483647 2147483647    515804.21900   6248092.00000      9227.44845 Case1_F064_NS 13
INLINE-  2147483647 2147483647    515736.18800   6248040.00000      9577.96416 Case1_F064_NS 13
INLINE-  2147483647 2147483647    515626.59400   6247956.00000     10069.29714 Case1_F064_NS 13
INLINE-  2147483647 2147483647    515837.50000   6248196.00000      8746.91749 Case1_F064_NS 14
INLINE-  2147483647 2147483647    515754.78100   6248132.50000      9245.24849 Case1_F064_NS 14
INLINE-  2147483647 2147483647    515667.15600   6248065.50000      9689.22438 Case1_F064_NS 14
INLINE-  2147483647 2147483647    515592.59400   6248008.50000     10030.66506 Case1_F064_NS 14
INLINE-  2147483647 2147483647    515809.12500   6248253.00000      8768.47754 Case1_F064_NS 15
INLINE-  2147483647 2147483647    515716.93800   6248182.50000      9245.24849 Case1_F064_NS 15
INLINE-  2147483647 2147483647    515610.40600   6248101.00000      9777.59556 Case1_F064_NS 15
INLINE-  2147483647 2147483647    515503.06200   6248018.50000     10309.27962 Case1_F064_NS 15
INLINE-  2147483647 2147483647    515761.78100   6248295.50000      8865.28773 Case1_F064_NS 16
INLINE-  2147483647 2147483647    515674.90600   6248229.00000      9228.62146 Case1_F064_NS 16
INLINE-  2147483647 2147483647    515578.37500   6248155.00000      9687.59338 Case1_F064_NS 16
INLINE-  2147483647 2147483647    515477.00000   6248077.50000     10129.15326 Case1_F064_NS 16
INLINE-  2147483647 2147483647    515712.15600   6248336.00000      8881.41776 Case1_F064_NS 17
INLINE-  2147483647 2147483647    515627.18800   6248271.00000      9280.92256 Case1_F064_NS 17
INLINE-  2147483647 2147483647    515541.90600   6248206.00000      9668.50934 Case1_F064_NS 17
INLINE-  2147483647 2147483647    515418.34400   6248111.00000     10164.25633 Case1_F064_NS 17
INLINE-  2147483647 2147483647    515678.46900   6248357.50000      8917.28983 Case1_F064_NS 18
INLINE-  2147483647 2147483647    515642.18800   6248330.00000      9123.35425 Case1_F064_NS 18
INLINE-  2147483647 2147483647    515599.15600   6248297.00000      9323.33865 Case1_F064_NS 18
INLINE-  2147483647 2147483647    515516.81200   6248234.00000      9661.55032 Case1_F064_NS 18
INLINE-  2147483647 2147483647    515403.75000   6248147.50000     10143.77029 Case1_F064_NS 18
INLINE-  2147483647 2147483647    515639.75000   6248391.00000      8916.17783 Case1_F064_NS 19
INLINE-  2147483647 2147483647    515615.71900   6248372.50000      9092.08618 Case1_F064_NS 19
INLINE-  2147483647 2147483647    515561.40600   6248331.00000      9356.38771 Case1_F064_NS 19
INLINE-  2147483647 2147483647    515486.50000   6248273.50000      9672.02734 Case1_F064_NS 19
INLINE-  2147483647 2147483647    515361.50000   6248178.00000     10135.15027 Case1_F064_NS 19
INLINE-  2147483647 2147483647    515622.50000   6248409.00000      8915.24883 Case1_F064_NS 20
INLINE-  2147483647 2147483647    515584.43800   6248380.00000      9163.26233 Case1_F064_NS 20
INLINE-  2147483647 2147483647    515535.03100   6248342.00000      9403.06981 Case1_F064_NS 20
INLINE-  2147483647 2147483647    515355.34400   6248204.50000     10097.31819 Case1_F064_NS 20
INLINE-  2147483647 2147483647    515601.84400   6248440.50000      8897.15279 Case1_F064_NS 21
INLINE-  2147483647 2147483647    515575.09400   6248420.00000      9073.46715 Case1_F064_NS 21
INLINE-  2147483647 2147483647    515533.59400   6248388.50000      9297.84660 Case1_F064_NS 21
INLINE-  2147483647 2147483647    515446.12500   6248321.50000      9688.93538 Case1_F064_NS 21
INLINE-  2147483647 2147483647    515356.31200   6248252.50000     10077.93416 Case1_F064_NS 21
