INLINE-  2147483647 2147483647    514879.56200   6253340.00000      9152.38930 Case2_F113_EW 1
INLINE-  2147483647 2147483647    514848.62500   6253380.50000      9427.61086 Case2_F113_EW 1
INLINE-  2147483647 2147483647    514793.62500   6253452.50000      9772.11554 Case2_F113_EW 1
INLINE-  2147483647 2147483647    514722.00000   6253546.00000     10176.37235 Case2_F113_EW 1
INLINE-  2147483647 2147483647    514942.65600   6253360.50000      9117.97324 Case2_F113_EW 2
INLINE-  2147483647 2147483647    514898.28100   6253418.50000      9427.61086 Case2_F113_EW 2
INLINE-  2147483647 2147483647    514843.25000   6253490.50000      9772.11554 Case2_F113_EW 2
INLINE-  2147483647 2147483647    514771.65600   6253584.00000     10176.37235 Case2_F113_EW 2
INLINE-  2147483647 2147483647    514992.31200   6253398.50000      9117.97324 Case2_F113_EW 3
INLINE-  2147483647 2147483647    514947.90600   6253456.50000      9427.61086 Case2_F113_EW 3
INLINE-  2147483647 2147483647    514903.59400   6253514.50000      9729.22046 Case2_F113_EW 3
INLINE-  2147483647 2147483647    514821.28100   6253622.00000     10176.37235 Case2_F113_EW 3
INLINE-  2147483647 2147483647    515041.93800   6253436.50000      9117.97324 Case2_F113_EW 4
INLINE-  2147483647 2147483647    514962.96900   6253539.50000      9618.31524 Case2_F113_EW 4
INLINE-  2147483647 2147483647    514872.62500   6253657.50000     10219.59044 Case2_F113_EW 4
INLINE-  2147483647 2147483647    515111.43800   6253489.50000      9117.97324 Case2_F113_EW 5
INLINE-  2147483647 2147483647    515072.71900   6253540.00000      9398.77280 Case2_F113_EW 5
INLINE-  2147483647 2147483647    515031.21900   6253594.50000      9701.37140 Case2_F113_EW 5
INLINE-  2147483647 2147483647    514988.87500   6253649.50000      9942.53889 Case2_F113_EW 5
INLINE-  2147483647 2147483647    514933.46900   6253722.00000     10275.79955 Case2_F113_EW 5
INLINE-  2147483647 2147483647    515161.06200   6253527.50000      9117.97324 Case2_F113_EW 6
INLINE-  2147483647 2147483647    515122.37500   6253578.00000      9398.77280 Case2_F113_EW 6
INLINE-  2147483647 2147483647    515081.50000   6253631.50000      9696.21639 Case2_F113_EW 6
INLINE-  2147483647 2147483647    515038.50000   6253687.50000      9942.53889 Case2_F113_EW 6
INLINE-  2147483647 2147483647    514983.09400   6253760.00000     10275.79955 Case2_F113_EW 6
INLINE-  2147483647 2147483647    515210.68800   6253565.50000      9117.97324 Case2_F113_EW 7
INLINE-  2147483647 2147483647    515172.00000   6253616.00000      9398.77280 Case2_F113_EW 7
INLINE-  2147483647 2147483647    515131.15600   6253669.50000      9696.21639 Case2_F113_EW 7
INLINE-  2147483647 2147483647    515090.62500   6253722.50000      9947.31689 Case2_F113_EW 7
INLINE-  2147483647 2147483647    515032.71900   6253798.00000     10275.79955 Case2_F113_EW 7
INLINE-  2147483647 2147483647    515260.31200   6253603.50000      9117.97324 Case2_F113_EW 8
INLINE-  2147483647 2147483647    515221.62500   6253654.00000      9398.77280 Case2_F113_EW 8
INLINE-  2147483647 2147483647    515180.78100   6253707.50000      9696.21639 Case2_F113_EW 8
INLINE-  2147483647 2147483647    515121.09400   6253785.50000      9955.62491 Case2_F113_EW 8
INLINE-  2147483647 2147483647    515050.21900   6253878.00000     10273.30755 Case2_F113_EW 8
