INLINE-  2147483647 2147483647    515645.59400   6248442.50000      8865.74773 Case1_F062_NS 1
INLINE-  2147483647 2147483647    515608.18800   6248414.00000      9054.06711 Case1_F062_NS 1
INLINE-  2147483647 2147483647    515569.59400   6248384.50000      9241.37848 Case1_F062_NS 1
INLINE-  2147483647 2147483647    515507.78100   6248337.00000      9529.40806 Case1_F062_NS 1
INLINE-  2147483647 2147483647    515377.34400   6248237.50000     10114.49723 Case1_F062_NS 1
INLINE-  2147483647 2147483647    515609.09400   6248477.50000      8853.36771 Case1_F062_NS 2
INLINE-  2147483647 2147483647    515546.50000   6248429.50000      9184.97137 Case1_F062_NS 2
INLINE-  2147483647 2147483647    515452.50000   6248357.50000      9612.19922 Case1_F062_NS 2
INLINE-  2147483647 2147483647    515353.78100   6248282.00000     10038.53708 Case1_F062_NS 2
INLINE-  2147483647 2147483647    515570.68800   6248511.00000      8847.84770 Case1_F062_NS 3
INLINE-  2147483647 2147483647    515513.62500   6248467.50000      9138.88028 Case1_F062_NS 3
INLINE-  2147483647 2147483647    515455.21900   6248422.50000      9407.75382 Case1_F062_NS 3
INLINE-  2147483647 2147483647    515369.37500   6248357.00000      9743.39849 Case1_F062_NS 3
INLINE-  2147483647 2147483647    515281.09400   6248289.50000     10076.49015 Case1_F062_NS 3
INLINE-  2147483647 2147483647    515503.53100   6248538.50000      8911.28782 Case1_F062_NS 4
INLINE-  2147483647 2147483647    515465.03100   6248509.00000      9119.74624 Case1_F062_NS 4
INLINE-  2147483647 2147483647    515423.46900   6248477.00000      9325.62865 Case1_F062_NS 4
INLINE-  2147483647 2147483647    515330.71900   6248406.00000      9708.19542 Case1_F062_NS 4
INLINE-  2147483647 2147483647    515233.71900   6248332.00000     10086.60217 Case1_F062_NS 4
INLINE-  2147483647 2147483647    515451.68800   6248577.50000      8888.01978 Case1_F062_NS 5
INLINE-  2147483647 2147483647    515414.12500   6248548.50000      9118.93424 Case1_F062_NS 5
INLINE-  2147483647 2147483647    515370.31200   6248515.00000      9344.76869 Case1_F062_NS 5
INLINE-  2147483647 2147483647    515287.90600   6248452.00000      9689.72438 Case1_F062_NS 5
INLINE-  2147483647 2147483647    515202.90600   6248387.00000     10032.20706 Case1_F062_NS 5
INLINE-  2147483647 2147483647    515397.00000   6248614.50000      8861.95572 Case1_F062_NS 6
INLINE-  2147483647 2147483647    515347.43800   6248576.50000      9211.78342 Case1_F062_NS 6
INLINE-  2147483647 2147483647    515297.15600   6248538.00000      9443.20889 Case1_F062_NS 6
INLINE-  2147483647 2147483647    515212.50000   6248473.00000      9813.46863 Case1_F062_NS 6
INLINE-  2147483647 2147483647    515109.84400   6248394.50000     10212.76143 Case1_F062_NS 6
INLINE-  2147483647 2147483647    515365.81200   6248669.00000      8822.11164 Case1_F062_NS 7
INLINE-  2147483647 2147483647    515312.25000   6248628.00000      9158.29732 Case1_F062_NS 7
INLINE-  2147483647 2147483647    515255.56200   6248584.50000      9435.81587 Case1_F062_NS 7
INLINE-  2147483647 2147483647    515164.28100   6248515.00000      9870.31474 Case1_F062_NS 7
INLINE-  2147483647 2147483647    515047.87500   6248426.00000     10342.67469 Case1_F062_NS 7
INLINE-  2147483647 2147483647    515311.81200   6248706.50000      8845.82069 Case1_F062_NS 8
INLINE-  2147483647 2147483647    515258.56200   6248665.50000      9179.79336 Case1_F062_NS 8
INLINE-  2147483647 2147483647    515217.59400   6248634.50000      9435.81587 Case1_F062_NS 8
INLINE-  2147483647 2147483647    515131.37500   6248568.50000      9881.01176 Case1_F062_NS 8
INLINE-  2147483647 2147483647    515036.00000   6248495.50000     10254.78651 Case1_F062_NS 8
INLINE-  2147483647 2147483647    515261.56200   6248746.50000      8878.26176 Case1_F062_NS 9
INLINE-  2147483647 2147483647    515220.59400   6248715.50000      9179.79336 Case1_F062_NS 9
INLINE-  2147483647 2147483647    515179.62500   6248684.00000      9435.81587 Case1_F062_NS 9
INLINE-  2147483647 2147483647    515119.43800   6248638.00000      9720.71444 Case1_F062_NS 9
INLINE-  2147483647 2147483647    515055.93800   6248589.50000     10002.82501 Case1_F062_NS 9
INLINE-  2147483647 2147483647    515211.50000   6248787.00000      8895.10879 Case1_F062_NS 10
INLINE-  2147483647 2147483647    515173.65600   6248758.00000      9161.18032 Case1_F062_NS 10
INLINE-  2147483647 2147483647    515119.62500   6248716.50000      9453.31991 Case1_F062_NS 10
INLINE-  2147483647 2147483647    515010.53100   6248633.00000      9961.30792 Case1_F062_NS 10
