INLINE-  2147483647 2147483647    514032.03100   6250504.00000      9130.45026 Case2_F162_NNE 1
INLINE-  2147483647 2147483647    514025.15600   6250507.50000      9332.87967 Case2_F162_NNE 1
INLINE-  2147483647 2147483647    514012.96900   6250513.50000      9512.60003 Case2_F162_NNE 1
INLINE-  2147483647 2147483647    513981.00000   6250529.00000      9764.12353 Case2_F162_NNE 1
INLINE-  2147483647 2147483647    513928.03100   6250555.00000     10096.50519 Case2_F162_NNE 1
INLINE-  2147483647 2147483647    513895.15600   6250571.00000     10318.71364 Case2_F162_NNE 1
INLINE-  2147483647 2147483647    513834.34400   6250600.50000     10630.66426 Case2_F162_NNE 1
INLINE-  2147483647 2147483647    514006.46900   6250435.50000      9091.05518 Case2_F162_NNE 2
INLINE-  2147483647 2147483647    513990.75000   6250443.50000      9445.88089 Case2_F162_NNE 2
INLINE-  2147483647 2147483647    513971.71900   6250452.50000      9657.27731 Case2_F162_NNE 2
INLINE-  2147483647 2147483647    513938.43800   6250469.00000      9881.14776 Case2_F162_NNE 2
INLINE-  2147483647 2147483647    513898.03100   6250488.50000     10110.20622 Case2_F162_NNE 2
INLINE-  2147483647 2147483647    513809.50000   6250531.50000     10580.09116 Case2_F162_NNE 2
INLINE-  2147483647 2147483647    513979.21900   6250393.00000      9040.95908 Case2_F162_NNE 3
INLINE-  2147483647 2147483647    513973.03100   6250396.00000      9365.83873 Case2_F162_NNE 3
INLINE-  2147483647 2147483647    513959.21900   6250402.50000      9547.24909 Case2_F162_NNE 3
INLINE-  2147483647 2147483647    513934.71900   6250414.50000      9758.79252 Case2_F162_NNE 3
INLINE-  2147483647 2147483647    513880.06200   6250441.50000     10026.53505 Case2_F162_NNE 3
INLINE-  2147483647 2147483647    513829.87500   6250466.00000     10332.78667 Case2_F162_NNE 3
INLINE-  2147483647 2147483647    513776.43800   6250492.00000     10577.83516 Case2_F162_NNE 3
INLINE-  2147483647 2147483647    513965.37500   6250281.50000      9057.50612 Case2_F162_NNE 4
INLINE-  2147483647 2147483647    513950.18800   6250289.00000      9340.99568 Case2_F162_NNE 4
INLINE-  2147483647 2147483647    513931.50000   6250298.00000      9569.69514 Case2_F162_NNE 4
INLINE-  2147483647 2147483647    513871.90600   6250327.00000      9830.96066 Case2_F162_NNE 4
INLINE-  2147483647 2147483647    513811.46900   6250356.50000     10114.82323 Case2_F162_NNE 4
INLINE-  2147483647 2147483647    513764.68800   6250379.50000     10330.22566 Case2_F162_NNE 4
INLINE-  2147483647 2147483647    513729.43800   6250396.50000     10515.28903 Case2_F162_NNE 4
INLINE-  2147483647 2147483647    513938.25000   6250232.50000      9093.39719 Case2_F162_NNE 5
INLINE-  2147483647 2147483647    513934.50000   6250234.50000      9350.80370 Case2_F162_NNE 5
INLINE-  2147483647 2147483647    513904.40600   6250249.00000      9635.56627 Case2_F162_NNE 5
INLINE-  2147483647 2147483647    513835.46900   6250282.50000      9899.27680 Case2_F162_NNE 5
INLINE-  2147483647 2147483647    513769.21900   6250315.00000     10164.80233 Case2_F162_NNE 5
INLINE-  2147483647 2147483647    513705.15600   6250346.50000     10471.76994 Case2_F162_NNE 5
INLINE-  2147483647 2147483647    513926.78100   6250207.00000      9097.83420 Case2_F162_NNE 6
INLINE-  2147483647 2147483647    513927.00000   6250207.00000      9343.60169 Case2_F162_NNE 6
INLINE-  2147483647 2147483647    513898.09400   6250221.00000      9552.67111 Case2_F162_NNE 6
INLINE-  2147483647 2147483647    513872.84400   6250233.50000      9740.90448 Case2_F162_NNE 6
INLINE-  2147483647 2147483647    513777.31200   6250280.00000     10055.86811 Case2_F162_NNE 6
INLINE-  2147483647 2147483647    513733.12500   6250301.50000     10264.69153 Case2_F162_NNE 6
INLINE-  2147483647 2147483647    513682.03100   6250326.50000     10486.88997 Case2_F162_NNE 6
INLINE-  2147483647 2147483647    513912.06200   6250177.00000      9097.83420 Case2_F162_NNE 7
INLINE-  2147483647 2147483647    513912.31200   6250177.00000      9343.60169 Case2_F162_NNE 7
INLINE-  2147483647 2147483647    513883.37500   6250191.00000      9552.67111 Case2_F162_NNE 7
INLINE-  2147483647 2147483647    513858.12500   6250203.00000      9740.90448 Case2_F162_NNE 7
INLINE-  2147483647 2147483647    513762.62500   6250250.00000     10055.86811 Case2_F162_NNE 7
INLINE-  2147483647 2147483647    513718.43800   6250271.50000     10264.69153 Case2_F162_NNE 7
INLINE-  2147483647 2147483647    513657.15600   6250301.50000     10523.17905 Case2_F162_NNE 7
