INLINE-  2147483647 2147483647    515645.93750   6248616.00000      8782.88768 Case1_F081_NS 1
INLINE-  2147483647 2147483647    515633.81250   6248606.50000      8857.35756 Case1_F081_NS 1
INLINE-  2147483647 2147483647    515598.37500   6248579.50000      9069.35798 Case1_F081_NS 1
INLINE-  2147483647 2147483647    515509.71875   6248511.50000      9517.23876 Case1_F081_NS 1
INLINE-  2147483647 2147483647    515330.84375   6248375.00000     10169.02034 Case1_F081_NS 1
INLINE-  2147483647 2147483647    515664.18750   6248598.50000      8779.71775 Case1_F081_NS 2
INLINE-  2147483647 2147483647    515641.37500   6248581.00000      8913.13794 Case1_F081_NS 2
INLINE-  2147483647 2147483647    515591.53125   6248543.00000      9197.09847 Case1_F081_NS 2
INLINE-  2147483647 2147483647    515477.87500   6248456.00000      9695.19908 Case1_F081_NS 2
INLINE-  2147483647 2147483647    515344.56250   6248354.00000     10173.72054 Case1_F081_NS 2
INLINE-  2147483647 2147483647    515694.62500   6248574.50000      8789.97754 Case1_F081_NS 3
INLINE-  2147483647 2147483647    515665.93750   6248552.50000      8930.40751 Case1_F081_NS 3
INLINE-  2147483647 2147483647    515625.12500   6248521.50000      9155.96851 Case1_F081_NS 3
INLINE-  2147483647 2147483647    515547.71875   6248462.00000      9517.23876 Case1_F081_NS 3
INLINE-  2147483647 2147483647    515368.84375   6248325.00000     10169.02034 Case1_F081_NS 3
INLINE-  2147483647 2147483647    515718.21875   6248545.50000      8803.13772 Case1_F081_NS 4
INLINE-  2147483647 2147483647    515652.09375   6248494.50000      9184.00860 Case1_F081_NS 4
INLINE-  2147483647 2147483647    515577.15625   6248437.50000      9538.89896 Case1_F081_NS 4
INLINE-  2147483647 2147483647    515404.40625   6248305.00000     10127.22045 Case1_F081_NS 4
INLINE-  2147483647 2147483647    515739.59375   6248514.50000      8873.84783 Case1_F081_NS 5
INLINE-  2147483647 2147483647    515679.93750   6248469.00000      9235.17863 Case1_F081_NS 5
INLINE-  2147483647 2147483647    515616.21875   6248420.00000      9517.07860 Case1_F081_NS 5
INLINE-  2147483647 2147483647    515436.62500   6248282.50000     10100.72040 Case1_F081_NS 5
INLINE-  2147483647 2147483647    515770.71875   6248491.00000      8865.09781 Case1_F081_NS 6
INLINE-  2147483647 2147483647    515714.65625   6248448.00000      9209.75865 Case1_F081_NS 6
INLINE-  2147483647 2147483647    515625.00000   6248379.50000      9635.18919 Case1_F081_NS 6
INLINE-  2147483647 2147483647    515459.62500   6248253.00000     10110.42061 Case1_F081_NS 6
INLINE-  2147483647 2147483647    515799.65625   6248466.00000      8878.03729 Case1_F081_NS 7
INLINE-  2147483647 2147483647    515737.71875   6248418.50000      9262.59860 Case1_F081_NS 7
INLINE-  2147483647 2147483647    515677.18750   6248372.50000      9519.35888 Case1_F081_NS 7
INLINE-  2147483647 2147483647    515482.81250   6248223.50000     10122.52025 Case1_F081_NS 7
INLINE-  2147483647 2147483647    515846.03125   6248407.00000      8942.30792 Case1_F081_NS 8
INLINE-  2147483647 2147483647    515781.40625   6248357.50000      9282.09864 Case1_F081_NS 8
INLINE-  2147483647 2147483647    515717.59375   6248309.00000      9545.97905 Case1_F081_NS 8
INLINE-  2147483647 2147483647    515543.46875   6248175.50000     10113.61984 Case1_F081_NS 8
INLINE-  2147483647 2147483647    515907.78125   6248360.00000      8934.37822 Case1_F081_NS 9
INLINE-  2147483647 2147483647    515758.37500   6248245.50000      9587.42933 Case1_F081_NS 9
INLINE-  2147483647 2147483647    515571.65625   6248102.50000     10132.52027 Case1_F081_NS 9
INLINE-  2147483647 2147483647    515959.40625   6248305.00000      8926.46805 Case1_F081_NS 10
INLINE-  2147483647 2147483647    515805.75000   6248187.50000      9574.18907 Case1_F081_NS 10
INLINE-  2147483647 2147483647    515622.40625   6248047.00000     10045.02009 Case1_F081_NS 10
INLINE-  2147483647 2147483647    515964.09375   6248214.00000      9102.89809 Case1_F081_NS 11
INLINE-  2147483647 2147483647    515898.87500   6248164.00000      9375.49922 Case1_F081_NS 11
INLINE-  2147483647 2147483647    515787.50000   6248079.00000      9709.23915 Case1_F081_NS 11
INLINE-  2147483647 2147483647    515659.84375   6247981.50000      9996.26999 Case1_F081_NS 11
INLINE-  2147483647 2147483647    515998.93750   6248146.50000      9031.88818 Case1_F081_NS 12
INLINE-  2147483647 2147483647    515942.84375   6248103.50000      9358.24919 Case1_F081_NS 12
INLINE-  2147483647 2147483647    515835.75000   6248021.50000      9638.30932 Case1_F081_NS 12
INLINE-  2147483647 2147483647    515703.90625   6247920.50000      9961.97012 Case1_F081_NS 12
INLINE-  2147483647 2147483647    516036.37500   6248080.50000      9002.56781 Case1_F081_NS 13
INLINE-  2147483647 2147483647    515971.56250   6248031.00000      9343.10853 Case1_F081_NS 13
INLINE-  2147483647 2147483647    515858.78125   6247944.50000      9671.63946 Case1_F081_NS 13
INLINE-  2147483647 2147483647    515759.50000   6247869.00000      9918.47003 Case1_F081_NS 13
INLINE-  2147483647 2147483647    516071.12500   6248013.00000      8988.10782 Case1_F081_NS 14
INLINE-  2147483647 2147483647    516009.78125   6247966.00000      9281.72852 Case1_F081_NS 14
INLINE-  2147483647 2147483647    515924.00000   6247900.00000      9570.72910 Case1_F081_NS 14
INLINE-  2147483647 2147483647    515832.87500   6247830.50000      9822.05968 Case1_F081_NS 14
INLINE-  2147483647 2147483647    516118.09375   6247954.50000      8944.80793 Case1_F081_NS 15
INLINE-  2147483647 2147483647    516050.37500   6247902.50000      9200.90805 Case1_F081_NS 15
INLINE-  2147483647 2147483647    515993.90625   6247859.50000      9410.68874 Case1_F081_NS 15
INLINE-  2147483647 2147483647    515906.06250   6247792.00000      9661.49979 Case1_F081_NS 15
