INLINE-  2147483647 2147483647    518277.21900   6247954.50000      9447.20889 Case1_F134_EW 1
INLINE-  2147483647 2147483647    518277.96900   6247953.50000      9840.40968 Case1_F134_EW 1
INLINE-  2147483647 2147483647    518265.25000   6247970.00000     10231.71946 Case1_F134_EW 1
INLINE-  2147483647 2147483647    518243.12500   6247999.00000     10645.12129 Case1_F134_EW 1
INLINE-  2147483647 2147483647    518223.28100   6248025.00000     10978.02196 Case1_F134_EW 1
INLINE-  2147483647 2147483647    518258.21900   6247938.00000      9454.85891 Case1_F134_EW 2
INLINE-  2147483647 2147483647    518258.21900   6247938.00000      9836.69967 Case1_F134_EW 2
INLINE-  2147483647 2147483647    518255.15600   6247942.00000     10037.32007 Case1_F134_EW 2
INLINE-  2147483647 2147483647    518231.50000   6247973.00000     10463.62093 Case1_F134_EW 2
INLINE-  2147483647 2147483647    518191.31200   6248025.50000     10999.52200 Case1_F134_EW 2
INLINE-  2147483647 2147483647    518210.12500   6247898.00000      9522.54805 Case1_F134_EW 3
INLINE-  2147483647 2147483647    518202.46900   6247908.00000     10008.92002 Case1_F134_EW 3
INLINE-  2147483647 2147483647    518182.62500   6247934.00000     10492.82099 Case1_F134_EW 3
INLINE-  2147483647 2147483647    518150.81200   6247975.50000     10972.12194 Case1_F134_EW 3
INLINE-  2147483647 2147483647    518166.53100   6247852.00000      9589.18918 Case1_F134_EW 4
INLINE-  2147483647 2147483647    518152.03100   6247871.00000     10033.62007 Case1_F134_EW 4
INLINE-  2147483647 2147483647    518140.59400   6247886.00000     10458.42092 Case1_F134_EW 4
INLINE-  2147483647 2147483647    518114.12500   6247920.50000     10918.22184 Case1_F134_EW 4
INLINE-  2147483647 2147483647    518144.21900   6247778.50000      9631.52926 Case1_F134_EW 5
INLINE-  2147483647 2147483647    518125.90600   6247802.50000     10040.12008 Case1_F134_EW 5
INLINE-  2147483647 2147483647    518107.81200   6247826.00000     10459.92092 Case1_F134_EW 5
INLINE-  2147483647 2147483647    518091.78100   6247847.00000     10662.12132 Case1_F134_EW 5
INLINE-  2147483647 2147483647    518112.87500   6247716.50000      9645.74929 Case1_F134_EW 6
INLINE-  2147483647 2147483647    518090.75000   6247745.50000     10046.42009 Case1_F134_EW 6
INLINE-  2147483647 2147483647    518077.78100   6247762.50000     10441.31988 Case1_F134_EW 6
INLINE-  2147483647 2147483647    518053.59400   6247794.00000     10741.22148 Case1_F134_EW 6
INLINE-  2147483647 2147483647    518068.40600   6247672.00000      9543.65909 Case1_F134_EW 7
INLINE-  2147483647 2147483647    518068.40600   6247672.00000     10041.22008 Case1_F134_EW 7
INLINE-  2147483647 2147483647    518059.50000   6247683.50000     10439.72088 Case1_F134_EW 7
INLINE-  2147483647 2147483647    518035.81200   6247714.50000     10909.82182 Case1_F134_EW 7
INLINE-  2147483647 2147483647    518028.65600   6247621.00000      9537.81908 Case1_F134_EW 8
INLINE-  2147483647 2147483647    518025.59400   6247625.00000     10040.12008 Case1_F134_EW 8
INLINE-  2147483647 2147483647    518012.09400   6247642.50000     10437.42087 Case1_F134_EW 8
INLINE-  2147483647 2147483647    517999.12500   6247659.50000     10863.42173 Case1_F134_EW 8
INLINE-  2147483647 2147483647    517969.12500   6247596.00000      9528.23906 Case1_F134_EW 9
INLINE-  2147483647 2147483647    517972.90600   6247591.00000     10051.92010 Case1_F134_EW 9
INLINE-  2147483647 2147483647    517962.46900   6247604.50000     10437.42087 Case1_F134_EW 9
INLINE-  2147483647 2147483647    517955.59400   6247613.50000     10791.02158 Case1_F134_EW 9
INLINE-  2147483647 2147483647    517913.40600   6247566.00000      9503.63901 Case1_F134_EW 10
INLINE-  2147483647 2147483647    517927.15600   6247548.00000     10061.71912 Case1_F134_EW 10
INLINE-  2147483647 2147483647    517903.75000   6247578.50000     10793.32159 Case1_F134_EW 10
INLINE-  2147483647 2147483647    517869.12500   6247521.00000      9618.81824 Case1_F134_EW 11
INLINE-  2147483647 2147483647    517884.37500   6247501.00000     10054.92011 Case1_F134_EW 11
INLINE-  2147483647 2147483647    517848.75000   6247547.50000     10687.12137 Case1_F134_EW 11
INLINE-  2147483647 2147483647    517827.84400   6247472.00000      9653.50931 Case1_F134_EW 12
INLINE-  2147483647 2147483647    517839.31200   6247457.00000     10042.32008 Case1_F134_EW 12
INLINE-  2147483647 2147483647    517798.34400   6247510.50000     10546.92109 Case1_F134_EW 12
INLINE-  2147483647 2147483647    517785.06200   6247425.00000      9689.03938 Case1_F134_EW 13
INLINE-  2147483647 2147483647    517793.46900   6247414.00000     10049.82010 Case1_F134_EW 13
INLINE-  2147483647 2147483647    517749.43800   6247471.50000     10507.82102 Case1_F134_EW 13
INLINE-  2147483647 2147483647    517746.09400   6247373.00000      9687.18937 Case1_F134_EW 14
INLINE-  2147483647 2147483647    517746.09400   6247373.00000     10057.32011 Case1_F134_EW 14
INLINE-  2147483647 2147483647    517691.40600   6247444.50000     10447.92090 Case1_F134_EW 14
